1982, 1, 0.314,297.91, 63.51, 47.39, 55.45,
1982, 2, 0.299,298.61, 61.17, 47.22, 54.19,
1982, 3, 0.281,299.10, 57.54, 51.40, 54.47,
1982, 4, 0.263,299.70, 54.29, 52.57, 53.43,
1982, 5, 0.244,300.27, 49.72, 54.23, 51.97,
1982, 6, 0.223,300.37, 43.56, 60.25, 51.91,
1982, 7, 0.208,300.62, 40.32, 63.08, 51.70,
1982, 8, 0.200,301.20, 40.18, 61.18, 50.68,
1982, 9, 0.196,301.48, 41.99, 60.62, 51.30,
1982,10, 0.194,301.55, 44.31, 59.22, 51.76,
1982,11, 0.195,301.37, 46.91, 58.45, 52.68,
1982,12, 0.195,300.75, 49.28, 60.23, 54.75,
1982,13, 0.199,299.71, 53.69, 62.25, 57.97,
1982,14, 0.206,298.53, 57.53, 63.58, 60.55,
1982,15, 0.215,297.93, 61.22, 59.37, 60.29,
1982,16, 0.225,297.19, 63.77, 55.34, 59.55,
1982,17, 0.233,296.20, 64.71, 53.91, 59.31,
1982,18, 0.240,295.54, 64.19, 50.30, 57.25,
1982,19, 0.240,294.38, 60.53, 48.94, 54.74,
1982,20, 0.243,293.51, 56.60, 47.58, 52.09,
1982,21, 0.245,292.67, 53.75, 46.69, 50.22,
1982,22, 0.245,291.37, 50.34, 50.26, 50.30,
1982,23, 0.244,290.58, 47.77, 50.49, 49.13,
1982,24, 0.241,289.68, 44.04, 51.89, 47.96,
1982,25, 0.234,288.55, 39.58, 55.76, 47.67,
1982,26, 0.233,287.88, 38.17, 57.19, 47.68,
1982,27, 0.231,287.62, 38.09, 56.11, 47.10,
1982,28, 0.230,287.75, 38.14, 52.92, 45.53,
1982,29, 0.226,287.23, 38.13, 52.00, 45.07,
1982,30, 0.222,286.65, 39.05, 49.90, 44.47,
1982,31, 0.220,286.88, 40.65, 43.49, 42.07,
1982,32, 0.210,286.43, 38.74, 41.55, 40.14,
1982,33, 0.202,285.95, 36.14, 41.47, 38.80,
1982,34, 0.197,285.95, 34.95, 40.56, 37.75,
1982,35, 0.192,285.78, 32.37, 41.55, 36.96,
1982,36, 0.194,286.17, 32.08, 40.31, 36.20,
1982,37, 0.201,286.71, 33.87, 38.36, 36.12,
1982,38, 0.215,287.65, 37.90, 35.08, 36.49,
1982,39, 0.236,289.31, 43.69, 29.02, 36.35,
1982,40, 0.257,290.89, 48.30, 23.34, 35.82,
1982,41, 0.275,292.02, 51.30, 21.76, 36.53,
1982,42, 0.292,292.76, 53.73, 22.69, 38.21,
1982,43, 0.308,293.43, 56.70, 23.91, 40.31,
1982,44, 0.321,294.17, 58.82, 23.27, 41.04,
1982,45, 0.329,294.43, 58.88, 26.74, 42.81,
1982,46, 0.333,294.81, 58.18, 29.29, 43.74,
1982,47, 0.335,295.37, 57.70, 29.96, 43.83,
1982,48, 0.334,295.72, 56.89, 33.32, 45.10,
1982,49, 0.332,296.02, 56.58, 35.97, 46.28,
1982,50, 0.328,296.56, 59.34, 37.29, 48.31,
1982,51, 0.318,297.08, 57.91, 39.27, 48.59,
1982,52, 0.304,297.57, 54.48, 42.26, 48.37,
1983, 1, 0.287,298.17, 45.67, 44.80, 45.23,
1983, 2, 0.270,298.84, 42.11, 45.15, 43.63,
1983, 3, 0.253,299.51, 38.76, 47.18, 42.97,
1983, 4, 0.238,300.40, 37.18, 45.01, 41.09,
1983, 5, 0.224,301.29, 35.31, 42.85, 39.08,
1983, 6, 0.210,302.07, 33.18, 41.13, 37.16,
1983, 7, 0.197,302.76, 30.90, 38.93, 34.91,
1983, 8, 0.187,303.41, 29.41, 36.79, 33.10,
1983, 9, 0.180,304.00, 29.52, 33.60, 31.56,
1983,10, 0.173,304.27, 28.68, 32.62, 30.65,
1983,11, 0.167,304.70, 26.97, 28.65, 27.81,
1983,12, 0.161,305.11, 25.52, 22.03, 23.77,
1983,13, 0.156,305.32, 24.28, 14.64, 19.46,
1983,14, 0.150,304.70, 21.06, 12.87, 16.97,
1983,15, 0.146,303.62, 18.55, 13.26, 15.91,
1983,16, 0.145,302.20, 17.18, 15.20, 16.19,
1983,17, 0.151,300.73, 18.05, 17.51, 17.78,
1983,18, 0.162,299.63, 21.01, 17.12, 19.07,
1983,19, 0.176,298.21, 24.49, 17.78, 21.13,
1983,20, 0.191,297.19, 28.74, 17.60, 23.17,
1983,21, 0.204,296.19, 32.26, 17.81, 25.03,
1983,22, 0.218,295.29, 36.30, 17.36, 26.83,
1983,23, 0.230,294.43, 40.28, 18.50, 29.39,
1983,24, 0.237,293.23, 42.24, 23.12, 32.68,
1983,25, 0.243,292.45, 44.16, 25.04, 34.60,
1983,26, 0.247,291.84, 46.19, 26.23, 36.21,
1983,27, 0.243,290.08, 44.86, 36.56, 40.71,
1983,28, 0.239,288.61, 43.48, 45.14, 44.31,
1983,29, 0.233,287.42, 42.34, 47.93, 45.13,
1983,30, 0.224,285.72, 40.31, 51.79, 46.05,
1983,31, 0.216,284.39, 38.67, 53.54, 46.11,
1983,32, 0.205,282.56, 35.99, 56.58, 46.29,
1983,33, 0.203,282.06, 35.98, 55.40, 45.69,
1983,34, 0.211,282.99, 40.25, 49.96, 45.11,
1983,35, 0.222,284.15, 44.98, 45.75, 45.37,
1983,36, 0.231,285.37, 48.31, 42.21, 45.26,
1983,37, 0.231,285.39, 46.83, 44.11, 45.47,
1983,38, 0.231,285.48, 44.75, 46.08, 45.42,
1983,39, 0.234,285.64, 43.19, 48.92, 46.06,
1983,40, 0.242,285.86, 42.39, 53.42, 47.90,
1983,41, 0.260,286.98, 45.04, 55.33, 50.18,
1983,42, 0.285,288.72, 51.21, 52.63, 51.92,
1983,43, 0.304,289.87, 55.84, 52.01, 53.93,
1983,44, 0.322,291.04, 60.41, 49.42, 54.92,
1983,45, 0.333,291.44, 62.65, 53.62, 58.13,
1983,46, 0.343,292.12, 65.38, 54.76, 60.07,
1983,47, 0.352,293.28, 69.02, 51.19, 60.10,
1983,48, 0.355,294.08, 70.14, 50.52, 60.33,
1983,49, 0.352,294.59, 68.91, 50.39, 59.65,
1983,50, 0.347,295.02, 71.26, 53.12, 62.19,
1983,51, 0.337,295.46, 69.43, 56.66, 63.04,
1983,52, 0.324,295.79, 66.00, 61.82, 63.91,
1984, 1, 0.308,296.25, 59.92, 66.86, 63.39,
1984, 2, 0.292,296.64, 56.56, 70.29, 63.42,
1984, 3, 0.275,297.23, 53.34, 74.00, 63.67,
1984, 4, 0.256,297.78, 49.04, 75.29, 62.17,
1984, 5, 0.240,298.43, 46.48, 75.98, 61.23,
1984, 6, 0.227,298.89, 44.83, 77.36, 61.10,
1984, 7, 0.217,299.68, 44.79, 73.93, 59.36,
1984, 8, 0.210,300.55, 45.11, 68.73, 56.92,
1984, 9, 0.202,300.74, 43.89, 68.44, 56.17,
1984,10, 0.197,300.70, 44.13, 67.46, 55.79,
1984,11, 0.197,300.68, 46.63, 64.68, 55.65,
1984,12, 0.195,300.15, 47.99, 65.20, 56.60,
1984,13, 0.194,299.16, 48.63, 66.20, 57.41,
1984,14, 0.197,297.93, 49.93, 67.25, 58.59,
1984,15, 0.205,296.79, 52.87, 66.87, 59.87,
1984,16, 0.218,295.87, 57.70, 63.88, 60.79,
1984,17, 0.232,294.75, 61.45, 63.28, 62.36,
1984,18, 0.246,293.71, 65.01, 63.17, 64.09,
1984,19, 0.256,292.38, 66.93, 63.82, 65.37,
1984,20, 0.267,291.52, 67.58, 62.67, 65.12,
1984,21, 0.273,290.86, 67.29, 60.50, 63.89,
1984,22, 0.275,289.86, 65.14, 61.01, 63.07,
1984,23, 0.277,289.17, 63.37, 60.41, 61.89,
1984,24, 0.279,288.72, 62.56, 58.82, 60.69,
1984,25, 0.280,288.47, 62.06, 56.40, 59.23,
1984,26, 0.281,288.40, 62.15, 53.87, 58.01,
1984,27, 0.280,288.05, 62.30, 53.66, 57.98,
1984,28, 0.275,287.40, 60.68, 55.35, 58.01,
1984,29, 0.261,285.85, 56.12, 59.72, 57.92,
1984,30, 0.244,284.15, 50.91, 62.38, 56.65,
1984,31, 0.229,282.85, 46.51, 62.92, 54.71,
1984,32, 0.215,281.00, 42.33, 64.20, 53.26,
1984,33, 0.212,280.05, 41.81, 62.94, 52.37,
1984,34, 0.215,279.84, 43.45, 59.81, 51.63,
1984,35, 0.222,280.20, 46.40, 54.60, 50.50,
1984,36, 0.234,280.83, 50.88, 49.26, 50.07,
1984,37, 0.244,281.31, 53.38, 46.17, 49.78,
1984,38, 0.257,282.49, 57.07, 41.39, 49.23,
1984,39, 0.272,283.99, 60.17, 38.11, 49.14,
1984,40, 0.285,285.46, 62.11, 36.29, 49.20,
1984,41, 0.296,286.77, 62.85, 38.56, 50.70,
1984,42, 0.305,287.78, 62.55, 44.52, 53.53,
1984,43, 0.320,289.47, 65.69, 43.23, 54.46,
1984,44, 0.335,291.15, 68.44, 40.02, 54.23,
1984,45, 0.341,291.83, 68.37, 44.46, 56.42,
1984,46, 0.348,292.65, 69.46, 46.02, 57.74,
1984,47, 0.352,293.16, 70.34, 49.16, 59.75,
1984,48, 0.353,293.33, 70.30, 55.08, 62.69,
1984,49, 0.354,293.69, 71.50, 56.78, 64.14,
1984,50,-1.000, -1.00, -1.00, -1.00, -1.00,
1984,51,-1.000, -1.00, -1.00, -1.00, -1.00,
1984,52,-1.000, -1.00, -1.00, -1.00, -1.00,
1985, 1,-1.000, -1.00, -1.00, -1.00, -1.00,
1985, 2,-1.000, -1.00, -1.00, -1.00, -1.00,
1985, 3,-1.000, -1.00, -1.00, -1.00, -1.00,
1985, 4,-1.000, -1.00, -1.00, -1.00, -1.00,
1985, 5,-1.000, -1.00, -1.00, -1.00, -1.00,
1985, 6,-1.000, -1.00, -1.00, -1.00, -1.00,
1985, 7,-1.000, -1.00, -1.00, -1.00, -1.00,
1985, 8,-1.000, -1.00, -1.00, -1.00, -1.00,
1985, 9, 0.175,295.58, 28.94, 91.14, 60.04,
1985,10, 0.178,296.59, 33.26, 88.38, 60.82,
1985,11, 0.184,298.21, 39.32, 80.23, 59.78,
1985,12, 0.189,299.39, 44.78, 70.32, 57.55,
1985,13, 0.193,299.99, 49.03, 59.39, 54.21,
1985,14, 0.196,299.54, 50.52, 55.02, 52.77,
1985,15, 0.201,298.51, 51.33, 54.34, 52.83,
1985,16, 0.210,297.24, 53.34, 54.40, 53.87,
1985,17, 0.222,295.85, 56.50, 55.80, 56.15,
1985,18, 0.232,294.08, 57.91, 60.88, 59.39,
1985,19, 0.244,292.62, 60.01, 62.17, 61.09,
1985,20, 0.257,291.86, 62.11, 60.18, 61.14,
1985,21, 0.269,291.30, 64.43, 57.07, 60.75,
1985,22, 0.276,290.29, 64.96, 57.67, 61.32,
1985,23, 0.280,289.10, 64.10, 60.88, 62.49,
1985,24, 0.284,288.82, 64.41, 57.48, 60.95,
1985,25, 0.287,288.99, 64.81, 51.95, 58.38,
1985,26, 0.289,289.20, 65.74, 47.42, 56.58,
1985,27, 0.295,290.18, 69.15, 37.51, 53.33,
1985,28, 0.301,291.19, 72.27, 27.87, 50.07,
1985,29, 0.301,291.40, 73.60, 22.61, 48.10,
1985,30, 0.293,290.56, 72.50, 23.49, 47.99,
1985,31, 0.282,289.52, 70.06, 26.82, 48.44,
1985,32, 0.274,288.98, 67.90, 26.91, 47.40,
1985,33, 0.265,288.35, 64.68, 27.78, 46.23,
1985,34, 0.254,287.39, 60.00, 31.92, 45.96,
1985,35, 0.249,286.90, 57.23, 34.19, 45.71,
1985,36, 0.247,286.59, 54.86, 35.17, 45.01,
1985,37, 0.247,286.70, 53.03, 34.27, 43.65,
1985,38, 0.245,286.60, 49.79, 36.02, 42.91,
1985,39, 0.249,287.23, 48.33, 36.42, 42.37,
1985,40, 0.260,288.57, 49.21, 33.90, 41.55,
1985,41, 0.274,289.97, 50.32, 32.46, 41.39,
1985,42, 0.287,290.84, 51.09, 35.04, 43.06,
1985,43, 0.300,291.60, 52.85, 37.37, 45.11,
1985,44, 0.311,292.44, 54.16, 36.81, 45.48,
1985,45, 0.321,293.28, 55.18, 36.12, 45.65,
1985,46, 0.326,293.72, 54.94, 38.25, 46.59,
1985,47, 0.328,294.15, 54.79, 41.13, 47.96,
1985,48, 0.332,294.92, 56.34, 40.71, 48.53,
1985,49, 0.331,295.62, 57.26, 39.06, 48.16,
1985,50, 0.329,296.35, 61.29, 38.67, 49.98,
1985,51, 0.322,296.77, 61.30, 42.04, 51.67,
1985,52, 0.313,297.30, 60.71, 44.91, 52.81,
1986, 1, 0.302,297.97, 57.64, 46.87, 52.25,
1986, 2, 0.292,298.62, 57.09, 47.46, 52.28,
1986, 3, 0.283,299.49, 57.90, 47.22, 52.56,
1986, 4, 0.273,300.53, 58.36, 43.43, 50.89,
1986, 5, 0.261,301.30, 58.09, 42.95, 50.52,
1986, 6, 0.252,301.96, 58.39, 42.84, 50.61,
1986, 7, 0.243,302.36, 58.42, 44.01, 51.22,
1986, 8, 0.235,302.39, 58.47, 48.43, 53.45,
1986, 9, 0.225,302.18, 57.08, 53.35, 55.22,
1986,10, 0.214,301.97, 54.93, 55.14, 55.03,
1986,11, 0.203,301.77, 52.22, 54.88, 53.55,
1986,12, 0.190,301.19, 47.31, 56.39, 51.85,
1986,13, 0.177,300.28, 41.22, 57.39, 49.30,
1986,14, 0.171,299.29, 36.16, 57.31, 46.74,
1986,15, 0.172,298.49, 34.75, 54.52, 44.64,
1986,16, 0.180,297.73, 36.75, 50.50, 43.62,
1986,17, 0.187,296.32, 37.33, 52.08, 44.71,
1986,18, 0.196,294.78, 38.40, 55.24, 46.82,
1986,19, 0.208,293.44, 40.72, 54.99, 47.85,
1986,20, 0.224,292.96, 44.48, 50.42, 47.45,
1986,21, 0.239,292.40, 48.88, 47.59, 48.23,
1986,22, 0.253,292.09, 53.33, 43.43, 48.38,
1986,23, 0.268,292.48, 58.96, 34.24, 46.60,
1986,24, 0.281,292.99, 64.10, 24.76, 44.43,
1986,25, 0.281,292.17, 62.79, 27.25, 45.02,
1986,26, 0.274,290.94, 58.97, 33.86, 46.42,
1986,27, 0.266,289.95, 55.55, 38.38, 46.96,
1986,28, 0.261,289.63, 53.26, 38.39, 45.83,
1986,29, 0.248,288.25, 48.70, 43.62, 46.16,
1986,30, 0.233,286.71, 43.56, 47.38, 45.47,
1986,31, 0.221,285.87, 40.19, 46.89, 43.54,
1986,32, 0.212,284.93, 38.32, 46.12, 42.22,
1986,33, 0.208,284.56, 37.23, 44.82, 41.02,
1986,34, 0.200,283.55, 34.31, 48.63, 41.47,
1986,35, 0.198,283.51, 33.20, 48.68, 40.94,
1986,36, 0.204,284.33, 35.26, 44.82, 40.04,
1986,37, 0.218,285.70, 39.72, 37.68, 38.70,
1986,38, 0.225,286.50, 40.99, 35.35, 38.17,
1986,39, 0.234,287.57, 41.75, 33.81, 37.78,
1986,40, 0.248,288.96, 44.10, 30.80, 37.45,
1986,41, 0.267,290.28, 47.56, 29.54, 38.55,
1986,42, 0.276,290.40, 46.37, 37.31, 41.84,
1986,43, 0.288,291.07, 47.27, 40.13, 43.70,
1986,44, 0.302,291.78, 49.21, 40.97, 45.09,
1986,45, 0.314,292.36, 51.82, 42.93, 47.38,
1986,46, 0.326,293.27, 55.64, 41.95, 48.80,
1986,47, 0.333,293.88, 57.55, 43.35, 50.45,
1986,48, 0.341,294.78, 61.81, 41.58, 51.69,
1986,49, 0.347,295.83, 65.79, 36.53, 51.16,
1986,50, 0.348,297.06, 71.41, 31.37, 51.39,
1986,51, 0.342,298.01, 71.20, 29.18, 50.19,
1986,52, 0.330,298.59, 68.48, 30.72, 49.60,
1987, 1, 0.319,299.45, 65.58, 29.82, 47.70,
1987, 2, 0.305,300.03, 63.09, 31.18, 47.14,
1987, 3, 0.285,300.37, 57.95, 36.85, 47.40,
1987, 4, 0.270,301.28, 56.59, 34.56, 45.57,
1987, 5, 0.257,302.30, 56.36, 30.71, 43.54,
1987, 6, 0.240,302.90, 52.74, 31.21, 41.98,
1987, 7, 0.224,303.24, 48.41, 33.33, 40.87,
1987, 8, 0.210,303.54, 44.38, 35.06, 39.72,
1987, 9, 0.201,303.98, 43.50, 33.44, 38.47,
1987,10, 0.195,304.23, 43.22, 32.53, 37.88,
1987,11, 0.191,304.17, 42.61, 32.96, 37.79,
1987,12, 0.188,304.07, 43.43, 30.78, 37.11,
1987,13, 0.188,304.03, 44.36, 25.09, 34.72,
1987,14, 0.188,303.40, 43.96, 23.03, 33.49,
1987,15, 0.187,302.16, 41.60, 24.49, 33.04,
1987,16, 0.190,300.67, 40.67, 26.85, 33.76,
1987,17, 0.197,299.73, 41.41, 24.99, 33.20,
1987,18, 0.206,298.97, 41.93, 22.07, 32.00,
1987,19, 0.212,297.66, 41.43, 21.82, 31.63,
1987,20, 0.214,295.83, 38.38, 28.07, 33.22,
1987,21, 0.219,294.53, 37.07, 30.97, 34.02,
1987,22, 0.223,293.14, 36.43, 35.05, 35.74,
1987,23, 0.224,291.66, 34.92, 40.78, 37.85,
1987,24, 0.225,290.37, 33.94, 45.11, 39.53,
1987,25, 0.225,289.36, 33.29, 47.48, 40.38,
1987,26, 0.226,289.01, 33.98, 45.75, 39.86,
1987,27, 0.225,288.34, 34.52, 46.80, 40.66,
1987,28, 0.226,288.29, 36.59, 44.79, 40.69,
1987,29, 0.232,288.58, 41.02, 39.04, 40.03,
1987,30, 0.238,289.25, 46.09, 29.89, 37.99,
1987,31, 0.242,289.77, 49.83, 23.55, 36.69,
1987,32, 0.246,290.11, 53.41, 18.80, 36.11,
1987,33, 0.245,289.78, 53.73, 18.11, 35.92,
1987,34, 0.244,289.65, 53.79, 17.67, 35.73,
1987,35, 0.243,289.16, 53.22, 19.08, 36.15,
1987,36, 0.243,288.84, 52.48, 20.40, 36.44,
1987,37, 0.248,288.97, 53.21, 19.58, 36.39,
1987,38, 0.255,289.25, 54.19, 19.42, 36.80,
1987,39, 0.264,289.81, 55.28, 20.53, 37.91,
1987,40, 0.277,290.52, 56.78, 21.70, 39.24,
1987,41, 0.291,291.35, 58.40, 23.02, 40.71,
1987,42, 0.305,292.01, 59.99, 25.61, 42.80,
1987,43, 0.315,292.12, 60.30, 31.87, 46.08,
1987,44, 0.322,292.34, 59.66, 37.56, 48.61,
1987,45, 0.330,292.68, 60.23, 42.11, 51.17,
1987,46, 0.338,292.90, 62.45, 46.57, 54.51,
1987,47, 0.345,293.26, 65.16, 50.23, 57.70,
1987,48, 0.350,293.92, 67.76, 51.00, 59.38,
1987,49, 0.350,294.50, 68.46, 50.40, 59.43,
1987,50, 0.348,295.26, 73.07, 49.87, 61.47,
1987,51, 0.344,296.19, 74.03, 48.35, 61.19,
1987,52, 0.335,297.15, 73.13, 46.58, 59.85,
1988, 1, 0.324,298.09, 69.50, 45.31, 57.41,
1988, 2, 0.308,298.98, 66.41, 43.10, 54.75,
1988, 3, 0.290,299.79, 62.68, 43.42, 53.05,
1988, 4, 0.270,300.31, 57.74, 45.37, 51.55,
1988, 5, 0.250,300.52, 52.57, 51.33, 51.95,
1988, 6, 0.232,300.47, 48.33, 59.16, 53.74,
1988, 7, 0.219,300.76, 46.84, 61.59, 54.22,
1988, 8, 0.208,300.85, 44.91, 65.18, 55.04,
1988, 9, 0.198,300.67, 42.63, 68.84, 55.74,
1988,10, 0.188,300.43, 39.58, 69.23, 54.40,
1988,11, 0.181,300.03, 37.52, 69.09, 53.31,
1988,12, 0.176,299.22, 36.43, 71.35, 53.89,
1988,13, 0.175,298.24, 37.29, 71.81, 54.55,
1988,14, 0.181,297.29, 41.05, 70.74, 55.89,
1988,15, 0.191,296.41, 45.73, 68.76, 57.25,
1988,16, 0.204,295.37, 50.26, 66.81, 58.53,
1988,17, 0.218,294.47, 54.66, 64.39, 59.52,
1988,18, 0.236,293.81, 59.89, 61.10, 60.50,
1988,19, 0.254,293.37, 65.34, 54.46, 59.90,
1988,20, 0.272,293.36, 69.33, 46.75, 58.04,
1988,21, 0.285,293.27, 72.18, 40.48, 56.33,
1988,22, 0.292,292.86, 72.45, 37.11, 54.78,
1988,23, 0.297,292.80, 72.52, 32.11, 52.31,
1988,24, 0.299,292.45, 71.32, 29.56, 50.44,
1988,25, 0.293,291.66, 67.90, 31.80, 49.85,
1988,26, 0.287,291.04, 64.85, 33.58, 49.21,
1988,27, 0.281,290.58, 62.57, 34.04, 48.31,
1988,28, 0.276,290.25, 60.69, 34.64, 47.66,
1988,29, 0.267,289.56, 58.33, 35.86, 47.10,
1988,30, 0.259,288.94, 57.01, 34.76, 45.89,
1988,31, 0.253,288.49, 56.46, 33.90, 45.18,
1988,32, 0.254,288.32, 58.89, 31.54, 45.22,
1988,33, 0.259,288.51, 62.07, 28.50, 45.29,
1988,34, 0.264,288.74, 64.33, 26.50, 45.42,
1988,35, 0.262,288.52, 63.51, 27.91, 45.71,
1988,36, 0.258,288.34, 60.37, 29.86, 45.12,
1988,37, 0.245,287.50, 53.49, 34.42, 43.95,
1988,38, 0.229,286.28, 44.82, 41.06, 42.94,
1988,39, 0.215,285.00, 36.78, 48.53, 42.65,
1988,40, 0.214,284.77, 32.47, 53.96, 43.22,
1988,41, 0.207,284.82, 25.88, 61.35, 43.61,
1988,42, 0.223,286.18, 26.27, 63.61, 44.94,
1988,43, 0.241,287.58, 27.50, 64.82, 46.16,
1988,44, 0.263,288.97, 30.26, 64.50, 47.38,
1988,45, 0.287,290.19, 36.73, 63.58, 50.15,
1988,46, 0.312,291.64, 46.45, 58.81, 52.63,
1988,47, 0.330,293.13, 54.56, 51.67, 53.11,
1988,48, 0.342,294.72, 60.69, 43.16, 51.93,
1988,49, 0.344,296.04, 62.77, 35.75, 49.26,
1988,50, 0.342,297.16, 66.56, 31.14, 48.85,
1988,51, 0.330,298.10, 63.35, 28.33, 45.84,
1988,52, 0.315,298.84, 59.16, 27.78, 43.47,
1989, 1, 0.301,299.49, 53.46, 28.99, 41.23,
1989, 2, 0.284,300.08, 49.64, 30.18, 39.91,
1989, 3, 0.271,301.00, 48.74, 29.10, 38.92,
1989, 4, 0.258,301.78, 48.43, 28.52, 38.48,
1989, 5, 0.246,302.30, 48.05, 30.41, 39.23,
1989, 6, 0.235,302.70, 48.55, 33.12, 40.83,
1989, 7, 0.225,302.93, 49.03, 36.52, 42.78,
1989, 8, 0.216,302.97, 48.85, 41.25, 45.05,
1989, 9, 0.209,302.79, 49.75, 46.22, 47.99,
1989,10, 0.204,302.21, 50.31, 51.99, 51.15,
1989,11, 0.201,301.41, 51.30, 57.20, 54.25,
1989,12, 0.202,300.78, 54.46, 59.34, 56.90,
1989,13, 0.204,300.00, 56.65, 59.18, 57.91,
1989,14, 0.207,299.21, 58.17, 57.50, 57.83,
1989,15, 0.212,298.79, 59.09, 51.88, 55.48,
1989,16, 0.221,298.78, 60.89, 42.46, 51.67,
1989,17, 0.227,298.22, 59.71, 37.57, 48.64,
1989,18, 0.232,297.35, 57.61, 35.29, 46.45,
1989,19, 0.236,296.29, 56.02, 32.99, 44.51,
1989,20, 0.241,295.09, 54.32, 34.05, 44.18,
1989,21, 0.249,294.11, 54.59, 34.13, 44.36,
1989,22, 0.257,293.52, 56.09, 31.49, 43.79,
1989,23, 0.268,293.42, 59.42, 26.36, 42.89,
1989,24, 0.277,293.37, 62.04, 21.58, 41.81,
1989,25, 0.283,293.25, 63.14, 18.32, 40.73,
1989,26, 0.284,293.02, 63.24, 16.99, 40.12,
1989,27, 0.280,292.41, 61.62, 18.90, 40.26,
1989,28, 0.276,291.99, 60.03, 20.98, 40.50,
1989,29, 0.272,291.48, 59.70, 21.84, 40.77,
1989,30, 0.263,290.56, 57.95, 23.47, 40.71,
1989,31, 0.257,290.13, 57.57, 23.19, 40.38,
1989,32, 0.256,290.19, 58.74, 20.37, 39.55,
1989,33, 0.252,290.02, 57.91, 19.62, 38.77,
1989,34, 0.248,289.97, 56.67, 19.78, 38.22,
1989,35, 0.246,290.12, 55.91, 19.37, 37.64,
1989,36, 0.250,290.61, 56.60, 17.42, 37.01,
1989,37, 0.253,290.86, 56.13, 16.46, 36.30,
1989,38, 0.256,291.00, 55.29, 16.88, 36.08,
1989,39, 0.264,291.52, 55.82, 16.75, 36.29,
1989,40, 0.275,292.18, 56.62, 15.94, 36.28,
1989,41, 0.290,292.87, 58.42, 16.15, 37.28,
1989,42, 0.307,293.61, 61.46, 16.08, 38.77,
1989,43, 0.325,294.34, 65.73, 15.86, 40.80,
1989,44, 0.343,295.17, 70.90, 14.11, 42.50,
1989,45, 0.359,295.98, 75.77, 12.11, 43.94,
1989,46, 0.367,296.42, 77.28, 13.49, 45.38,
1989,47, 0.368,296.84, 76.58, 15.86, 46.22,
1989,48, 0.367,297.52, 75.29, 15.58, 45.43,
1989,49, 0.362,298.22, 73.23, 14.30, 43.77,
1989,50, 0.351,298.85, 72.67, 14.04, 43.36,
1989,51, 0.336,299.44, 67.94, 14.08, 41.01,
1989,52, 0.318,300.01, 62.15, 14.86, 38.50,
1990, 1, 0.299,300.63, 53.15, 15.94, 34.55,
1990, 2, 0.281,301.31, 48.43, 16.14, 32.29,
1990, 3, 0.265,302.03, 45.28, 16.92, 31.10,
1990, 4, 0.251,302.70, 44.17, 17.87, 31.02,
1990, 5, 0.239,303.19, 43.86, 20.23, 32.05,
1990, 6, 0.227,303.54, 43.28, 23.58, 33.43,
1990, 7, 0.215,303.61, 42.38, 29.16, 35.77,
1990, 8, 0.204,303.25, 41.27, 38.75, 40.01,
1990, 9, 0.196,302.89, 41.86, 45.26, 43.56,
1990,10, 0.194,302.66, 44.87, 48.05, 46.46,
1990,11, 0.194,302.46, 47.77, 48.31, 48.04,
1990,12, 0.195,301.94, 50.97, 49.18, 50.07,
1990,13, 0.198,301.38, 53.84, 47.35, 50.59,
1990,14, 0.201,300.57, 54.94, 46.08, 50.51,
1990,15, 0.203,299.56, 54.14, 45.53, 49.83,
1990,16, 0.208,298.54, 54.12, 44.01, 49.06,
1990,17, 0.212,297.09, 52.65, 46.30, 49.47,
1990,18, 0.218,295.77, 51.31, 48.36, 49.83,
1990,19, 0.225,294.75, 51.00, 46.18, 48.59,
1990,20, 0.231,293.36, 49.12, 49.04, 49.08,
1990,21, 0.236,291.93, 47.72, 52.85, 50.29,
1990,22, 0.239,290.66, 46.17, 55.73, 50.95,
1990,23, 0.244,290.17, 46.57, 53.63, 50.10,
1990,24, 0.253,290.24, 49.30, 47.67, 48.48,
1990,25, 0.262,290.53, 53.16, 40.91, 47.04,
1990,26, 0.270,291.09, 57.09, 33.19, 45.14,
1990,27, 0.276,291.64, 60.29, 25.84, 43.06,
1990,28, 0.280,292.28, 62.74, 19.09, 40.91,
1990,29, 0.280,292.39, 63.77, 15.00, 39.38,
1990,30, 0.272,291.61, 62.49, 15.70, 39.10,
1990,31, 0.266,291.24, 61.77, 15.13, 38.45,
1990,32, 0.260,290.85, 61.07, 15.14, 38.11,
1990,33, 0.254,290.21, 59.27, 16.48, 37.88,
1990,34, 0.249,289.52, 57.29, 19.45, 38.37,
1990,35, 0.245,288.98, 55.44, 21.97, 38.70,
1990,36, 0.247,288.87, 55.32, 22.57, 38.95,
1990,37, 0.253,289.03, 56.37, 21.94, 39.15,
1990,38, 0.257,289.07, 55.84, 23.30, 39.57,
1990,39, 0.263,289.47, 55.36, 24.73, 40.05,
1990,40, 0.273,290.33, 55.91, 24.32, 40.11,
1990,41, 0.287,291.45, 57.43, 23.45, 40.44,
1990,42, 0.297,292.02, 57.41, 26.60, 42.00,
1990,43, 0.307,292.44, 58.01, 30.55, 44.28,
1990,44, 0.320,293.20, 60.03, 30.80, 45.41,
1990,45, 0.334,293.94, 63.44, 30.82, 47.13,
1990,46, 0.342,294.46, 65.05, 32.28, 48.67,
1990,47, 0.347,295.04, 66.35, 33.39, 49.87,
1990,48, 0.349,295.64, 66.78, 34.46, 50.62,
1990,49, 0.347,296.39, 66.21, 32.33, 49.27,
1990,50, 0.343,297.36, 68.99, 29.04, 49.02,
1990,51, 0.330,298.00, 65.29, 29.22, 47.25,
1990,52, 0.316,298.74, 61.56, 28.80, 45.18,
1991, 1, 0.304,299.65, 57.12, 27.13, 42.13,
1991, 2, 0.290,300.47, 54.86, 25.81, 40.34,
1991, 3, 0.274,301.14, 52.00, 27.29, 39.65,
1991, 4, 0.257,301.66, 48.76, 29.57, 39.17,
1991, 5, 0.241,302.22, 46.13, 31.04, 38.58,
1991, 6, 0.227,303.00, 44.90, 29.37, 37.14,
1991, 7, 0.215,303.53, 43.03, 29.31, 36.17,
1991, 8, 0.204,303.85, 41.90, 31.24, 36.57,
1991, 9, 0.196,303.95, 41.54, 33.80, 37.67,
1991,10, 0.190,303.95, 41.29, 35.49, 38.39,
1991,11, 0.187,304.19, 42.05, 32.98, 37.51,
1991,12, 0.184,304.14, 42.09, 30.37, 36.23,
1991,13, 0.180,303.71, 41.55, 28.10, 34.82,
1991,14, 0.180,303.00, 41.67, 26.69, 34.18,
1991,15, 0.184,302.12, 42.26, 25.31, 33.79,
1991,16, 0.189,300.92, 42.92, 25.28, 34.10,
1991,17, 0.197,299.72, 43.83, 25.33, 34.58,
1991,18, 0.208,298.47, 45.67, 26.13, 35.90,
1991,19, 0.221,297.28, 48.28, 24.94, 36.61,
1991,20, 0.231,295.95, 48.56, 27.15, 37.86,
1991,21, 0.234,294.04, 46.48, 34.85, 40.67,
1991,22, 0.238,292.63, 45.64, 39.06, 42.35,
1991,23, 0.242,291.29, 45.02, 43.92, 44.47,
1991,24, 0.244,290.60, 44.86, 44.03, 44.44,
1991,25, 0.247,290.70, 44.96, 38.68, 41.82,
1991,26, 0.241,289.99, 41.55, 40.80, 41.18,
1991,27, 0.232,289.27, 37.83, 43.05, 40.44,
1991,28, 0.225,289.07, 35.27, 41.92, 38.59,
1991,29, 0.215,288.32, 32.20, 42.43, 37.31,
1991,30, 0.205,287.84, 30.04, 39.50, 34.77,
1991,31, 0.196,287.30, 28.70, 37.77, 33.24,
1991,32, 0.186,286.34, 27.03, 37.82, 32.43,
1991,33, 0.180,285.53, 25.43, 37.98, 31.70,
1991,34, 0.168,283.71, 21.08, 44.03, 32.56,
1991,35, 0.165,282.51, 19.66, 46.86, 33.26,
1991,36, 0.164,281.22, 18.65, 51.16, 34.90,
1991,37, 0.168,280.67, 18.89, 52.47, 35.68,
1991,38, 0.174,280.89, 19.57, 52.06, 35.82,
1991,39, 0.180,281.22, 18.83, 54.61, 36.72,
1991,40, 0.194,282.89, 20.51, 52.90, 36.71,
1991,41, 0.214,285.40, 23.35, 48.06, 35.71,
1991,42, 0.234,287.46, 26.67, 46.22, 36.45,
1991,43, 0.254,289.65, 31.19, 40.76, 35.97,
1991,44, 0.276,292.03, 37.22, 31.26, 34.24,
1991,45, 0.292,293.98, 41.12, 23.89, 32.51,
1991,46, 0.297,295.32, 40.60, 19.94, 30.27,
1991,47, 0.297,296.36, 38.06, 17.68, 27.87,
1991,48, 0.295,297.20, 36.14, 17.05, 26.59,
1991,49, 0.287,297.69, 33.51, 18.77, 26.14,
1991,50, 0.278,298.12, 31.93, 21.39, 26.66,
1991,51, 0.266,298.40, 29.00, 25.28, 27.14,
1991,52, 0.258,298.83, 28.45, 28.26, 28.35,
1992, 1, 0.252,299.50, 23.93, 29.76, 26.84,
1992, 2, 0.241,299.97, 24.12, 32.37, 28.25,
1992, 3, 0.233,300.67, 26.26, 33.79, 30.02,
1992, 4, 0.225,301.39, 29.04, 33.86, 31.45,
1992, 5, 0.219,302.12, 32.32, 33.25, 32.79,
1992, 6, 0.211,302.86, 34.42, 31.67, 33.05,
1992, 7, 0.204,303.73, 36.58, 27.62, 32.10,
1992, 8, 0.199,304.48, 39.52, 24.68, 32.10,
1992, 9, 0.195,304.79, 41.69, 24.89, 33.29,
1992,10, 0.189,305.13, 42.02, 23.88, 32.95,
1992,11, 0.183,305.23, 40.12, 23.49, 31.81,
1992,12, 0.175,304.71, 37.24, 25.01, 31.13,
1992,13, 0.171,304.21, 36.00, 23.39, 29.70,
1992,14, 0.168,303.40, 34.23, 22.90, 28.57,
1992,15, 0.167,302.59, 32.73, 21.02, 26.87,
1992,16, 0.170,301.69, 32.31, 18.94, 25.63,
1992,17, 0.175,300.40, 31.49, 19.77, 25.63,
1992,18, 0.181,299.13, 31.00, 20.59, 25.80,
1992,19, 0.188,297.93, 30.52, 19.39, 24.96,
1992,20, 0.195,296.96, 30.09, 18.65, 24.37,
1992,21, 0.202,295.88, 29.79, 19.34, 24.57,
1992,22, 0.207,294.50, 29.61, 22.91, 26.26,
1992,23, 0.210,293.13, 28.49, 28.27, 28.38,
1992,24, 0.212,292.08, 28.23, 31.73, 29.98,
1992,25, 0.218,291.68, 30.42, 31.22, 30.82,
1992,26, 0.222,291.25, 32.69, 31.86, 32.28,
1992,27, 0.223,290.66, 34.42, 33.63, 34.02,
1992,28, 0.223,290.19, 35.08, 34.85, 34.96,
1992,29, 0.219,289.51, 35.33, 35.19, 35.26,
1992,30, 0.214,288.64, 35.50, 34.93, 35.22,
1992,31, 0.203,287.10, 32.88, 39.89, 36.39,
1992,32, 0.192,285.39, 30.04, 45.08, 37.56,
1992,33, 0.189,284.84, 30.25, 44.73, 37.49,
1992,34, 0.190,284.52, 31.21, 44.93, 38.07,
1992,35, 0.194,284.68, 33.09, 44.65, 38.87,
1992,36, 0.200,284.84, 34.68, 45.47, 40.08,
1992,37, 0.214,285.97, 39.11, 40.71, 39.91,
1992,38, 0.232,287.76, 45.01, 32.81, 38.91,
1992,39, 0.244,288.67, 46.66, 31.86, 39.26,
1992,40, 0.252,289.36, 45.87, 32.92, 39.40,
1992,41, 0.264,290.31, 45.57, 33.73, 39.65,
1992,42, 0.277,291.28, 46.05, 34.05, 40.05,
1992,43, 0.292,292.62, 48.60, 30.06, 39.33,
1992,44, 0.303,293.53, 49.91, 28.30, 39.10,
1992,45, 0.311,294.06, 50.03, 29.93, 39.98,
1992,46, 0.317,294.84, 50.27, 28.58, 39.43,
1992,47, 0.318,295.60, 49.00, 27.41, 38.20,
1992,48, 0.312,296.10, 44.93, 29.23, 37.08,
1992,49, 0.301,296.44, 40.06, 31.40, 35.73,
1992,50, 0.290,296.97, 38.00, 32.43, 35.21,
1992,51, 0.277,297.49, 34.32, 34.03, 34.18,
1992,52, 0.262,297.91, 30.24, 37.33, 33.78,
1993, 1, 0.249,298.37, 23.67, 41.53, 32.60,
1993, 2, 0.237,299.01, 22.97, 42.36, 32.66,
1993, 3, 0.227,299.55, 23.42, 46.14, 34.78,
1993, 4, 0.216,299.93, 23.84, 50.23, 37.04,
1993, 5, 0.207,300.34, 24.95, 54.00, 39.47,
1993, 6, 0.199,300.96, 26.32, 53.85, 40.09,
1993, 7, 0.193,301.96, 28.34, 48.09, 38.22,
1993, 8, 0.187,302.76, 30.56, 44.08, 37.32,
1993, 9, 0.181,302.70, 31.46, 47.50, 39.48,
1993,10, 0.177,302.70, 33.04, 47.78, 40.41,
1993,11, 0.178,302.77, 36.46, 45.62, 41.04,
1993,12, 0.179,302.31, 39.19, 46.23, 42.71,
1993,13, 0.181,301.39, 41.78, 47.50, 44.64,
1993,14, 0.187,300.74, 45.51, 44.80, 45.16,
1993,15, 0.196,300.81, 48.91, 35.35, 42.13,
1993,16, 0.202,300.30, 49.43, 29.92, 39.67,
1993,17, 0.206,299.16, 47.94, 29.54, 38.74,
1993,18, 0.211,297.97, 46.29, 29.92, 38.10,
1993,19, 0.215,296.86, 44.50, 28.12, 36.31,
1993,20, 0.220,295.78, 42.48, 28.24, 35.36,
1993,21, 0.223,293.92, 40.46, 34.83, 37.64,
1993,22, 0.228,292.43, 40.59, 38.64, 39.61,
1993,23, 0.233,291.65, 41.50, 37.55, 39.53,
1993,24, 0.232,290.40, 40.18, 39.72, 39.95,
1993,25, 0.228,289.05, 37.51, 43.29, 40.40,
1993,26, 0.223,287.60, 35.23, 48.07, 41.65,
1993,27, 0.220,286.65, 34.51, 50.13, 42.32,
1993,28, 0.221,286.58, 35.12, 48.42, 41.77,
1993,29, 0.217,285.96, 34.83, 49.56, 42.19,
1993,30, 0.215,285.67, 35.80, 47.22, 41.51,
1993,31, 0.213,285.32, 37.29, 45.51, 41.40,
1993,32, 0.208,284.70, 37.60, 45.32, 41.46,
1993,33, 0.206,284.59, 37.71, 44.58, 41.15,
1993,34, 0.204,284.01, 36.96, 46.83, 41.90,
1993,35, 0.202,283.69, 36.36, 48.37, 42.36,
1993,36, 0.198,282.93, 33.94, 51.59, 42.76,
1993,37, 0.194,282.26, 31.37, 53.74, 42.56,
1993,38, 0.199,282.76, 31.18, 52.93, 42.05,
1993,39, 0.212,284.21, 33.41, 50.80, 42.10,
1993,40, 0.234,286.43, 37.86, 46.76, 42.31,
1993,41, 0.262,289.02, 44.78, 40.41, 42.60,
1993,42, 0.289,291.00, 51.70, 35.32, 43.51,
1993,43, 0.313,292.75, 59.25, 28.32, 43.79,
1993,44, 0.333,293.87, 65.16, 24.44, 44.80,
1993,45, 0.347,294.67, 69.37, 23.36, 46.36,
1993,46, 0.352,295.33, 70.23, 23.08, 46.66,
1993,47, 0.354,295.69, 70.10, 25.65, 47.87,
1993,48, 0.350,295.81, 67.68, 31.13, 49.41,
1993,49, 0.339,295.73, 62.33, 37.48, 49.91,
1993,50, 0.325,296.06, 59.72, 41.08, 50.40,
1993,51, 0.309,296.60, 53.93, 43.36, 48.65,
1993,52, 0.291,297.31, 48.22, 44.25, 46.23,
1994, 1, 0.273,298.36, 38.37, 42.25, 40.31,
1994, 2, 0.252,299.22, 32.49, 40.67, 36.58,
1994, 3, 0.232,299.79, 27.20, 43.85, 35.53,
1994, 4, 0.215,299.86, 23.96, 50.88, 37.42,
1994, 5, 0.200,299.78, 21.92, 59.51, 40.71,
1994, 6, 0.185,299.73, 19.01, 66.05, 42.53,
1994, 7, 0.173,299.65, 17.19, 70.90, 44.04,
1994, 8, 0.165,299.32, 17.40, 76.65, 47.03,
1994, 9, 0.163,298.84, 20.01, 81.26, 50.64,
1994,10, 0.164,298.06, 23.98, 84.18, 54.08,
1994,11, 0.170,297.56, 30.88, 84.14, 57.51,
1994,12, 0.177,296.50, 37.54, 86.88, 62.21,
1994,13, 0.187,295.52, 45.79, 86.69, 66.24,
1994,14, 0.200,295.43, 54.58, 80.31, 67.45,
1994,15, 0.213,295.38, 59.97, 73.05, 66.51,
1994,16, 0.221,294.76, 61.28, 68.55, 64.92,
1994,17, 0.226,293.64, 60.07, 67.94, 64.00,
1994,18, 0.227,291.97, 56.65, 71.37, 64.01,
1994,19, 0.228,290.61, 52.96, 71.39, 62.17,
1994,20, 0.225,288.99, 46.76, 74.32, 60.54,
1994,21, 0.220,287.53, 40.48, 76.30, 58.39,
1994,22, 0.216,286.65, 35.35, 76.26, 55.80,
1994,23, 0.208,285.84, 29.51, 76.67, 53.09,
1994,24, 0.195,284.81, 22.52, 78.15, 50.33,
1994,25, 0.180,283.65, 15.86, 79.52, 47.69,
1994,26, 0.170,283.02, 12.08, 79.31, 45.69,
1994,27, 0.163,282.43, 10.37, 79.16, 44.77,
1994,28, 0.157,281.75,  9.26, 79.54, 44.40,
1994,29, 0.152,281.33,  9.09, 76.08, 42.59,
1994,30, 0.152,281.40, 10.39, 69.47, 39.93,
1994,31, 0.153,281.32, 12.48, 62.68, 37.58,
1994,32, 0.153,280.79, 14.96, 57.29, 36.12,
1994,33, 0.153,279.96, 16.69, 55.05, 35.87,
1994,34, 0.155,278.92, 18.63, 55.79, 37.21,
1994,35, 0.155,277.21, 19.51, 58.98, 39.25,
1994,36, 0.158,276.89, 20.30, 60.21, 40.25,
1994,37,-1.000, -1.00, -1.00, -1.00, -1.00,
1994,38,-1.000, -1.00, -1.00, -1.00, -1.00,
1994,39,-1.000, -1.00, -1.00, -1.00, -1.00,
1994,40,-1.000, -1.00, -1.00, -1.00, -1.00,
1994,41,-1.000, -1.00, -1.00, -1.00, -1.00,
1994,42,-1.000, -1.00, -1.00, -1.00, -1.00,
1994,43,-1.000, -1.00, -1.00, -1.00, -1.00,
1994,44,-1.000, -1.00, -1.00, -1.00, -1.00,
1994,45,-1.000, -1.00, -1.00, -1.00, -1.00,
1994,46,-1.000, -1.00, -1.00, -1.00, -1.00,
1994,47,-1.000, -1.00, -1.00, -1.00, -1.00,
1994,48,-1.000, -1.00, -1.00, -1.00, -1.00,
1994,49,-1.000, -1.00, -1.00, -1.00, -1.00,
1994,50,-1.000, -1.00, -1.00, -1.00, -1.00,
1994,51,-1.000, -1.00, -1.00, -1.00, -1.00,
1994,52,-1.000, -1.00, -1.00, -1.00, -1.00,
1995, 1,-1.000, -1.00, -1.00, -1.00, -1.00,
1995, 2,-1.000, -1.00, -1.00, -1.00, -1.00,
1995, 3,-1.000, -1.00, -1.00, -1.00, -1.00,
1995, 4,-1.000, -1.00, -1.00, -1.00, -1.00,
1995, 5,-1.000, -1.00, -1.00, -1.00, -1.00,
1995, 6,-1.000, -1.00, -1.00, -1.00, -1.00,
1995, 7, 0.208,303.60, 35.69, 30.85, 33.27,
1995, 8, 0.202,304.19, 37.91, 29.57, 33.74,
1995, 9, 0.198,304.82, 40.53, 26.70, 33.62,
1995,10, 0.195,305.27, 42.64, 24.83, 33.73,
1995,11, 0.191,305.29, 43.09, 24.99, 34.04,
1995,12, 0.188,305.01, 43.28, 24.55, 33.91,
1995,13, 0.185,304.13, 41.89, 25.84, 33.86,
1995,14, 0.183,303.12, 40.46, 26.71, 33.59,
1995,15, 0.181,301.88, 37.88, 28.05, 32.96,
1995,16, 0.183,300.83, 36.72, 27.25, 31.99,
1995,17, 0.189,300.10, 37.19, 24.37, 30.78,
1995,18, 0.198,299.24, 38.08, 22.20, 30.14,
1995,19, 0.205,297.85, 38.22, 22.21, 30.21,
1995,20, 0.215,296.36, 38.64, 24.50, 31.57,
1995,21, 0.226,295.40, 40.88, 24.44, 32.66,
1995,22, 0.237,294.73, 43.72, 22.42, 33.07,
1995,23, 0.245,293.93, 45.94, 23.17, 34.55,
1995,24, 0.250,292.92, 47.18, 26.25, 36.72,
1995,25, 0.254,292.27, 48.72, 27.38, 38.05,
1995,26, 0.260,292.00, 51.39, 26.43, 38.91,
1995,27, 0.261,291.56, 52.46, 27.13, 39.80,
1995,28, 0.255,290.49, 50.59, 33.95, 42.27,
1995,29, 0.252,289.74, 50.42, 35.71, 43.06,
1995,30, 0.251,289.49, 52.32, 31.64, 41.98,
1995,31, 0.245,288.60, 51.70, 32.79, 42.24,
1995,32, 0.235,287.29, 49.20, 36.27, 42.74,
1995,33, 0.225,285.78, 45.30, 41.43, 43.36,
1995,34, 0.217,284.69, 42.22, 44.58, 43.40,
1995,35, 0.211,283.94, 39.34, 46.18, 42.76,
1995,36, 0.207,283.12, 36.76, 48.66, 42.71,
1995,37, 0.205,282.64, 34.33, 49.81, 42.07,
1995,38, 0.209,283.08, 34.36, 48.29, 41.32,
1995,39, 0.219,283.98, 35.81, 46.18, 41.00,
1995,40, 0.230,284.92, 36.62, 46.71, 41.67,
1995,41, 0.242,285.72, 36.83, 51.09, 43.96,
1995,42, 0.256,286.97, 38.61, 52.71, 45.66,
1995,43, 0.270,288.21, 40.93, 52.53, 46.73,
1995,44, 0.278,288.74, 40.11, 57.12, 48.62,
1995,45, 0.285,289.46, 39.45, 61.33, 50.39,
1995,46, 0.289,290.12, 38.17, 65.25, 51.71,
1995,47, 0.292,290.97, 37.85, 65.93, 51.89,
1995,48, 0.294,292.10, 38.36, 63.95, 51.16,
1995,49, 0.295,293.22, 39.96, 58.90, 49.43,
1995,50, 0.291,294.11, 40.74, 58.38, 49.56,
1995,51, 0.286,295.29, 40.95, 55.82, 48.39,
1995,52, 0.277,296.19, 39.80, 55.35, 47.58,
1996, 1, 0.267,296.90, 33.21, 57.80, 45.50,
1996, 2, 0.255,297.68, 32.31, 57.32, 44.81,
1996, 3, 0.244,298.47, 31.59, 58.42, 45.01,
1996, 4, 0.234,299.12, 32.82, 58.73, 45.78,
1996, 5, 0.225,299.56, 34.42, 62.14, 48.28,
1996, 6, 0.219,300.10, 36.96, 63.72, 50.34,
1996, 7, 0.212,300.97, 38.79, 59.90, 49.35,
1996, 8, 0.204,301.81, 39.60, 55.30, 47.45,
1996, 9, 0.198,302.36, 40.23, 52.02, 46.13,
1996,10, 0.194,302.83, 41.71, 47.42, 44.56,
1996,11, 0.190,303.00, 41.79, 44.54, 43.16,
1996,12, 0.186,302.66, 41.96, 44.16, 43.06,
1996,13, 0.179,301.33, 38.82, 48.99, 43.91,
1996,14, 0.178,299.72, 38.14, 54.27, 46.21,
1996,15, 0.183,298.58, 39.80, 54.55, 47.17,
1996,16, 0.187,297.31, 40.42, 54.89, 47.66,
1996,17, 0.197,295.98, 42.37, 55.92, 49.14,
1996,18, 0.209,294.67, 44.97, 57.56, 51.27,
1996,19, 0.223,293.86, 48.86, 53.77, 51.32,
1996,20, 0.237,293.28, 51.62, 50.29, 50.96,
1996,21, 0.247,292.47, 52.74, 49.27, 51.00,
1996,22, 0.253,291.58, 52.66, 49.19, 50.92,
1996,23, 0.257,291.02, 51.93, 47.24, 49.58,
1996,24, 0.262,291.13, 52.47, 40.43, 46.45,
1996,25, 0.266,291.39, 53.52, 33.64, 43.58,
1996,26, 0.264,291.05, 52.36, 33.15, 42.76,
1996,27, 0.260,290.64, 51.05, 33.67, 42.36,
1996,28, 0.257,290.57, 50.28, 32.37, 41.32,
1996,29, 0.251,290.14, 49.18, 31.76, 40.47,
1996,30, 0.243,289.09, 47.89, 33.42, 40.65,
1996,31, 0.239,288.16, 48.26, 35.51, 41.88,
1996,32, 0.242,288.13, 52.06, 31.83, 41.95,
1996,33, 0.246,288.26, 55.00, 27.97, 41.48,
1996,34, 0.246,287.81, 55.17, 29.45, 42.31,
1996,35, 0.242,286.99, 53.47, 33.52, 43.49,
1996,36, 0.235,285.81, 49.60, 39.42, 44.51,
1996,37, 0.232,285.13, 46.91, 41.65, 44.28,
1996,38, 0.234,285.01, 45.59, 41.64, 43.62,
1996,39, 0.237,284.99, 43.84, 43.82, 43.83,
1996,40, 0.240,284.96, 41.05, 48.38, 44.71,
1996,41, 0.243,285.23, 37.54, 54.17, 45.85,
1996,42, 0.245,285.42, 33.20, 62.21, 47.70,
1996,43, 0.247,285.63, 29.60, 70.39, 49.99,
1996,44, 0.253,286.18, 27.67, 75.86, 51.76,
1996,45, 0.261,287.15, 27.99, 78.08, 53.04,
1996,46, 0.271,288.42, 29.74, 76.10, 52.92,
1996,47, 0.275,289.28, 29.77, 77.62, 53.70,
1996,48, 0.275,290.12, 29.29, 79.18, 54.23,
1996,49, 0.270,290.65, 28.05, 79.99, 54.02,
1996,50, 0.268,291.57, 29.60, 79.84, 54.72,
1996,51, 0.271,293.22, 33.46, 74.28, 53.87,
1996,52, 0.274,295.16, 38.65, 65.34, 51.99,
1997, 1, 0.272,296.47, 38.31, 62.33, 50.32,
1997, 2, 0.267,297.48, 41.03, 59.69, 50.36,
1997, 3, 0.255,297.91, 39.93, 65.38, 52.65,
1997, 4, 0.242,298.19, 38.87, 69.99, 54.43,
1997, 5, 0.230,298.22, 39.01, 77.87, 58.44,
1997, 6, 0.225,298.61, 42.14, 80.64, 61.39,
1997, 7, 0.223,299.22, 47.25, 79.25, 63.25,
1997, 8, 0.222,299.83, 52.45, 76.88, 64.66,
1997, 9, 0.222,300.64, 57.32, 70.47, 63.89,
1997,10, 0.222,301.31, 62.15, 62.25, 62.20,
1997,11, 0.221,301.59, 64.57, 57.09, 60.83,
1997,12, 0.221,301.64, 66.39, 52.94, 59.66,
1997,13, 0.221,301.38, 67.84, 48.31, 58.07,
1997,14, 0.224,301.19, 69.09, 41.78, 55.43,
1997,15, 0.229,300.74, 69.15, 36.60, 52.88,
1997,16, 0.234,300.03, 68.58, 32.56, 50.57,
1997,17, 0.240,299.16, 67.93, 30.02, 48.97,
1997,18, 0.246,298.20, 67.01, 28.73, 47.87,
1997,19, 0.249,296.93, 64.56, 28.16, 46.36,
1997,20, 0.253,295.76, 61.46, 29.11, 45.28,
1997,21, 0.258,295.07, 60.14, 26.79, 43.46,
1997,22, 0.262,294.60, 58.96, 23.02, 40.99,
1997,23, 0.264,294.00, 57.42, 21.99, 39.70,
1997,24, 0.259,292.84, 53.58, 26.00, 39.79,
1997,25, 0.253,291.72, 49.51, 30.94, 40.23,
1997,26, 0.243,290.43, 44.43, 38.44, 41.43,
1997,27, 0.226,288.63, 37.01, 49.57, 43.29,
1997,28, 0.213,287.36, 31.10, 55.97, 43.53,
1997,29, 0.205,286.73, 28.68, 54.19, 41.44,
1997,30, 0.202,286.49, 29.51, 47.46, 38.48,
1997,31, 0.203,286.15, 31.69, 42.03, 36.86,
1997,32, 0.205,285.66, 34.53, 37.23, 35.88,
1997,33, 0.214,285.88, 39.88, 30.28, 35.08,
1997,34, 0.225,286.27, 45.08, 24.89, 34.99,
1997,35, 0.231,286.22, 47.88, 22.94, 35.41,
1997,36, 0.237,286.16, 49.43, 22.03, 35.73,
1997,37, 0.240,286.08, 49.37, 22.23, 35.80,
1997,38, 0.247,286.57, 50.67, 20.96, 35.82,
1997,39, 0.260,287.60, 53.14, 19.10, 36.12,
1997,40, 0.269,288.25, 53.74, 20.51, 37.13,
1997,41, 0.283,289.55, 55.69, 20.89, 38.29,
1997,42, 0.297,290.91, 57.71, 21.59, 39.65,
1997,43, 0.309,292.06, 59.88, 22.93, 41.41,
1997,44, 0.320,293.03, 61.71, 23.32, 42.51,
1997,45, 0.332,294.21, 64.50, 21.36, 42.93,
1997,46, 0.343,295.46, 67.99, 17.66, 42.83,
1997,47, 0.349,296.51, 69.75, 15.41, 42.58,
1997,48, 0.350,297.42, 69.70, 13.76, 41.73,
1997,49, 0.347,298.38, 67.72, 10.71, 39.22,
1997,50, 0.335,299.10, 66.27, 10.09, 38.18,
1997,51, 0.321,299.73, 60.98, 10.24, 35.61,
1997,52, 0.306,300.50, 56.61,  9.51, 33.06,
1998, 1, 0.291,301.32, 49.60,  8.58, 29.09,
1998, 2, 0.274,301.99, 44.94,  9.00, 26.97,
1998, 3, 0.258,302.55, 41.61, 11.36, 26.49,
1998, 4, 0.244,302.99, 39.37, 14.66, 27.01,
1998, 5, 0.232,303.44, 38.59, 17.29, 27.94,
1998, 6, 0.221,303.94, 38.25, 19.11, 28.68,
1998, 7, 0.211,304.30, 38.39, 20.88, 29.64,
1998, 8, 0.203,304.87, 39.19, 19.91, 29.55,
1998, 9, 0.198,305.80, 41.82, 14.09, 27.95,
1998,10, 0.195,306.69, 44.37,  9.04, 26.70,
1998,11, 0.189,307.21, 43.76,  6.53, 25.14,
1998,12, 0.181,306.97, 40.75,  6.22, 23.48,
1998,13, 0.174,306.10, 37.44,  8.25, 22.85,
1998,14, 0.171,305.15, 35.48,  9.49, 22.48,
1998,15, 0.170,303.91, 33.24, 11.28, 22.26,
1998,16, 0.173,302.63, 32.61, 12.31, 22.46,
1998,17, 0.179,301.42, 32.73, 12.56, 22.65,
1998,18, 0.185,299.83, 31.94, 15.94, 23.94,
1998,19, 0.190,297.92, 30.25, 20.33, 25.29,
1998,20, 0.195,296.15, 29.02, 26.02, 27.52,
1998,21, 0.204,294.93, 29.80, 28.29, 29.05,
1998,22, 0.211,293.64, 30.86, 31.64, 31.25,
1998,23, 0.218,292.51, 32.72, 35.00, 33.86,
1998,24, 0.224,291.67, 34.90, 36.49, 35.70,
1998,25, 0.231,291.12, 37.54, 36.69, 37.12,
1998,26, 0.241,290.94, 42.98, 34.87, 38.92,
1998,27, 0.256,291.30, 51.50, 28.99, 40.24,
1998,28, 0.269,291.70, 58.69, 24.17, 41.43,
1998,29, 0.281,291.95, 65.41, 19.08, 42.25,
1998,30, 0.286,291.73, 70.03, 15.90, 42.96,
1998,31, 0.288,291.31, 72.93, 15.66, 44.30,
1998,32, 0.289,290.92, 74.71, 15.92, 45.32,
1998,33, 0.290,290.61, 75.38, 15.97, 45.67,
1998,34, 0.292,290.54, 76.07, 16.19, 46.13,
1998,35, 0.290,289.99, 74.53, 19.35, 46.94,
1998,36, 0.279,288.77, 69.18, 26.39, 47.79,
1998,37, 0.269,287.56, 63.02, 33.45, 48.23,
1998,38, 0.262,286.66, 57.84, 40.22, 49.03,
1998,39, 0.262,286.46, 54.36, 44.95, 49.65,
1998,40, 0.267,286.86, 52.48, 48.59, 50.53,
1998,41, 0.275,287.56, 50.52, 52.47, 51.49,
1998,42, 0.287,288.74, 51.29, 52.73, 52.01,
1998,43, 0.291,288.73, 48.67, 59.97, 54.32,
1998,44, 0.292,289.06, 44.31, 63.57, 53.94,
1998,45, 0.294,289.99, 41.32, 63.30, 52.31,
1998,46, 0.288,289.95, 35.14, 70.81, 52.98,
1998,47, 0.284,290.20, 31.20, 75.32, 53.26,
1998,48, 0.278,290.34, 27.87, 81.04, 54.46,
1998,49, 0.269,290.27, 24.71, 86.09, 55.40,
1998,50, 0.265,290.90, 25.31, 87.92, 56.61,
1998,51, 0.264,291.77, 28.20, 89.44, 58.82,
1998,52, 0.262,292.52, 30.77, 92.38, 61.57,
1999, 1, 0.260,293.30, 29.07, 96.16, 62.61,
1999, 2, 0.255,294.08, 32.96, 96.67, 64.81,
1999, 3, 0.253,295.25, 38.69, 95.65, 67.17,
1999, 4, 0.247,296.00, 42.81, 95.05, 68.93,
1999, 5, 0.242,297.20, 47.93, 90.21, 69.07,
1999, 6, 0.237,298.44, 52.07, 83.00, 67.53,
1999, 7, 0.228,298.88, 52.44, 83.38, 67.91,
1999, 8, 0.219,299.25, 52.31, 83.44, 67.88,
1999, 9, 0.211,299.45, 52.01, 82.85, 67.43,
1999,10, 0.202,298.95, 49.91, 84.81, 67.36,
1999,11, 0.196,298.18, 48.86, 86.82, 67.84,
1999,12, 0.198,297.48, 52.36, 88.25, 70.31,
1999,13, 0.200,296.21, 55.07, 90.41, 72.74,
1999,14, 0.204,294.81, 56.78, 91.77, 74.28,
1999,15, 0.210,293.33, 57.76, 93.51, 75.63,
1999,16, 0.216,291.83, 57.95, 94.64, 76.29,
1999,17, 0.223,290.76, 58.12, 93.68, 75.90,
1999,18, 0.231,290.24, 58.35, 89.70, 74.03,
1999,19, 0.234,289.17, 55.46, 87.78, 71.62,
1999,20, 0.234,288.38, 50.95, 85.66, 68.31,
1999,21, 0.234,287.57, 46.75, 84.13, 65.44,
1999,22, 0.237,287.52, 45.06, 77.71, 61.39,
1999,23, 0.240,287.74, 44.56, 70.38, 57.47,
1999,24, 0.242,288.05, 44.37, 62.80, 53.59,
1999,25, 0.250,289.11, 47.65, 50.09, 48.87,
1999,26, 0.256,289.68, 50.96, 42.16, 46.56,
1999,27, 0.254,289.35, 51.03, 40.98, 46.00,
1999,28, 0.247,288.50, 48.42, 44.05, 46.23,
1999,29, 0.238,287.21, 45.65, 48.16, 46.90,
1999,30, 0.233,286.26, 45.94, 47.82, 46.88,
1999,31, 0.235,286.05, 49.40, 43.32, 46.36,
1999,32, 0.239,285.90, 53.23, 38.66, 45.94,
1999,33, 0.247,286.16, 57.71, 34.18, 45.94,
1999,34, 0.256,286.48, 61.59, 31.33, 46.46,
1999,35, 0.259,286.35, 62.46, 32.38, 47.42,
1999,36, 0.260,285.99, 61.99, 35.19, 48.59,
1999,37, 0.263,285.87, 61.79, 37.19, 49.49,
1999,38, 0.275,286.81, 64.63, 33.95, 49.29,
1999,39, 0.290,287.90, 67.73, 30.82, 49.28,
1999,40, 0.297,288.39, 67.28, 32.34, 49.81,
1999,41, 0.300,288.63, 63.95, 37.93, 50.94,
1999,42, 0.298,288.74, 58.12, 45.25, 51.68,
1999,43, 0.293,288.66, 50.97, 53.93, 52.45,
1999,44, 0.295,289.40, 47.59, 55.18, 51.38,
1999,45, 0.299,290.46, 46.40, 54.04, 50.22,
1999,46, 0.297,291.10, 42.68, 56.00, 49.34,
1999,47, 0.291,291.57, 37.37, 59.34, 48.36,
1999,48, 0.280,291.72, 30.51, 66.26, 48.39,
1999,49, 0.267,291.86, 24.82, 70.74, 47.78,
1999,50, 0.254,292.09, 20.41, 76.82, 48.62,
1999,51, 0.242,292.86, 17.06, 79.43, 48.24,
1999,52, 0.234,293.91, 16.46, 79.27, 47.86,
2000, 1, 0.227,294.54, 15.50, 81.10, 48.30,
2000, 2, 0.218,295.03, 16.04, 83.49, 49.76,
2000, 3, 0.206,295.22, 15.36, 89.63, 52.49,
2000, 4, 0.194,295.27, 14.67, 93.19, 53.93,
2000, 5, 0.189,295.62, 16.58, 95.25, 55.92,
2000, 6, 0.184,296.00, 18.45, 96.12, 57.28,
2000, 7, 0.176,296.19, 19.13, 96.74, 57.93,
2000, 8, 0.169,296.23, 19.75, 97.11, 58.43,
2000, 9, 0.164,296.17, 21.40, 96.89, 59.15,
2000,10, 0.163,296.20, 23.67, 95.94, 59.81,
2000,11, 0.164,296.33, 26.74, 93.36, 60.05,
2000,12, 0.167,296.19, 30.96, 91.04, 61.00,
2000,13, 0.170,295.28, 33.96, 90.49, 62.22,
2000,14, 0.178,294.42, 38.84, 89.17, 64.00,
2000,15, 0.191,293.80, 45.57, 85.56, 65.57,
2000,16, 0.202,292.79, 48.92, 82.79, 65.86,
2000,17, 0.209,291.51, 49.57, 81.99, 65.78,
2000,18, 0.215,290.69, 48.83, 79.95, 64.39,
2000,19, 0.218,289.87, 46.74, 75.98, 61.36,
2000,20, 0.221,289.07, 43.86, 74.00, 58.93,
2000,21, 0.219,287.87, 39.46, 74.57, 57.02,
2000,22, 0.216,287.11, 35.36, 74.57, 54.97,
2000,23, 0.216,287.10, 33.47, 70.68, 52.08,
2000,24, 0.215,287.19, 31.95, 65.58, 48.76,
2000,25, 0.211,286.86, 29.23, 63.28, 46.25,
2000,26, 0.199,285.79, 24.56, 65.50, 45.03,
2000,27, 0.186,284.78, 20.82, 66.87, 43.85,
2000,28, 0.176,283.96, 18.90, 66.11, 42.50,
2000,29, 0.170,283.09, 18.70, 61.91, 40.31,
2000,30, 0.167,282.41, 19.66, 55.76, 37.71,
2000,31, 0.165,281.47, 20.40, 52.78, 36.59,
2000,32, 0.159,279.97, 20.04, 53.56, 36.80,
2000,33, 0.152,278.14, 17.71, 57.99, 37.85,
2000,34, 0.140,276.03, 14.03, 65.04, 39.53,
2000,35, 0.134,275.04, 12.50, 68.66, 40.58,
2000,36, 0.145,275.94, 15.46, 65.55, 40.50,
2000,37, 0.160,277.27, 19.40, 60.54, 39.97,
2000,38, 0.173,278.84, 22.64, 55.16, 38.90,
2000,39, 0.185,280.03, 24.59, 53.24, 38.92,
2000,40, 0.197,280.99, 25.85, 55.27, 40.56,
2000,41, 0.214,282.35, 28.13, 58.24, 43.18,
2000,42, 0.234,284.41, 32.24, 56.59, 44.42,
2000,43, 0.251,286.55, 36.13, 52.30, 44.21,
2000,44, 0.268,288.59, 40.58, 47.83, 44.21,
2000,45, 0.280,290.13, 43.61, 47.17, 45.39,
2000,46, 0.285,291.22, 43.21, 47.98, 45.60,
2000,47, 0.280,291.64, 38.12, 53.59, 45.86,
2000,48, 0.275,292.22, 34.03, 57.37, 45.70,
2000,49, 0.274,293.27, 33.52, 54.27, 43.89,
2000,50, 0.267,293.96, 31.69, 56.26, 43.98,
2000,51, 0.258,294.70, 28.88, 59.24, 44.06,
2000,52, 0.253,295.33, 28.79, 62.87, 45.83,
2001, 1, 0.248,295.82, 25.90, 68.33, 47.12,
2001, 2, 0.244,296.49, 28.14, 69.37, 48.76,
2001, 3, 0.239,297.07, 31.13, 72.93, 52.03,
2001, 4, 0.234,297.70, 34.62, 73.49, 54.06,
2001, 5, 0.233,298.73, 41.10, 70.82, 55.96,
2001, 6, 0.229,299.34, 45.47, 71.11, 58.29,
2001, 7, 0.224,299.80, 48.33, 71.62, 59.97,
2001, 8, 0.216,299.76, 49.32, 76.20, 62.76,
2001, 9, 0.211,299.29, 50.97, 82.17, 66.57,
2001,10, 0.205,298.17, 51.56, 88.05, 69.80,
2001,11, 0.203,296.92, 52.70, 91.48, 72.09,
2001,12, 0.205,296.32, 57.09, 91.54, 74.31,
2001,13, 0.211,295.91, 62.10, 88.99, 75.55,
2001,14, 0.218,295.86, 65.44, 82.72, 74.08,
2001,15, 0.227,296.34, 67.68, 71.11, 69.39,
2001,16, 0.232,296.00, 66.87, 63.96, 65.41,
2001,17, 0.237,295.55, 64.99, 58.35, 61.67,
2001,18, 0.240,294.75, 62.46, 56.00, 59.23,
2001,19, 0.242,293.54, 59.76, 55.24, 57.50,
2001,20, 0.246,292.44, 57.14, 56.33, 56.74,
2001,21, 0.252,291.97, 56.27, 52.61, 54.44,
2001,22, 0.256,291.83, 55.49, 46.70, 51.10,
2001,23, 0.254,290.86, 51.51, 48.35, 49.93,
2001,24, 0.247,289.67, 46.56, 52.08, 49.32,
2001,25, 0.237,288.31, 40.61, 57.27, 48.94,
2001,26, 0.229,287.34, 36.46, 60.38, 48.42,
2001,27, 0.228,287.30, 36.70, 57.62, 47.16,
2001,28, 0.232,287.78, 39.36, 51.75, 45.56,
2001,29, 0.234,287.90, 42.21, 45.71, 43.96,
2001,30, 0.236,288.00, 45.74, 37.84, 41.79,
2001,31, 0.233,287.37, 46.66, 35.42, 41.04,
2001,32, 0.224,285.78, 44.71, 37.34, 41.03,
2001,33, 0.217,284.04, 42.26, 40.40, 41.33,
2001,34, 0.219,283.33, 43.17, 38.58, 40.88,
2001,35, 0.223,282.98, 44.54, 36.44, 40.49,
2001,36, 0.227,282.47, 45.40, 37.55, 41.47,
2001,37, 0.233,282.30, 46.56, 38.17, 42.37,
2001,38, 0.239,282.32, 47.27, 39.61, 43.44,
2001,39, 0.245,282.65, 46.66, 42.72, 44.69,
2001,40, 0.251,283.13, 45.72, 47.19, 46.45,
2001,41, 0.259,283.84, 44.39, 53.59, 48.99,
2001,42, 0.269,285.01, 44.34, 57.35, 50.85,
2001,43, 0.278,286.19, 44.78, 58.59, 51.69,
2001,44, 0.286,287.22, 44.57, 60.83, 52.70,
2001,45, 0.294,288.45, 45.33, 60.98, 53.15,
2001,46, 0.301,290.21, 46.09, 55.45, 50.77,
2001,47, 0.305,291.97, 46.45, 49.45, 47.95,
2001,48, 0.304,293.21, 44.84, 48.06, 46.45,
2001,49, 0.301,294.60, 44.44, 43.58, 44.01,
2001,50, 0.298,295.92, 46.60, 39.84, 43.22,
2001,51, 0.291,296.95, 45.61, 38.12, 41.86,
2001,52, 0.282,297.77, 44.06, 38.80, 41.43,
2002, 1, 0.273,298.68, 38.92, 38.71, 38.82,
2002, 2, 0.261,299.67, 37.56, 35.73, 36.65,
2002, 3, 0.248,300.69, 36.46, 33.45, 34.95,
2002, 4, 0.236,301.72, 35.97, 29.86, 32.92,
2002, 5, 0.228,302.79, 37.66, 25.92, 31.79,
2002, 6, 0.220,303.65, 39.51, 23.83, 31.67,
2002, 7, 0.210,304.14, 39.11, 24.27, 31.69,
2002, 8, 0.199,304.21, 37.32, 28.80, 33.06,
2002, 9, 0.188,303.96, 34.98, 34.72, 34.85,
2002,10, 0.181,303.82, 33.77, 37.74, 35.76,
2002,11, 0.175,303.38, 32.26, 41.11, 36.68,
2002,12, 0.169,302.57, 30.44, 44.91, 37.68,
2002,13, 0.166,301.54, 29.93, 46.81, 38.37,
2002,14, 0.166,300.49, 30.38, 47.21, 38.79,
2002,15, 0.168,299.16, 30.81, 49.02, 39.91,
2002,16, 0.174,297.69, 32.42, 50.94, 41.68,
2002,17, 0.182,296.27, 33.89, 52.75, 43.32,
2002,18, 0.193,295.33, 36.00, 51.67, 43.83,
2002,19, 0.203,294.45, 37.98, 48.39, 43.19,
2002,20, 0.211,293.37, 37.97, 48.82, 43.39,
2002,21, 0.216,291.93, 36.71, 52.86, 44.78,
2002,22, 0.223,291.07, 37.27, 52.90, 45.09,
2002,23, 0.228,290.37, 37.71, 52.66, 45.18,
2002,24, 0.230,289.65, 37.26, 52.80, 45.03,
2002,25, 0.229,288.96, 35.96, 53.33, 44.65,
2002,26, 0.228,288.10, 35.51, 56.16, 45.84,
2002,27, 0.229,288.15, 37.34, 52.35, 44.85,
2002,28, 0.232,289.02, 39.84, 42.81, 41.32,
2002,29, 0.226,287.75, 38.64, 46.82, 42.73,
2002,30, 0.218,285.94, 37.18, 51.41, 44.29,
2002,31, 0.208,283.90, 34.74, 56.18, 45.46,
2002,32, 0.203,282.39, 34.19, 55.36, 44.77,
2002,33, 0.198,280.78, 32.79, 56.00, 44.40,
2002,34, 0.195,279.45, 31.79, 57.52, 44.66,
2002,35, 0.197,278.68, 32.69, 57.84, 45.26,
2002,36, 0.201,278.55, 33.65, 57.68, 45.67,
2002,37, 0.206,278.88, 34.82, 57.03, 45.93,
2002,38, 0.217,279.93, 37.58, 54.71, 46.14,
2002,39, 0.231,280.84, 40.67, 56.60, 48.63,
2002,40, 0.251,283.30, 45.38, 50.24, 47.81,
2002,41, 0.269,286.13, 48.91, 41.95, 45.43,
2002,42, 0.279,287.45, 49.33, 44.21, 46.77,
2002,43, 0.290,288.46, 50.42, 46.86, 48.64,
2002,44, 0.298,289.36, 50.12, 49.39, 49.75,
2002,45, 0.306,290.60, 50.92, 48.79, 49.85,
2002,46, 0.315,291.93, 53.02, 46.72, 49.87,
2002,47, 0.322,293.17, 54.79, 44.68, 49.73,
2002,48, 0.326,294.13, 56.71, 43.84, 50.28,
2002,49, 0.324,294.86, 56.21, 43.58, 49.89,
2002,50, 0.320,295.64, 58.56, 44.02, 51.29,
2002,51, 0.315,296.41, 58.88, 44.53, 51.71,
2002,52, 0.309,297.25, 59.23, 44.35, 51.79,
2003, 1, 0.301,298.13, 56.35, 44.32, 50.34,
2003, 2, 0.289,298.93, 55.37, 43.64, 49.51,
2003, 3, 0.274,299.53, 53.31, 46.77, 50.04,
2003, 4, 0.258,299.91, 50.33, 50.55, 50.44,
2003, 5, 0.239,300.00, 45.90, 58.04, 51.97,
2003, 6, 0.221,299.90, 40.79, 66.45, 53.62,
2003, 7, 0.209,300.12, 39.27, 69.67, 54.47,
2003, 8, 0.199,300.28, 38.05, 72.06, 55.05,
2003, 9, 0.191,300.17, 37.23, 74.66, 55.95,
2003,10, 0.185,299.93, 36.60, 74.60, 55.60,
2003,11, 0.183,299.72, 38.09, 72.75, 55.42,
2003,12, 0.185,299.50, 41.81, 70.62, 56.21,
2003,13, 0.188,299.27, 45.49, 65.45, 55.47,
2003,14, 0.193,299.00, 48.47, 59.36, 53.91,
2003,15, 0.199,298.62, 49.96, 53.65, 51.81,
2003,16, 0.206,297.91, 51.18, 49.65, 50.41,
2003,17, 0.212,296.84, 50.96, 48.89, 49.92,
2003,18, 0.215,295.14, 48.48, 53.44, 50.96,
2003,19, 0.219,293.74, 47.00, 53.70, 50.35,
2003,20, 0.227,293.12, 46.62, 50.24, 48.43,
2003,21, 0.236,292.97, 47.31, 44.16, 45.74,
2003,22, 0.243,292.63, 48.04, 40.01, 44.03,
2003,23, 0.249,292.21, 48.70, 37.62, 43.16,
2003,24, 0.256,292.11, 50.93, 32.77, 41.85,
2003,25, 0.262,292.15, 53.09, 27.95, 40.52,
2003,26, 0.263,291.71, 53.77, 28.18, 40.98,
2003,27, 0.264,291.17, 54.57, 29.48, 42.03,
2003,28, 0.263,290.82, 54.74, 30.31, 42.52,
2003,29, 0.264,290.77, 56.31, 27.11, 41.71,
2003,30, 0.262,290.34, 57.71, 25.06, 41.38,
2003,31, 0.261,289.88, 59.47, 24.10, 41.78,
2003,32, 0.262,289.52, 61.56, 22.96, 42.26,
2003,33, 0.264,289.46, 63.17, 21.30, 42.23,
2003,34, 0.265,289.17, 63.64, 22.48, 43.06,
2003,35, 0.261,288.16, 62.00, 27.56, 44.78,
2003,36, 0.260,287.44, 60.37, 31.08, 45.72,
2003,37, 0.265,287.58, 61.40, 29.32, 45.36,
2003,38, 0.271,287.69, 61.48, 28.44, 44.96,
2003,39, 0.275,287.78, 60.32, 29.88, 45.10,
2003,40, 0.283,288.19, 59.52, 31.40, 45.46,
2003,41, 0.296,289.61, 61.11, 28.51, 44.81,
2003,42, 0.309,291.06, 62.50, 25.81, 44.16,
2003,43, 0.319,292.21, 63.52, 25.11, 44.31,
2003,44, 0.328,293.24, 64.03, 23.76, 43.89,
2003,45, 0.333,294.22, 63.69, 22.62, 43.15,
2003,46, 0.335,294.97, 61.56, 23.12, 42.34,
2003,47, 0.333,295.58, 58.57, 25.10, 41.84,
2003,48, 0.326,295.68, 53.45, 31.78, 42.61,
2003,49, 0.319,296.26, 50.32, 32.17, 41.25,
2003,50, 0.309,297.08, 49.10, 31.07, 40.08,
2003,51, 0.298,297.75, 45.69, 31.43, 38.56,
2003,52, 0.286,298.35, 43.04, 32.62, 37.83,
2004, 1, 0.275,298.99, 37.40, 34.45, 35.93,
2004, 2,-1.000, -1.00, -1.00, -1.00, -1.00,
2004, 3,-1.000, -1.00, -1.00, -1.00, -1.00,
2004, 4,-1.000, -1.00, -1.00, -1.00, -1.00,
2004, 5, 0.229,301.19, 37.89, 43.28, 40.59,
2004, 6, 0.213,301.65, 35.12, 45.63, 40.37,
2004, 7, 0.200,302.08, 33.09, 46.58, 39.84,
2004, 8, 0.190,302.41, 32.39, 47.79, 40.09,
2004, 9, 0.182,302.51, 32.47, 49.13, 40.80,
2004,10, 0.180,302.44, 34.74, 48.98, 41.86,
2004,11,-1.000, -1.00, -1.00, -1.00, -1.00,
2004,12,-1.000, -1.00, -1.00, -1.00, -1.00,
2004,13,-1.000, -1.00, -1.00, -1.00, -1.00,
2004,14,-1.000, -1.00, -1.00, -1.00, -1.00,
2004,15,-1.000, -1.00, -1.00, -1.00, -1.00,
2004,16,-1.000, -1.00, -1.00, -1.00, -1.00,
2004,17,-1.000, -1.00, -1.00, -1.00, -1.00,
2004,18,-1.000, -1.00, -1.00, -1.00, -1.00,
2004,19,-1.000, -1.00, -1.00, -1.00, -1.00,
2004,20,-1.000, -1.00, -1.00, -1.00, -1.00,
2004,21,-1.000, -1.00, -1.00, -1.00, -1.00,
2004,22,-1.000, -1.00, -1.00, -1.00, -1.00,
2004,23,-1.000, -1.00, -1.00, -1.00, -1.00,
2004,24,-1.000, -1.00, -1.00, -1.00, -1.00,
2004,25, 0.243,289.31, 43.67, 47.79, 45.73,
2004,26, 0.243,289.22, 43.82, 45.38, 44.60,
2004,27, 0.240,288.30, 43.29, 48.75, 46.02,
2004,28, 0.238,287.49, 43.29, 51.65, 47.47,
2004,29,-1.000, -1.00, -1.00, -1.00, -1.00,
2004,30, 0.239,286.93, 47.33, 44.94, 46.14,
2004,31, 0.242,287.26, 50.93, 37.91, 44.42,
2004,32, 0.245,287.47, 54.10, 31.18, 42.64,
2004,33, 0.247,287.29, 55.38, 27.54, 41.46,
2004,34, 0.247,286.84, 55.64, 27.25, 41.44,
2004,35, 0.250,286.68, 56.29, 26.18, 41.24,
2004,36, 0.254,286.70, 57.30, 24.94, 41.12,
2004,37, 0.260,286.81, 58.18, 23.84, 41.01,
2004,38, 0.266,287.40, 58.68, 21.90, 40.29,
2004,39, 0.274,288.57, 59.29, 19.31, 39.30,
2004,40, 0.284,290.16, 60.18, 15.94, 38.06,
2004,41, 0.295,291.57, 60.62, 15.16, 37.89,
2004,42, 0.307,292.85, 61.64, 14.49, 38.07,
2004,43, 0.319,293.89, 63.42, 13.97, 38.69,
2004,44, 0.327,294.66, 63.97, 14.45, 39.21,
2004,45, 0.333,295.41, 63.87, 14.27, 39.07,
2004,46, 0.333,295.81, 61.19, 16.32, 38.76,
2004,47, 0.329,296.50, 56.68, 17.00, 36.84,
2004,48, 0.321,297.39, 51.66, 15.81, 33.74,
2004,49, 0.310,298.04, 46.59, 15.66, 31.13,
2004,50, 0.297,298.68, 43.90, 15.62, 29.76,
2004,51, 0.283,299.40, 39.39, 14.90, 27.14,
2004,52, 0.268,300.08, 35.29, 15.04, 25.16,
2005, 1, 0.252,300.76, 27.42, 16.20, 21.81,
2005, 2, 0.236,301.41, 24.47, 16.91, 20.69,
2005, 3, 0.220,302.12, 21.87, 17.65, 19.76,
2005, 4, 0.206,302.91, 20.18, 16.97, 18.57,
2005, 5, 0.193,303.55, 18.98, 17.68, 18.33,
2005, 6, 0.182,303.99, 18.05, 20.09, 19.07,
2005, 7, 0.173,304.38, 17.73, 21.29, 19.51,
2005, 8, 0.167,304.97, 18.06, 20.09, 19.08,
2005, 9, 0.160,305.35, 17.93, 19.98, 18.95,
2005,10, 0.152,305.23, 17.27, 23.66, 20.47,
2005,11, 0.147,305.00, 16.63, 26.28, 21.46,
2005,12, 0.143,304.44, 16.55, 28.14, 22.35,
2005,13, 0.140,303.34, 16.36, 31.20, 23.78,
2005,14, 0.140,302.65, 17.43, 29.31, 23.37,
2005,15, 0.142,301.73, 18.28, 28.15, 23.22,
2005,16, 0.147,300.84, 19.88, 25.91, 22.90,
2005,17, 0.155,299.75, 21.00, 25.25, 23.13,
2005,18, 0.163,298.20, 22.03, 28.07, 25.05,
2005,19, 0.172,296.21, 22.93, 32.74, 27.84,
2005,20, 0.180,294.47, 23.49, 38.02, 30.76,
2005,21, 0.190,293.04, 24.91, 41.43, 33.17,
2005,22, 0.201,292.20, 27.82, 41.40, 34.61,
2005,23, 0.209,291.02, 29.80, 45.27, 37.54,
2005,24, 0.218,290.70, 32.95, 42.98, 37.97,
2005,25, 0.224,290.39, 35.43, 41.47, 38.45,
2005,26, 0.228,289.97, 37.43, 41.79, 39.61,
2005,27, 0.234,290.25, 41.07, 36.87, 38.97,
2005,28, 0.233,289.78, 41.41, 37.86, 39.64,
2005,29, 0.227,287.99, 40.42, 45.02, 42.72,
2005,30, 0.222,287.53, 40.37, 40.95, 40.66,
2005,31, 0.216,286.08, 39.25, 43.39, 41.32,
2005,32, 0.214,285.19, 40.27, 41.75, 41.01,
2005,33, 0.216,284.81, 41.83, 38.21, 40.02,
2005,34, 0.221,284.74, 44.44, 34.72, 39.58,
2005,35, 0.227,284.67, 46.52, 32.26, 39.39,
2005,36, 0.229,284.31, 46.58, 32.37, 39.47,
2005,37, 0.232,284.19, 46.26, 32.18, 39.22,
2005,38, 0.237,284.42, 46.55, 32.46, 39.50,
2005,39, 0.244,284.85, 46.46, 34.27, 40.37,
2005,40, 0.256,286.14, 47.81, 32.81, 40.31,
2005,41, 0.264,287.02, 46.67, 36.28, 41.48,
2005,42, 0.273,287.87, 45.64, 41.12, 43.38,
2005,43, 0.282,288.83, 45.96, 43.85, 44.90,
2005,44, 0.290,289.83, 45.84, 45.65, 45.75,
2005,45, 0.298,290.94, 46.21, 46.23, 46.22,
2005,46, 0.303,291.96, 46.20, 45.96, 46.08,
2005,47, 0.305,292.67, 45.70, 47.71, 46.70,
2005,48, 0.302,292.98, 43.61, 52.80, 48.21,
2005,49, 0.296,293.13, 41.28, 57.47, 49.38,
2005,50, 0.291,293.58, 41.97, 61.56, 51.77,
2005,51, 0.286,294.39, 42.47, 62.92, 52.70,
2005,52, 0.282,295.30, 43.65, 63.45, 53.55,
2006, 1, 0.279,296.40, 42.34, 62.72, 52.53,
2006, 2, 0.273,297.58, 45.11, 57.90, 51.50,
2006, 3, 0.265,298.53, 46.98, 57.59, 52.29,
2006, 4, 0.256,299.16, 48.89, 58.33, 53.61,
2006, 5, 0.247,299.50, 50.04, 62.95, 56.49,
2006, 6, 0.237,299.88, 50.97, 66.32, 58.65,
2006, 7, 0.227,300.08, 50.66, 69.69, 60.17,
2006, 8, 0.217,300.28, 50.28, 71.61, 60.95,
2006, 9, 0.208,300.48, 49.38, 71.15, 60.27,
2006,10, 0.199,300.30, 48.09, 71.30, 59.69,
2006,11, 0.193,299.70, 47.08, 73.23, 60.16,
2006,12, 0.190,299.06, 47.82, 74.75, 61.28,
2006,13, 0.188,298.04, 48.70, 75.88, 62.29,
2006,14, 0.192,297.20, 50.74, 74.01, 62.38,
2006,15, 0.200,296.76, 53.67, 68.50, 61.08,
2006,16, 0.209,296.39, 55.72, 61.52, 58.62,
2006,17, 0.218,296.00, 56.35, 55.53, 55.94,
2006,18, 0.224,295.25, 55.43, 53.00, 54.22,
2006,19, 0.230,294.48, 54.36, 48.78, 51.57,
2006,20, 0.237,293.99, 52.77, 44.48, 48.62,
2006,21, 0.242,293.67, 51.83, 39.43, 45.63,
2006,22, 0.244,293.04, 49.51, 37.27, 43.39,
2006,23, 0.243,292.30, 46.55, 37.29, 41.92,
2006,24, 0.241,291.53, 43.68, 37.80, 40.74,
2006,25, 0.237,291.01, 40.85, 37.09, 38.97,
2006,26, 0.231,290.25, 37.46, 39.49, 38.47,
2006,27, 0.224,289.41, 35.17, 43.08, 39.13,
2006,28, 0.223,289.09, 35.43, 43.07, 39.25,
2006,29, 0.221,288.83, 36.62, 39.68, 38.15,
2006,30, 0.218,288.24, 37.40, 36.73, 37.06,
2006,31, 0.212,287.09, 37.07, 37.41, 37.24,
2006,32, 0.212,286.51, 39.06, 34.26, 36.66,
2006,33, 0.218,286.71, 42.61, 28.15, 35.38,
2006,34, 0.228,287.03, 47.35, 23.39, 35.37,
2006,35, 0.235,286.94, 50.14, 21.99, 36.06,
2006,36, 0.241,286.92, 51.96, 21.49, 36.72,
2006,37, 0.246,286.80, 52.55, 22.04, 37.30,
2006,38, 0.252,286.97, 52.83, 22.56, 37.70,
2006,39, 0.260,287.53, 53.41, 23.11, 38.26,
2006,40, 0.272,288.68, 55.11, 21.46, 38.29,
2006,41, 0.289,290.56, 58.36, 16.53, 37.44,
2006,42, 0.304,292.40, 61.24, 11.47, 36.35,
2006,43, 0.314,293.85, 62.54,  8.42, 35.48,
2006,44, 0.318,294.80, 60.70,  8.11, 34.40,
2006,45, 0.321,295.68, 58.47,  8.11, 33.29,
2006,46, 0.321,296.55, 55.94,  7.32, 31.63,
2006,47, 0.322,297.29, 54.42,  7.52, 30.97,
2006,48, 0.319,297.92, 51.97,  8.93, 30.45,
2006,49, 0.313,298.28, 49.07, 12.24, 30.66,
2006,50, 0.303,298.47, 47.68, 16.78, 32.23,
2006,51, 0.291,298.71, 43.74, 21.00, 32.37,
2006,52, 0.278,299.18, 40.43, 23.77, 32.10,
2007, 1, 0.266,299.63, 33.25, 27.59, 30.42,
2007, 2, 0.255,300.25, 32.86, 28.67, 30.76,
2007, 3, 0.248,301.16, 34.54, 27.72, 31.13,
2007, 4, 0.239,302.03, 35.83, 26.11, 30.97,
2007, 5, 0.228,302.53, 35.81, 28.53, 32.17,
2007, 6, 0.218,302.89, 35.75, 31.96, 33.86,
2007, 7, 0.205,303.09, 34.11, 35.32, 34.71,
2007, 8, 0.192,302.86, 31.24, 43.09, 37.17,
2007, 9, 0.181,302.32, 28.76, 51.86, 40.31,
2007,10, 0.175,301.88, 28.79, 56.14, 42.46,
2007,11, 0.175,301.61, 31.74, 56.41, 44.07,
2007,12, 0.176,301.19, 35.51, 56.38, 45.95,
2007,13, 0.180,300.75, 39.88, 53.10, 46.49,
2007,14, 0.186,300.17, 43.59, 49.69, 46.64,
2007,15, 0.190,299.17, 44.38, 48.73, 46.55,
2007,16, 0.195,298.04, 44.90, 47.86, 46.38,
2007,17, 0.200,296.72, 44.47, 49.00, 46.74,
2007,18, 0.207,295.19, 44.01, 52.35, 48.18,
2007,19, 0.217,294.22, 45.82, 49.60, 47.71,
2007,20, 0.228,293.55, 47.23, 46.79, 47.01,
2007,21, 0.238,293.06, 48.84, 43.20, 46.02,
2007,22, 0.246,292.60, 49.96, 39.88, 44.92,
2007,23, 0.250,292.03, 49.62, 38.74, 44.18,
2007,24, 0.247,291.00, 47.12, 41.71, 44.41,
2007,25, 0.241,289.79, 43.20, 46.86, 45.03,
2007,26, 0.239,289.34, 42.07, 46.66, 44.36,
2007,27, 0.241,289.40, 43.76, 42.71, 43.24,
2007,28, 0.240,289.17, 44.20, 41.98, 43.09,
2007,29, 0.241,288.95, 46.07, 38.90, 42.49,
2007,30, 0.242,288.90, 49.07, 33.33, 41.20,
2007,31, 0.242,288.73, 51.03, 29.84, 40.43,
2007,32, 0.241,288.26, 52.68, 28.33, 40.51,
2007,33, 0.242,287.88, 53.90, 27.89, 40.89,
2007,34, 0.248,288.15, 56.79, 25.59, 41.19,
2007,35, 0.255,288.65, 59.62, 22.45, 41.04,
2007,36, 0.256,288.52, 59.09, 23.29, 41.19,
2007,37, 0.255,288.04, 57.04, 26.10, 41.57,
2007,38, 0.256,287.79, 55.27, 29.35, 42.31,
2007,39, 0.262,288.17, 54.41, 30.50, 42.45,
2007,40, 0.268,288.53, 53.00, 31.93, 42.47,
2007,41, 0.275,288.87, 51.32, 35.30, 43.31,
2007,42, 0.285,289.55, 51.18, 36.52, 43.85,
2007,43, 0.296,290.44, 52.22, 35.51, 43.87,
2007,44, 0.303,291.45, 52.04, 33.16, 42.60,
2007,45, 0.310,292.60, 52.17, 30.44, 41.30,
2007,46, 0.315,293.79, 52.36, 28.65, 40.50,
2007,47, 0.318,295.12, 51.76, 25.72, 38.74,
2007,48, 0.316,296.18, 50.27, 23.93, 37.10,
2007,49, 0.309,296.78, 46.82, 25.37, 36.09,
2007,50, 0.298,297.37, 44.59, 27.03, 35.81,
2007,51, 0.290,298.05, 42.90, 27.97, 35.44,
2007,52, 0.281,298.78, 42.04, 28.42, 35.23,
2008, 1, 0.273,299.38, 37.65, 30.56, 34.10,
2008, 2, 0.264,300.01, 38.85, 31.45, 35.15,
2008, 3, 0.254,300.24, 39.25, 38.50, 38.87,
2008, 4, 0.242,300.32, 38.71, 45.91, 42.31,
2008, 5, 0.231,300.52, 39.32, 51.89, 45.61,
2008, 6, 0.224,300.89, 41.64, 55.03, 48.34,
2008, 7, 0.217,301.04, 44.28, 59.12, 51.70,
2008, 8, 0.211,301.13, 46.16, 62.71, 54.44,
2008, 9, 0.207,301.27, 48.36, 63.43, 55.89,
2008,10, 0.199,300.89, 47.46, 66.06, 56.76,
2008,11, 0.191,300.24, 44.75, 68.95, 56.85,
2008,12, 0.186,299.85, 44.33, 68.32, 56.33,
2008,13, 0.186,299.48, 45.50, 64.21, 54.86,
2008,14, 0.188,298.78, 46.74, 61.40, 54.07,
2008,15, 0.194,298.09, 48.72, 57.87, 53.29,
2008,16, 0.200,297.03, 49.77, 56.27, 53.02,
2008,17, 0.205,295.90, 48.88, 55.49, 52.19,
2008,18, 0.211,294.72, 47.71, 56.03, 51.87,
2008,19, 0.220,293.86, 48.46, 52.65, 50.55,
2008,20, 0.230,293.25, 48.98, 49.29, 49.13,
2008,21, 0.238,293.03, 49.76, 43.34, 46.55,
2008,22, 0.243,292.62, 49.29, 39.33, 44.31,
2008,23, 0.246,292.02, 48.62, 38.41, 43.52,
2008,24, 0.246,291.28, 47.17, 39.16, 43.17,
2008,25, 0.245,290.85, 45.68, 38.37, 42.02,
2008,26, 0.246,290.79, 46.03, 35.43, 40.73,
2008,27, 0.248,291.02, 48.34, 30.59, 39.47,
2008,28, 0.249,291.07, 49.36, 28.06, 38.71,
2008,29, 0.247,290.96, 50.09, 24.67, 37.38,
2008,30, 0.240,290.09, 48.80, 24.56, 36.68,
2008,31, 0.237,289.57, 49.33, 22.83, 36.08,
2008,32, 0.236,289.03, 50.62, 21.34, 35.98,
2008,33, 0.235,288.36, 50.76, 21.77, 36.26,
2008,34, 0.238,288.20, 51.89, 21.43, 36.66,
2008,35, 0.240,288.04, 52.33, 21.78, 37.06,
2008,36, 0.240,287.65, 51.62, 23.78, 37.70,
2008,37, 0.239,287.08, 49.70, 27.27, 38.49,
2008,38, 0.242,286.94, 48.87, 29.97, 39.42,
2008,39, 0.252,287.65, 50.13, 29.65, 39.89,
2008,40, 0.261,288.31, 49.91, 31.09, 40.50,
2008,41, 0.268,288.75, 48.18, 36.38, 42.28,
2008,42, 0.277,289.27, 46.97, 41.52, 44.25,
2008,43, 0.282,289.38, 44.64, 48.48, 46.56,
2008,44, 0.285,289.64, 41.52, 53.50, 47.51,
2008,45, 0.288,290.02, 39.27, 58.40, 48.84,
2008,46, 0.292,290.64, 38.39, 61.08, 49.73,
2008,47, 0.298,291.78, 39.99, 58.36, 49.17,
2008,48, 0.300,292.94, 40.97, 55.46, 48.21,
2008,49, 0.299,294.05, 41.78, 50.86, 46.32,
2008,50, 0.295,294.98, 43.25, 49.74, 46.49,
2008,51, 0.291,296.08, 44.53, 47.40, 45.97,
2008,52, 0.286,297.03, 45.56, 46.34, 45.95,
2009, 1, 0.279,297.72, 42.17, 48.96, 45.56,
2009, 2, 0.272,298.52, 44.55, 48.14, 46.35,
2009, 3, 0.264,299.23, 46.38, 49.84, 48.11,
2009, 4, 0.251,299.73, 45.73, 52.13, 48.93,
2009, 5, 0.237,299.99, 43.82, 57.56, 50.69,
2009, 6, 0.224,300.15, 42.34, 63.23, 52.78,
2009, 7, 0.216,300.05, 42.58, 70.10, 56.34,
2009, 8, 0.211,299.87, 44.94, 76.53, 60.73,
2009, 9, 0.210,299.82, 49.41, 78.73, 64.07,
2009,10, 0.210,299.56, 53.84, 78.75, 66.30,
2009,11, 0.210,298.91, 57.09, 80.39, 68.74,
2009,12, 0.213,298.45, 61.80, 79.98, 70.89,
2009,13, 0.214,297.87, 64.65, 77.26, 70.96,
2009,14, 0.217,297.17, 65.54, 74.17, 69.85,
2009,15, 0.220,296.49, 64.84, 70.42, 67.63,
2009,16, 0.223,295.84, 63.54, 65.48, 64.51,
2009,17, 0.229,295.44, 62.43, 59.47, 60.95,
2009,18, 0.232,294.52, 59.60, 58.44, 59.02,
2009,19, 0.236,293.68, 57.67, 54.92, 56.29,
2009,20, 0.242,293.11, 56.15, 51.07, 53.61,
2009,21, 0.249,292.77, 55.41, 46.12, 50.76,
2009,22, 0.254,292.61, 54.67, 40.19, 47.43,
2009,23, 0.257,292.55, 54.20, 34.56, 44.38,
2009,24, 0.259,292.22, 53.37, 31.95, 42.66,
2009,25, 0.257,291.63, 51.62, 32.39, 42.00,
2009,26, 0.253,290.91, 49.75, 34.71, 42.23,
2009,27, 0.246,289.85, 47.32, 39.72, 43.52,
2009,28, 0.239,288.99, 44.41, 43.65, 44.03,
2009,29, 0.227,287.87, 40.54, 46.33, 43.44,
2009,30, 0.220,287.26, 39.02, 43.00, 41.01,
2009,31, 0.221,287.55, 41.63, 35.26, 38.44,
2009,32, 0.222,287.42, 44.21, 30.54, 37.38,
2009,33, 0.223,287.20, 45.11, 28.10, 36.61,
2009,34, 0.226,287.35, 46.67, 25.42, 36.04,
2009,35, 0.227,286.89, 46.62, 26.55, 36.59,
2009,36, 0.230,286.65, 47.15, 27.09, 37.12,
2009,37, 0.231,286.08, 46.05, 30.23, 38.14,
2009,38, 0.234,285.68, 45.40, 33.55, 39.48,
2009,39, 0.248,286.50, 48.48, 32.03, 40.25,
2009,40, 0.264,287.46, 51.70, 31.10, 41.40,
2009,41, 0.280,288.60, 54.37, 30.91, 42.64,
2009,42, 0.296,289.88, 56.87, 30.74, 43.80,
2009,43, 0.312,291.48, 60.93, 26.46, 43.70,
2009,44, 0.327,293.24, 64.83, 19.67, 42.25,
2009,45, 0.331,293.92, 63.43, 21.72, 42.57,
2009,46, 0.330,294.71, 59.92, 22.10, 41.01,
2009,47, 0.329,296.06, 57.23, 17.29, 37.26,
2009,48, 0.324,297.12, 53.27, 14.68, 33.97,
2009,49, 0.317,298.19, 50.29, 11.12, 30.70,
2009,50, 0.308,299.15, 49.02,  9.00, 29.01,
2009,51, 0.295,299.71, 44.77, 10.01, 27.39,
2009,52, 0.282,300.14, 41.44, 12.56, 27.00,
2010, 1, 0.261,300.67, 29.56, 16.35, 22.96,
2010, 2, 0.247,301.04, 27.77, 20.08, 23.93,
2010, 3, 0.235,301.56, 26.90, 23.29, 25.10,
2010, 4, 0.224,302.13, 27.16, 25.08, 26.12,
2010, 5, 0.215,302.66, 28.43, 27.15, 27.79,
2010, 6, 0.207,303.15, 30.03, 29.05, 29.54,
2010, 7, 0.201,303.71, 32.03, 28.27, 30.15,
2010, 8, 0.196,304.53, 35.00, 24.65, 29.82,
2010, 9, 0.190,305.03, 36.47, 23.38, 29.92,
2010,10, 0.182,304.94, 35.18, 26.47, 30.83,
2010,11, 0.172,304.56, 31.67, 30.05, 30.86,
2010,12, 0.163,304.03, 28.97, 31.58, 30.28,
2010,13, 0.159,303.36, 28.02, 31.12, 29.57,
2010,14, 0.158,302.25, 27.87, 32.88, 30.38,
2010,15, 0.162,301.32, 29.69, 31.88, 30.78,
2010,16, 0.169,300.42, 31.52, 29.59, 30.56,
2010,17, 0.177,299.40, 33.07, 28.33, 30.70,
2010,18, 0.186,298.34, 34.02, 27.88, 30.95,
2010,19, 0.195,297.11, 34.76, 27.27, 31.01,
2010,20, 0.206,296.28, 36.11, 25.49, 30.80,
2010,21, 0.217,295.75, 38.00, 22.06, 30.03,
2010,22, 0.226,294.97, 39.57, 20.93, 30.25,
2010,23, 0.232,294.07, 40.74, 22.03, 31.39,
2010,24, 0.240,293.55, 43.30, 21.02, 32.16,
2010,25, 0.246,293.37, 45.95, 18.68, 32.32,
2010,26, 0.250,293.11, 47.42, 17.83, 32.63,
2010,27, 0.251,292.56, 48.77, 19.34, 34.06,
2010,28, 0.250,291.76, 48.60, 23.35, 35.97,
2010,29, 0.247,290.76, 48.52, 26.81, 37.67,
2010,30, 0.243,289.60, 48.87, 29.30, 39.08,
2010,31, 0.242,289.02, 50.41, 29.06, 39.73,
2010,32, 0.243,288.90, 53.07, 26.26, 39.66,
2010,33, 0.248,289.08, 55.94, 23.41, 39.67,
2010,34, 0.252,289.20, 58.33, 22.46, 40.40,
2010,35, 0.259,289.24, 60.96, 22.81, 41.88,
2010,36, 0.266,289.20, 63.20, 23.96, 43.58,
2010,37, 0.271,288.89, 64.15, 25.89, 45.02,
2010,38, 0.274,288.41, 63.16, 30.05, 46.60,
2010,39, 0.278,288.37, 61.25, 33.83, 47.54,
2010,40, 0.281,288.47, 58.82, 37.81, 48.32,
2010,41, 0.284,288.38, 54.96, 45.53, 50.24,
2010,42, 0.287,288.48, 51.29, 52.57, 51.93,
2010,43, 0.292,289.01, 49.19, 55.59, 52.39,
2010,44, 0.299,289.96, 48.41, 54.77, 51.59,
2010,45, 0.305,291.03, 48.22, 53.22, 50.72,
2010,46, 0.306,291.87, 45.90, 53.24, 49.57,
2010,47, 0.305,292.87, 43.09, 51.17, 47.13,
2010,48, 0.302,294.02, 40.62, 47.41, 44.02,
2010,49, 0.298,295.24, 39.73, 41.20, 40.46,
2010,50, 0.291,295.87, 39.88, 41.93, 40.91,
2010,51, 0.285,296.73, 40.01, 41.10, 40.55,
2010,52, 0.280,297.83, 40.76, 37.98, 39.37,
2011, 1, 0.273,298.51, 37.66, 39.98, 38.82,
2011, 2, 0.264,299.04, 38.68, 42.16, 40.42,
2011, 3, 0.253,299.73, 39.45, 44.21, 41.83,
2011, 4, 0.240,300.27, 38.57, 46.39, 42.48,
2011, 5, 0.225,300.46, 36.17, 52.47, 44.32,
2011, 6, 0.211,300.56, 33.57, 59.03, 46.30,
2011, 7, 0.197,300.76, 30.64, 62.47, 46.56,
2011, 8, 0.185,300.77, 28.43, 66.77, 47.60,
2011, 9, 0.177,300.30, 27.80, 73.39, 50.60,
2011,10, 0.172,299.74, 28.46, 76.74, 52.60,
2011,11, 0.170,299.14, 30.09, 78.14, 54.11,
2011,12, 0.170,298.93, 32.88, 75.80, 54.34,
2011,13, 0.171,298.78, 35.40, 69.67, 52.53,
2011,14, 0.175,298.41, 38.01, 63.93, 50.97,
2011,15, 0.180,297.92, 40.25, 58.86, 49.55,
2011,16, 0.188,297.34, 42.35, 53.74, 48.05,
2011,17, 0.197,296.38, 43.88, 52.15, 48.02,
2011,18, 0.204,295.14, 44.08, 53.40, 48.74,
2011,19, 0.214,294.09, 45.27, 51.55, 48.41,
2011,20, 0.225,293.62, 46.69, 47.07, 46.88,
2011,21, 0.234,293.12, 47.37, 43.34, 45.35,
2011,22, 0.237,292.26, 46.13, 43.23, 44.68,
2011,23, 0.237,291.43, 44.04, 43.94, 43.99,
2011,24, 0.235,290.58, 41.31, 45.26, 43.29,
2011,25, 0.233,290.11, 39.89, 44.42, 42.16,
2011,26, 0.232,289.73, 39.32, 44.21, 41.77,
2011,27, 0.232,289.54, 40.27, 43.01, 41.64,
2011,28, 0.231,289.35, 41.24, 42.51, 41.87,
2011,29, 0.232,289.07, 43.17, 40.06, 41.62,
2011,30, 0.233,288.79, 45.94, 35.48, 40.71,
2011,31, 0.232,288.14, 47.56, 33.99, 40.78,
2011,32, 0.231,287.42, 49.30, 33.13, 41.22,
2011,33, 0.232,286.67, 50.44, 32.85, 41.65,
2011,34, 0.232,285.56, 50.21, 35.83, 43.02,
2011,35, 0.230,284.57, 49.25, 39.02, 44.13,
2011,36, 0.230,283.81, 48.22, 41.11, 44.66,
2011,37, 0.229,282.86, 45.97, 44.47, 45.22,
2011,38, 0.228,282.00, 43.59, 48.76, 46.17,
2011,39, 0.233,281.79, 42.44, 52.36, 47.40,
2011,40, 0.245,282.83, 43.72, 52.18, 47.95,
2011,41, 0.260,284.56, 45.68, 51.52, 48.60,
2011,42, 0.278,286.82, 49.66, 47.69, 48.68,
2011,43, 0.293,288.87, 53.37, 43.08, 48.23,
2011,44, 0.304,290.60, 55.31, 38.80, 47.05,
2011,45, 0.310,291.92, 55.31, 36.95, 46.13,
2011,46, 0.312,292.83, 53.47, 37.19, 45.33,
2011,47, 0.310,293.49, 50.26, 39.16, 44.71,
2011,48, 0.307,294.32, 47.27, 40.49, 43.88,
2011,49, 0.302,295.13, 44.66, 40.07, 42.36,
2011,50, 0.294,295.56, 43.53, 44.22, 43.88,
2011,51, 0.282,295.80, 39.69, 50.41, 45.05,
2011,52, 0.272,296.10, 37.46, 56.62, 47.04,
2012, 1, 0.264,296.42, 33.21, 63.39, 48.30,
2012, 2, 0.256,296.91, 34.22, 66.51, 50.37,
2012, 3, 0.247,297.30, 35.10, 72.43, 53.76,
2012, 4, 0.240,297.59, 37.43, 76.60, 57.01,
2012, 5, 0.234,297.84, 40.49, 81.82, 61.16,
2012, 6, 0.230,298.27, 44.53, 83.38, 63.96,
2012, 7, 0.225,298.62, 47.91, 84.04, 65.98,
2012, 8, 0.219,298.57, 49.71, 86.57, 68.14,
2012, 9, 0.212,298.36, 50.64, 87.99, 69.31,
2012,10, 0.208,298.41, 52.53, 84.97, 68.75,
2012,11, 0.206,298.53, 54.46, 80.46, 67.46,
2012,12, 0.204,298.47, 56.04, 77.37, 66.71,
2012,13, 0.202,298.03, 57.10, 74.00, 65.55,
2012,14, 0.204,297.60, 57.83, 69.71, 63.77,
2012,15, 0.207,297.27, 57.36, 63.81, 60.59,
2012,16, 0.210,296.69, 55.68, 58.89, 57.29,
2012,17, 0.214,296.02, 54.00, 55.16, 54.58,
2012,18, 0.218,295.21, 51.72, 53.01, 52.37,
2012,19, 0.221,294.20, 49.22, 50.73, 49.97,
2012,20, 0.222,292.90, 45.33, 52.83, 49.08,
2012,21, 0.222,291.50, 41.73, 56.09, 48.91,
2012,22, 0.233,291.39, 44.18, 50.71, 47.45,
2012,23, 0.236,290.71, 43.89, 50.11, 47.00,
2012,24, 0.239,290.30, 44.26, 47.80, 46.03,
2012,25, 0.242,290.06, 44.82, 45.03, 44.93,
2012,26, 0.245,289.94, 46.19, 42.48, 44.34,
2012,27, 0.245,290.12, 47.38, 38.04, 42.71,
2012,28, 0.244,289.78, 47.90, 38.60, 43.25,
2012,29, 0.242,289.50, 48.56, 36.89, 42.73,
2012,30, 0.242,289.58, 50.59, 31.25, 40.92,
2012,31, 0.242,289.52, 52.28, 27.97, 40.13,
2012,32, 0.239,288.99, 52.45, 27.69, 40.07,
2012,33, 0.237,288.63, 51.97, 27.04, 39.51,
2012,34, 0.236,288.59, 51.55, 26.27, 38.91,
2012,35, 0.235,288.46, 50.48, 26.33, 38.41,
2012,36, 0.232,287.97, 48.03, 28.60, 38.32,
2012,37, 0.231,287.84, 45.93, 28.83, 37.38,
2012,38, 0.236,288.47, 45.76, 25.56, 35.66,
2012,39, 0.245,289.23, 46.49, 23.30, 34.89,
2012,40, 0.255,289.88, 46.64, 22.59, 34.62,
2012,41, 0.270,291.11, 48.40, 20.40, 34.40,
2012,42, 0.283,292.23, 49.73, 19.89, 34.81,
2012,43, 0.295,293.12, 50.71, 20.28, 35.49,
2012,44, 0.302,293.63, 49.84, 22.71, 36.27,
2012,45, 0.305,293.82, 48.05, 28.18, 38.11,
2012,46, 0.306,294.16, 45.00, 32.15, 38.58,
2012,47, 0.309,295.06, 44.25, 30.89, 37.57,
2012,48, 0.312,295.91, 44.96, 29.75, 37.35,
2012,49, 0.314,296.77, 47.26, 27.29, 37.28,
2012,50, 0.313,297.61, 50.99, 25.63, 38.31,
2012,51, 0.309,298.38, 52.02, 24.50, 38.26,
2012,52, 0.299,298.85, 50.99, 26.98, 38.98,
2013, 1, 0.273,298.33, 38.99, 40.28, 39.63,
2013, 2, 0.259,299.17, 37.45, 39.38, 38.42,
2013, 3, 0.245,299.88, 35.54, 41.06, 38.30,
2013, 4, 0.235,300.49, 36.69, 43.69, 40.19,
2013, 5, 0.222,301.19, 36.10, 43.87, 39.99,
2013, 6, 0.211,301.86, 35.54, 43.52, 39.54,
2013, 7, 0.199,302.41, 34.41, 42.97, 38.70,
2013, 8, 0.188,302.74, 33.29, 43.09, 38.19,
2013, 9, 0.178,302.80, 32.44, 43.99, 38.25,
2013,10, 0.170,302.75, 31.50, 45.20, 38.38,
2013,11, 0.168,302.00, 33.07, 51.14, 42.14,
2013,12, 0.167,302.26, 34.69, 47.75, 41.24,
2013,13, 0.166,301.32, 36.48, 50.83, 43.66,
2013,14, 0.169,300.33, 38.63, 52.75, 45.70,
2013,15, 0.173,299.14, 40.13, 54.99, 47.58,
2013,16, 0.182,298.07, 42.96, 55.41, 49.21,
2013,17, 0.190,296.58, 44.23, 56.88, 50.59,
2013,18, 0.199,295.50, 45.70, 54.94, 50.34,
2013,19, 0.211,295.30, 48.57, 45.28, 46.92,
2013,20, 0.219,294.91, 48.61, 40.12, 44.36,
2013,21, 0.223,293.94, 47.43, 39.98, 43.70,
2013,22, 0.226,293.01, 45.54, 40.56, 43.04,
2013,23, 0.227,292.25, 43.48, 40.00, 41.73,
2013,24, 0.230,291.99, 43.68, 36.03, 39.85,
2013,25, 0.233,290.91, 43.46, 38.10, 40.76,
2013,26, 0.236,289.85, 44.07, 41.58, 42.76,
2013,27, 0.241,289.41, 45.46, 41.43, 43.37,
2013,28, 0.241,288.61, 45.54, 43.86, 44.65,
2013,29, 0.244,288.04, 46.76, 43.36, 45.02,
2013,30, 0.243,287.06, 47.48, 44.09, 45.73,
2013,31, 0.244,286.56, 49.02, 42.62, 45.79,
2013,32, 0.252,287.21, 53.85, 35.13, 44.48,
2013,33, 0.258,287.51, 57.10, 31.10, 44.08,
2013,34, 0.261,287.18, 58.54, 31.21, 44.86,
2013,35, 0.260,286.45, 57.93, 34.45, 46.15,
2013,36, 0.255,285.47, 55.25, 39.52, 47.37,
2013,37, 0.255,285.07, 53.59, 41.39, 47.47,
2013,38, 0.254,284.30, 51.11, 45.05, 48.06,
2013,39, 0.256,284.28, 49.24, 47.08, 48.15,
2013,40, 0.264,285.16, 48.70, 46.26, 47.42,
2013,41, 0.276,286.82, 49.50, 42.67, 46.00,
2013,42, 0.289,288.71, 51.35, 38.04, 44.60,
2013,43, 0.299,290.08, 52.34, 36.32, 44.26,
2013,44, 0.305,290.99, 51.87, 36.98, 44.36,
2013,45, 0.309,292.06, 50.50, 36.70, 43.54,
2013,46, 0.310,293.06, 47.97, 35.13, 41.54,
2013,47, 0.306,293.84, 44.19, 35.78, 39.97,
2013,48, 0.299,294.57, 40.47, 37.12, 38.80,
2013,49, 0.291,295.44, 37.45, 35.65, 36.56,
2013,50, 0.284,296.43, 37.26, 33.85, 35.55,
2013,51, 0.277,297.19, 36.65, 34.16, 35.40,
2013,52, 0.270,297.91, 36.62, 35.35, 35.99,
2014, 1, 0.261,298.83, 32.95, 34.70, 33.83,
2014, 2, 0.252,299.82, 34.03, 32.20, 33.13,
2014, 3, 0.243,300.62, 34.70, 32.88, 33.80,
2014, 4, 0.237,301.35, 38.22, 34.03, 36.13,
2014, 5, 0.227,302.27, 38.89, 31.79, 35.35,
2014, 6, 0.217,303.14, 38.99, 29.38, 34.19,
2014, 7, 0.207,303.87, 38.96, 26.94, 32.96,
2014, 8, 0.198,304.26, 38.82, 26.98, 32.92,
2014, 9, 0.190,304.38, 38.75, 28.10, 33.45,
2014,10, 0.184,304.22, 38.95, 31.62, 35.30,
2014,11, 0.182,303.03, 41.25, 42.37, 41.84,
2014,12, 0.181,303.00, 43.12, 41.78, 42.47,
2014,13, 0.181,302.08, 45.30, 44.82, 45.06,
2014,14, 0.183,301.28, 46.96, 45.70, 46.34,
2014,15, 0.187,300.45, 48.04, 45.50, 46.80,
2014,16, 0.194,299.67, 49.73, 44.19, 46.97,
2014,17, 0.202,298.81, 50.89, 41.19, 46.05,
2014,18, 0.211,297.98, 52.14, 36.39, 44.28,
2014,19, 0.219,297.25, 53.24, 29.85, 41.55,
2014,20, 0.225,296.55, 52.07, 26.85, 39.47,
2014,21, 0.229,295.47, 50.38, 27.56, 38.98,
2014,22, 0.228,294.27, 46.92, 30.24, 38.58,
2014,23, 0.227,293.29, 43.96, 31.55, 37.76,
2014,24, 0.226,292.26, 41.60, 33.90, 37.70,
2014,25, 0.227,291.21, 40.50, 36.15, 38.26,
2014,26, 0.229,290.63, 40.66, 35.67, 38.08,
2014,27, 0.232,290.21, 41.53, 35.43, 38.40,
2014,28, 0.233,289.25, 41.55, 39.25, 40.40,
2014,29, 0.236,288.80, 43.34, 38.41, 40.84,
2014,30, 0.239,288.41, 45.88, 35.01, 40.40,
2014,31, 0.245,288.30, 49.40, 31.00, 40.13,
2014,32, 0.256,288.86, 55.40, 24.03, 39.68,
2014,33, 0.262,288.92, 58.46, 21.44, 39.94,
2014,34, 0.267,288.82, 60.61, 20.65, 40.57,
2014,35, 0.269,288.61, 61.57, 21.51, 41.51,
2014,36, 0.274,288.67, 63.01, 21.27, 42.11,
2014,37, 0.282,288.89, 65.13, 20.56, 42.80,
2014,38, 0.293,289.53, 68.01, 17.76, 42.80,
2014,39, 0.306,290.46, 70.26, 14.90, 42.47,
2014,40, 0.314,290.83, 70.66, 16.04, 43.22,
2014,41, 0.321,290.85, 69.49, 21.74, 45.51,
2014,42, 0.331,291.68, 70.04, 23.28, 46.58,
2014,43, 0.340,292.52, 70.95, 24.20, 47.51,
2014,44, 0.345,293.04, 70.28, 26.37, 48.26,
2014,45, 0.347,293.73, 68.32, 28.03, 48.12,
2014,46, 0.344,294.28, 64.03, 29.51, 46.76,
2014,47, 0.335,294.72, 57.79, 32.20, 44.99,
2014,48, 0.326,295.22, 52.63, 34.67, 43.67,
2014,49, 0.317,295.55, 48.88, 37.33, 43.12,
2014,50, 0.309,295.92, 48.99, 40.85, 44.92,
2014,51, 0.301,296.75, 48.19, 40.21, 44.21,
2014,52, 0.291,297.70, 47.20, 38.42, 42.83,
2015, 1, 0.276,298.54, 41.02, 38.05, 39.55,
2015, 2, 0.262,299.76, 38.90, 32.75, 35.83,
2015, 3, 0.249,301.22, 37.43, 25.83, 31.63,
2015, 4, 0.239,302.29, 38.58, 23.00, 30.79,
2015, 5, 0.224,303.11, 36.69, 21.98, 29.32,
2015, 6, 0.210,303.68, 34.68, 23.23, 28.96,
2015, 7, 0.197,304.08, 32.54, 24.52, 28.54,
2015, 8, 0.185,304.35, 30.59, 26.07, 28.33,
2015, 9, 0.173,304.54, 28.50, 26.66, 27.59,
2015,10, 0.164,304.53, 26.43, 28.75, 27.60,
2015,11, 0.160,303.61, 27.22, 37.38, 32.33,
2015,12, 0.159,304.35, 28.78, 30.64, 29.73,
2015,13, 0.158,304.08, 30.02, 29.33, 29.68,
2015,14, 0.159,303.51, 31.51, 29.37, 30.47,
2015,15, 0.163,302.72, 33.03, 29.59, 31.34,
2015,16, 0.169,302.07, 34.79, 28.05, 31.44,
2015,17, 0.174,300.73, 35.10, 27.91, 31.53,
2015,18, 0.180,299.41, 35.51, 26.01, 30.78,
2015,19, 0.189,298.69, 37.14, 18.95, 28.06,
2015,20, 0.198,298.23, 37.73, 13.91, 25.83,
2015,21, 0.203,297.50, 36.74, 11.84, 24.29,
2015,22, 0.208,296.74, 36.02, 10.55, 23.29,
2015,23, 0.213,295.75, 36.27, 12.12, 24.20,
2015,24, 0.219,295.12, 37.90, 11.64, 24.77,
2015,25, 0.224,294.11, 39.19, 13.40, 26.26,
2015,26, 0.230,293.22, 41.04, 15.77, 28.35,
2015,27, 0.238,292.51, 44.07, 18.41, 31.18,
2015,28, 0.244,291.66, 46.72, 22.55, 34.60,
2015,29, 0.253,291.48, 51.13, 21.45, 36.24,
2015,30, 0.262,290.92, 55.77, 20.98, 38.31,
2015,31, 0.270,290.53, 60.24, 20.45, 40.27,
2015,32, 0.282,291.24, 66.55, 14.24, 40.38,
2015,33, 0.289,291.43, 69.62, 11.99, 40.80,
2015,34, 0.291,291.41, 70.88, 11.20, 41.03,
2015,35, 0.293,291.33, 71.82, 11.19, 41.49,
2015,36, 0.295,291.26, 72.02, 11.48, 41.73,
2015,37, 0.300,291.49, 72.67, 10.43, 41.51,
2015,38, 0.305,291.50, 72.99, 10.81, 41.86,
2015,39, 0.313,291.82, 73.24, 11.17, 42.16,
2015,40, 0.322,292.22, 73.83, 10.90, 42.30,
2015,41, 0.330,292.61, 73.42, 12.52, 42.91,
2015,42, 0.341,293.52, 73.94, 11.72, 42.79,
2015,43, 0.348,294.23, 74.27, 11.88, 43.05,
2015,44, 0.352,294.86, 73.16, 11.81, 42.46,
2015,45, 0.356,295.72, 72.42, 11.10, 41.74,
2015,46, 0.354,296.26, 69.00, 12.38, 40.68,
2015,47, 0.346,296.54, 63.23, 16.02, 39.62,
2015,48, 0.335,296.84, 57.36, 19.42, 38.40,
2015,49, 0.323,297.21, 52.29, 21.93, 37.12,
2015,50, 0.312,297.85, 50.82, 22.48, 36.65,
2015,51, 0.301,298.57, 48.19, 22.06, 35.13,
2015,52, 0.289,299.15, 45.96, 23.36, 34.67,
2016, 1, 0.274,299.67, 39.82, 26.24, 33.03,
2016, 2, 0.260,300.10, 38.00, 29.42, 33.71,
2016, 3, 0.246,300.39, 36.53, 35.55, 36.04,
2016, 4, 0.238,300.74, 39.11, 40.60, 39.85,
2016, 5, 0.227,301.52, 39.40, 39.60, 39.51,
2016, 6, 0.216,302.44, 39.44, 36.41, 37.94,
2016, 7, 0.206,303.24, 39.30, 32.94, 36.15,
2016, 8, 0.195,303.79, 38.77, 31.15, 34.99,
2016, 9, 0.186,303.95, 38.06, 31.81, 34.99,
2016,10, 0.177,304.35, 36.35, 29.83, 33.12,
2016,11, 0.162,305.43, 29.18, 20.84, 25.03,
2016,12, 0.157,306.79, 28.05, 10.05, 19.05,
2016,13, 0.153,307.05, 27.15,  6.11, 16.63,
2016,14, 0.150,307.00, 26.46,  3.81, 15.14,
2016,15, 0.149,306.54, 25.71,  2.77, 14.25,
2016,16, 0.150,305.91, 25.09,  2.23, 13.66,
2016,17, 0.150,304.38, 23.08,  2.84, 12.96,
2016,18, 0.152,302.17, 21.41,  5.67, 13.53,
2016,19, 0.153,299.43, 19.49, 12.89, 16.17,
2016,20, 0.159,297.39, 19.21, 20.28, 19.73,
2016,21, 0.170,295.94, 21.34, 24.23, 22.76,
2016,22, 0.184,294.48, 24.48, 29.03, 26.73,
2016,23, 0.195,293.23, 27.86, 32.60, 30.20,
2016,24, 0.204,291.98, 31.05, 36.70, 33.75,
2016,25, 0.214,290.86, 34.55, 39.32, 36.80,
2016,26, 0.225,290.20, 38.52, 39.88, 39.05,
2016,27, 0.238,290.22, 44.41, 36.42, 40.33,
2016,28, 0.253,290.22, 51.46, 33.34, 42.36,
2016,29, 0.269,290.57, 59.15, 27.30, 43.23,
2016,30, 0.282,290.68, 65.53, 21.71, 43.60,
2016,31, 0.291,290.56, 70.29, 19.62, 44.92,
2016,32, 0.296,289.97, 73.08, 21.21, 47.14,
2016,33, 0.299,289.85, 74.66, 20.46, 47.54,
2016,34, 0.300,289.61, 75.06, 20.53, 47.77,
2016,35, 0.298,289.11, 74.11, 22.41, 48.22,
2016,36, 0.297,288.78, 72.98, 23.83, 48.37,
2016,37, 0.297,288.22, 71.38, 27.00, 49.16,
2016,38, 0.295,287.46, 68.62, 31.62, 50.09,
2016,39, 0.294,287.08, 65.49, 36.15, 50.82,
2016,40, 0.296,286.78, 62.66, 41.77, 52.22,
2016,41, 0.301,286.75, 60.08, 48.83, 54.48,
2016,42, 0.306,287.06, 58.14, 55.84, 57.05,
2016,43, 0.312,287.71, 56.92, 59.48, 58.27,
2016,44, 0.320,288.91, 57.74, 58.05, 57.95,
2016,45, 0.325,290.15, 57.18, 57.30, 57.24,
2016,46, 0.325,291.21, 55.18, 56.41, 55.82,
2016,47, 0.320,291.82, 51.21, 58.68, 54.96,
2016,48, 0.313,292.11, 47.52, 63.50, 55.56,
2016,49, 0.307,292.42, 45.83, 66.00, 55.94,
2016,50, 0.302,292.70, 46.77, 70.72, 58.74,
2016,51, 0.295,293.10, 46.51, 75.69, 61.10,
2016,52, 0.292,294.04, 49.07, 75.96, 62.51,
2017, 1, 0.285,294.73, 48.11, 78.92, 63.52,
2017, 2, 0.278,295.51, 49.91, 79.06, 64.49,
2017, 3, 0.270,296.43, 51.96, 79.62, 65.80,
2017, 4, 0.266,297.40, 56.38, 78.15, 67.27,
2017, 5, 0.255,298.36, 57.37, 75.46, 66.43,
2017, 6, 0.244,299.28, 57.59, 71.94, 64.78,
2017, 7, 0.233,300.15, 56.95, 67.51, 62.24,
2017, 8, 0.221,300.81, 55.43, 63.41, 59.44,
2017, 9, 0.210,301.01, 53.80, 62.06, 57.98,
2017,10, 0.202,300.70, 52.91, 64.44, 58.72,
2017,11, 0.199,299.78, 53.84, 70.41, 62.16,
2017,12, 0.198,299.68, 54.92, 68.89, 61.94,
2017,13, 0.198,298.91, 56.88, 69.20, 63.07,
2017,14, 0.200,298.29, 58.30, 67.29, 62.82,
2017,15, 0.206,297.96, 59.63, 62.69, 61.19,
2017,16, 0.213,297.71, 60.36, 57.18, 58.79,
2017,17, 0.218,297.09, 59.87, 52.85, 56.38,
2017,18, 0.224,296.05, 59.14, 50.49, 54.84,
2017,19, 0.230,295.01, 58.73, 47.23, 52.97,
2017,20, 0.234,293.81, 56.65, 48.40, 52.50,
2017,21, 0.238,292.89, 54.95, 47.93, 51.40,
2017,22, 0.243,292.61, 54.30, 43.50, 48.85,
2017,23, 0.245,291.89, 53.34, 42.83, 48.02,
2017,24, 0.246,290.92, 52.25, 44.73, 48.40,
2017,25, 0.247,290.17, 51.71, 44.54, 48.02,
2017,26, 0.248,289.23, 50.71, 47.41, 48.89,
2017,27, 0.248,288.35, 49.92, 50.72, 50.16,
2017,28, 0.249,287.74, 49.94, 51.30, 50.53,
2017,29, 0.253,287.58, 51.73, 47.00, 49.28,
2017,30, 0.257,287.70, 54.77, 39.49, 47.01,
2017,31, 0.263,287.86, 58.04, 33.43, 45.65,
2017,32, 0.270,288.28, 62.16, 27.05, 44.53,
2017,33, 0.273,288.44, 64.13, 23.45, 43.76,
2017,34, 0.276,288.51, 65.39, 21.46, 43.35,
2017,35, 0.278,288.60, 66.11, 19.80, 42.89,
2017,36, 0.281,288.60, 66.67, 19.46, 43.00,
2017,37, 0.286,288.72, 67.51, 18.93, 43.17,
2017,38, 0.292,288.69, 67.87, 20.11, 43.92,
2017,39, 0.298,288.63, 67.40, 23.68, 45.45,
2017,40, 0.304,288.66, 66.42, 27.23, 46.72,
2017,41, 0.311,289.12, 65.27, 29.93, 47.49,
2017,42, 0.318,289.82, 64.01, 32.64, 48.25,
2017,43, 0.321,290.33, 61.87, 36.76, 49.28,
2017,44, 0.323,291.22, 59.26, 37.50, 48.34,
2017,45, 0.321,291.56, 54.84, 44.43, 49.60,
2017,46, 0.316,291.81, 49.42, 50.97, 50.20,
2017,47, 0.310,292.29, 44.73, 54.71, 49.72,
2017,48, 0.305,293.14, 42.00, 54.40, 48.20,
2017,49, 0.299,293.89, 40.86, 53.11, 46.99,
2017,50, 0.294,294.42, 41.90, 55.37, 48.62,
2017,51, 0.289,294.96, 43.00, 58.22, 50.61,
2017,52, 0.286,295.87, 44.11, 63.97, 54.04,
2018, 1, 0.277,296.34, 41.95, 62.98, 52.47,
2018, 2, 0.267,296.74, 42.13, 65.67, 53.91,
2018, 3, 0.259,297.42, 42.82, 71.14, 56.99,
2018, 4, 0.254,298.13, 47.14, 72.52, 59.83,
2018, 5, 0.245,299.14, 48.61, 67.82, 58.24,
2018, 6, 0.235,299.81, 49.63, 64.86, 57.27,
2018, 7, 0.226,300.46, 49.70, 63.70, 56.73,
2018, 8, 0.218,301.06, 49.32, 62.84, 56.12,
2018, 9, 0.209,301.29, 49.73, 59.30, 54.60,
2018,10, 0.200,301.11, 49.09, 58.54, 53.87,
2018,11, 0.193,300.56, 48.89, 63.88, 56.42,
2018,12, 0.191,301.00, 49.49, 58.97, 54.25,
2018,13, 0.188,300.70, 50.47, 55.49, 52.99,
2018,14, 0.189,300.17, 50.34, 53.31, 51.85,
2018,15, 0.190,299.15, 49.88, 52.82, 51.39,
2018,16, 0.195,298.06, 50.31, 53.27, 51.82,
2018,17, 0.200,296.92, 49.87, 53.88, 51.88,
2018,18, 0.207,295.66, 49.90, 53.23, 51.57,
2018,19, 0.216,294.98, 51.56, 47.24, 49.39,
2018,20, 0.224,294.13, 51.52, 45.90, 48.68,
2018,21, 0.228,292.89, 50.30, 48.01, 49.13,
2018,22, 0.232,291.82, 48.89, 49.89, 49.37,
2018,23, 0.233,290.52, 47.04, 53.79, 50.39,
2018,24, 0.235,289.68, 46.82, 54.44, 50.55,
2018,25, 0.241,289.45, 48.44, 49.80, 49.08,
2018,26, 0.242,288.73, 48.07, 50.56, 49.25,
2018,27, 0.240,287.57, 46.11, 56.09, 51.03,
2018,28, 0.237,286.46, 44.39, 60.27, 52.28,
2018,29, 0.237,285.74, 44.13, 59.39, 51.71,
2018,30, 0.233,284.64, 43.36, 58.73, 50.93,
2018,31, 0.229,283.62, 42.49, 58.00, 50.14,
2018,32, 0.232,283.63, 45.09, 51.33, 48.13,
2018,33, 0.238,284.32, 48.78, 43.25, 45.95,
2018,34, 0.244,284.82, 51.73, 37.48, 44.49,
2018,35, 0.250,285.41, 54.19, 32.61, 43.31,
2018,36, 0.257,286.04, 56.62, 28.35, 42.37,
2018,37, 0.267,286.98, 59.57, 22.77, 41.03,
2018,38, 0.278,288.22, 62.19, 17.08, 39.46,
2018,39, 0.286,289.14, 62.77, 15.74, 39.06,
2018,40, 0.293,289.81, 62.22, 15.26, 38.52,
2018,41, 0.303,291.13, 62.48, 12.72, 37.31,
2018,42, 0.314,292.42, 63.26, 11.67, 37.19,
2018,43, 0.321,293.14, 62.80, 13.51, 37.92,
2018,44, 0.324,293.48, 60.10, 17.14, 38.40,
2018,45, 0.324,294.20, 56.45, 18.90, 37.48,
2018,46, 0.321,294.66, 52.09, 21.90, 36.87,
2018,47, 0.316,294.90, 47.59, 27.73, 37.56,
2018,48, 0.310,294.94, 44.18, 35.11, 39.58,
2018,49, 0.304,295.15, 42.55, 39.24, 40.86,
2018,50, 0.297,295.48, 43.40, 43.40, 43.37,
2018,51, 0.292,295.94, 43.99, 46.82, 45.41,
2018,52, 0.285,296.57, 44.32, 49.05, 46.69,
2019, 1, 0.275,297.55, 41.31, 47.85, 44.59,
2019, 2, 0.265,298.61, 41.61, 44.65, 43.13,
2019, 3, 0.255,299.62, 41.83, 43.23, 42.52,
2019, 4, 0.248,300.81, 44.75, 38.99, 41.86,
2019, 5, 0.235,301.94, 44.26, 34.15, 39.20,
2019, 6, 0.223,302.79, 42.95, 31.97, 37.46,
2019, 7, 0.211,303.65, 41.86, 28.12, 35.00,
2019, 8, 0.199,304.29, 40.46, 25.67, 33.07,
2019, 9, 0.188,304.54, 38.39, 25.75, 32.10,
2019,10, 0.178,304.58, 36.41, 27.58, 32.02,
2019,11, 0.174,303.64, 36.73, 36.45, 36.62,
2019,12, 0.171,303.68, 36.93, 35.57, 36.28,
2019,13, 0.169,302.64, 37.22, 40.03, 38.64,
2019,14, 0.170,301.89, 38.83, 40.71, 39.79,
2019,15, 0.174,300.97, 40.02, 41.42, 40.73,
2019,16, 0.178,299.88, 40.34, 42.42, 41.39,
2019,17, 0.184,298.98, 40.49, 39.63, 40.06,
2019,18, 0.190,297.78, 40.60, 37.52, 39.04,
2019,19, 0.197,296.67, 41.38, 33.95, 37.63,
2019,20, 0.205,295.55, 41.54, 34.56, 38.01,
2019,21, 0.212,294.06, 41.82, 38.73, 40.21,
2019,22, 0.222,293.38, 43.72, 37.43, 40.51,
2019,23, 0.230,292.90, 45.39, 34.90, 40.05,
2019,24, 0.236,292.13, 47.00, 35.28, 40.97,
2019,25, 0.241,291.20, 48.19, 36.40, 42.15,
2019,26, 0.244,290.60, 48.91, 36.42, 42.53,
2019,27, 0.252,290.91, 52.22, 30.54, 41.28,
2019,28, 0.257,290.41, 54.02, 31.65, 42.81,
2019,29, 0.260,289.86, 54.96, 32.62, 43.74,
2019,30, 0.260,289.31, 56.01, 31.05, 43.47,
2019,31, 0.261,288.67, 57.01, 31.37, 44.09,
2019,32, 0.262,288.49, 58.41, 29.28, 43.78,
2019,33, 0.261,288.36, 58.34, 27.59, 42.91,
2019,34, 0.262,288.25, 59.24, 26.23, 42.66,
2019,35, 0.265,288.44, 60.40, 23.83, 42.05,
2019,36, 0.267,288.59, 60.77, 21.67, 41.13,
2019,37, 0.274,289.08, 62.29, 18.18, 40.10,
2019,38, 0.281,289.45, 63.30, 16.08, 39.53,
2019,39, 0.290,290.13, 63.70, 14.63, 38.97,
2019,40, 0.301,291.08, 64.80, 11.38, 37.87,
2019,41, 0.312,292.06, 65.72,  9.64, 37.42,
2019,42, 0.323,293.03, 66.09,  9.49, 37.54,
2019,43, 0.330,293.82, 65.67, 10.11, 37.68,
2019,44, 0.334,294.54, 64.07, 10.34, 37.00,
2019,45, 0.335,295.44, 60.93, 10.01, 35.29,
2019,46, 0.333,296.25, 57.06,  9.24, 33.05,
2019,47, 0.329,296.90, 53.09, 10.08, 31.49,
2019,48, 0.321,297.40, 49.02, 12.35, 30.63,
2019,49, 0.311,297.97, 45.33, 13.33, 29.29,
2019,50, 0.302,298.60, 44.35, 14.12, 29.20,
2019,51, 0.292,299.35, 42.60, 13.27, 27.93,
2019,52, 0.281,300.00, 41.12, 13.66, 27.39,
2020, 1, 0.269,300.77, 36.24, 13.23, 24.74,
2020, 2, 0.257,301.64, 35.41, 11.77, 23.60,
2020, 3, 0.244,302.15, 33.95, 14.77, 24.36,
2020, 4, 0.234,302.57, 35.33, 19.07, 27.19,
2020, 5, 0.222,303.26, 35.37, 19.23, 27.29,
2020, 6, 0.211,303.98, 34.99, 18.67, 26.84,
2020, 7, 0.199,304.45, 33.67, 19.36, 26.52,
2020, 8, 0.187,304.69, 31.86, 21.25, 26.56,
2020, 9, 0.174,304.80, 29.32, 23.03, 26.21,
2020,10, 0.164,304.75, 27.14, 25.85, 26.53,
2020,11, 0.160,303.82, 26.97, 34.71, 30.87,
2020,12, 0.157,304.32, 27.06, 30.10, 28.61,
2020,13, 0.154,303.69, 26.96, 31.70, 29.36,
2020,14, 0.154,302.72, 27.79, 34.55, 31.20,
2020,15, 0.157,301.85, 29.04, 35.09, 32.09,
2020,16, 0.162,300.82, 30.43, 35.89, 33.18,
2020,17, 0.166,299.32, 30.80, 37.08, 33.94,
2020,18, 0.172,298.21, 31.16, 34.14, 32.63,
2020,19, 0.179,297.44, 32.04, 27.76, 29.89,
2020,20, 0.187,296.47, 32.52, 27.02, 29.74,
2020,21, 0.196,295.13, 33.26, 29.95, 31.56,
2020,22, 0.207,294.28, 35.68, 29.81, 32.71,
2020,23, 0.218,293.69, 39.25, 27.92, 33.57,
2020,24, 0.228,293.08, 42.98, 27.07, 34.93,
2020,25, 0.237,292.38, 46.16, 26.38, 36.16,
2020,26, 0.246,291.98, 49.43, 24.82, 37.02,
2020,27, 0.256,292.15, 54.07, 20.15, 37.03,
2020,28, 0.265,292.24, 57.91, 16.82, 37.35,
2020,29, 0.276,292.37, 62.43, 13.83, 38.11,
2020,30, 0.283,291.91, 66.59, 13.16, 39.86,
2020,31, 0.289,291.40, 69.83, 14.28, 42.01,
2020,32, 0.295,291.27, 73.18, 13.85, 43.50,
2020,33, 0.300,291.21, 75.50, 12.86, 44.16,
2020,34, 0.303,291.04, 77.18, 12.35, 44.74,
2020,35, 0.302,290.48, 76.60, 15.20, 45.89,
2020,36, 0.299,289.58, 74.51, 20.32, 47.41,
2020,37, 0.301,289.12, 73.69, 22.88, 48.26,
2020,38, 0.300,288.22, 71.33, 28.72, 50.00,
2020,39, 0.294,286.73, 65.59, 40.46, 53.01,
2020,40, 0.289,285.77, 59.44, 50.61, 55.05,
2020,41, 0.290,286.11, 55.46, 55.70, 55.63,
2020,42, 0.296,286.92, 53.22, 58.76, 56.04,
2020,43, 0.303,288.05, 52.52, 58.32, 55.46,
2020,44, 0.311,289.73, 52.46, 52.57, 52.52,
2020,45, 0.314,291.24, 50.55, 48.82, 49.66,
2020,46, 0.314,292.50, 47.87, 45.34, 46.60,
2020,47, 0.310,293.52, 44.57, 43.16, 43.84,
2020,48, 0.302,293.87, 40.24, 47.50, 43.88,
2020,49, 0.293,294.11, 37.01, 51.15, 44.09,
2020,50, 0.287,294.52, 37.44, 54.35, 45.90,
2020,51, 0.283,295.07, 38.65, 57.13, 47.89,
2020,52, 0.278,295.76, 40.11, 58.96, 49.54,
2021, 1, 0.270,296.87, 37.85, 56.37, 47.12,
2021, 2, 0.262,298.19, 39.17, 49.87, 44.53,
2021, 3, 0.252,299.10, 39.50, 49.28, 44.41,
2021, 4, 0.246,300.02, 43.17, 48.06, 45.62,
2021, 5, 0.236,301.13, 44.10, 43.42, 43.77,
2021, 6, 0.226,301.79, 44.50, 43.25, 43.88,
2021, 7, 0.217,302.70, 45.20, 38.73, 41.98,
2021, 8, 0.207,303.44, 44.88, 34.65, 39.79,
2021, 9, 0.196,303.50, 43.32, 36.32, 39.87,
2021,10, 0.187,303.32, 41.36, 39.58, 40.51,
2021,11, 0.181,302.23, 40.78, 49.04, 44.94,
2021,12, 0.176,302.10, 39.98, 48.85, 44.44,
2021,13, 0.173,301.08, 39.62, 52.39, 46.04,
2021,14, 0.173,299.89, 40.42, 55.61, 48.05,
2021,15, 0.176,298.39, 40.70, 59.77, 50.28,
2021,16, 0.182,297.27, 42.22, 60.11, 51.20,
2021,17, 0.189,296.55, 43.69, 56.50, 50.10,
2021,18, 0.197,295.45, 44.37, 54.84, 49.60,
2021,19, 0.207,294.95, 46.38, 47.54, 46.93,
2021,20, 0.217,294.94, 47.74, 39.41, 43.54,
2021,21, 0.225,294.41, 48.45, 35.93, 42.14,
2021,22, 0.234,294.00, 49.71, 32.27, 40.95,
2021,23, 0.243,293.94, 51.72, 26.09, 38.88,
2021,24, 0.249,293.73, 53.78, 21.81, 37.78,
2021,25, 0.254,293.12, 54.80, 20.19, 37.43,
2021,26, 0.259,292.81, 56.50, 17.88, 37.08,
2021,27, 0.265,292.66, 58.43, 15.73, 37.01,
2021,28, 0.267,292.05, 59.14, 17.83, 38.41,
2021,29, 0.272,291.61, 60.77, 18.59, 39.58,
2021,30, 0.275,291.17, 63.01, 17.32, 40.08,
2021,31, 0.279,290.92, 65.24, 16.16, 40.63,
2021,32, 0.283,290.97, 67.81, 14.29, 41.00,
2021,33, 0.285,291.14, 68.93, 12.33, 40.58,
2021,34,-1.000, -1.00, -1.00, -1.00, -1.00,
2021,35,-1.000, -1.00, -1.00, -1.00, -1.00,
2021,36,-1.000, -1.00, -1.00, -1.00, -1.00,
2021,37,-1.000, -1.00, -1.00, -1.00, -1.00,
2021,38,-1.000, -1.00, -1.00, -1.00, -1.00,
2021,39,-1.000, -1.00, -1.00, -1.00, -1.00,
2021,40,-1.000, -1.00, -1.00, -1.00, -1.00,
2021,41,-1.000, -1.00, -1.00, -1.00, -1.00,
2021,42,-1.000, -1.00, -1.00, -1.00, -1.00,
2021,43,-1.000, -1.00, -1.00, -1.00, -1.00,
2021,44,-1.000, -1.00, -1.00, -1.00, -1.00,
2021,45,-1.000, -1.00, -1.00, -1.00, -1.00,
2021,46,-1.000, -1.00, -1.00, -1.00, -1.00,
2021,47,-1.000, -1.00, -1.00, -1.00, -1.00,
2021,48,-1.000, -1.00, -1.00, -1.00, -1.00,
2021,49,-1.000, -1.00, -1.00, -1.00, -1.00,
2021,50,-1.000, -1.00, -1.00, -1.00, -1.00,
2021,51,-1.000, -1.00, -1.00, -1.00, -1.00,
2021,52,-1.000, -1.00, -1.00, -1.00, -1.00,
