1982, 1, 0.268,283.56, 52.32, 37.75, 45.03,
1982, 2, 0.266,283.37, 51.30, 37.88, 44.59,
1982, 3, 0.263,283.06, 50.04, 39.17, 44.60,
1982, 4, 0.270,283.69, 51.26, 37.56, 44.41,
1982, 5, 0.276,284.46, 52.23, 35.96, 44.09,
1982, 6, 0.283,285.03, 53.61, 34.68, 44.15,
1982, 7, 0.288,285.30, 54.52, 35.22, 44.87,
1982, 8, 0.292,285.37, 54.79, 36.93, 45.86,
1982, 9, 0.300,285.87, 56.18, 37.02, 46.60,
1982,10, 0.306,286.25, 56.38, 38.23, 47.30,
1982,11, 0.311,286.53, 56.49, 39.56, 48.03,
1982,12, 0.323,287.38, 59.07, 37.93, 48.50,
1982,13, 0.332,288.05, 60.70, 37.58, 49.14,
1982,14, 0.337,288.44, 60.50, 38.92, 49.71,
1982,15, 0.337,288.57, 58.24, 41.25, 49.75,
1982,16, 0.336,288.59, 55.95, 44.18, 50.07,
1982,17, 0.339,289.03, 54.25, 44.77, 49.51,
1982,18, 0.340,289.39, 51.09, 46.50, 48.80,
1982,19, 0.340,289.69, 47.65, 47.65, 47.65,
1982,20, 0.340,290.04, 44.85, 47.07, 45.96,
1982,21, 0.344,290.57, 44.36, 45.67, 45.01,
1982,22, 0.348,291.14, 44.28, 44.89, 44.58,
1982,23, 0.354,291.76, 44.97, 43.39, 44.18,
1982,24, 0.360,292.58, 46.42, 37.69, 42.05,
1982,25, 0.366,293.48, 48.73, 29.96, 39.35,
1982,26, 0.367,294.03, 49.79, 25.81, 37.80,
1982,27, 0.363,294.31, 49.00, 24.32, 36.66,
1982,28, 0.354,294.44, 47.47, 23.51, 35.49,
1982,29, 0.346,294.71, 46.72, 21.02, 33.87,
1982,30, 0.335,294.85, 45.21, 20.37, 32.79,
1982,31, 0.319,294.79, 42.12, 21.97, 32.05,
1982,32, 0.301,294.68, 39.29, 23.82, 31.56,
1982,33, 0.281,294.52, 36.23, 25.06, 30.65,
1982,34, 0.260,294.38, 33.51, 25.67, 29.59,
1982,35, 0.239,293.95, 31.19, 27.93, 29.56,
1982,36, 0.222,293.60, 30.27, 27.72, 28.99,
1982,37, 0.206,292.95, 28.89, 28.82, 28.85,
1982,38, 0.195,292.41, 28.32, 29.04, 28.68,
1982,39, 0.188,292.01, 28.31, 28.42, 28.36,
1982,40, 0.186,291.70, 29.00, 27.26, 28.13,
1982,41, 0.184,291.13, 29.48, 26.85, 28.17,
1982,42, 0.183,290.72, 29.58, 25.59, 27.58,
1982,43, 0.183,290.26, 29.77, 24.70, 27.24,
1982,44, 0.183,289.75, 29.28, 23.90, 26.59,
1982,45, 0.185,288.97, 28.76, 23.89, 26.33,
1982,46, 0.189,288.38, 28.93, 23.54, 26.24,
1982,47, 0.195,287.92, 29.71, 23.02, 26.37,
1982,48, 0.203,287.21, 31.31, 22.75, 27.03,
1982,49, 0.210,286.23, 33.46, 23.47, 28.47,
1982,50, 0.214,284.95, 32.76, 29.05, 30.90,
1982,51, 0.218,284.16, 33.74, 30.89, 32.31,
1982,52, 0.224,284.06, 35.14, 30.86, 33.00,
1983, 1, 0.233,284.46, 37.83, 30.27, 34.05,
1983, 2, 0.243,285.18, 42.29, 27.72, 35.00,
1983, 3, 0.258,286.40, 47.95, 23.38, 35.67,
1983, 4, 0.274,287.77, 53.11, 19.20, 36.16,
1983, 5, 0.285,288.60, 55.38, 17.41, 36.39,
1983, 6, 0.292,289.25, 56.77, 15.50, 36.14,
1983, 7, 0.293,289.59, 55.96, 14.89, 35.42,
1983, 8, 0.291,289.86, 53.61, 14.94, 34.27,
1983, 9, 0.283,290.00, 49.05, 15.79, 32.42,
1983,10, 0.275,289.98, 43.99, 17.57, 30.78,
1983,11, 0.265,289.68, 39.00, 20.35, 29.67,
1983,12, 0.256,289.30, 34.02, 23.83, 28.93,
1983,13, 0.248,288.92, 29.51, 28.36, 28.93,
1983,14, 0.244,288.63, 26.12, 33.08, 29.60,
1983,15, 0.244,288.44, 24.22, 37.49, 30.85,
1983,16, 0.249,288.30, 23.38, 41.64, 32.51,
1983,17, 0.259,288.16, 22.81, 47.27, 35.04,
1983,18, 0.273,288.11, 23.85, 52.29, 38.07,
1983,19, 0.290,288.41, 27.23, 53.95, 40.59,
1983,20, 0.307,288.89, 31.43, 53.36, 42.39,
1983,21, 0.318,289.33, 34.52, 54.33, 44.42,
1983,22, 0.328,289.76, 36.90, 56.26, 46.58,
1983,23, 0.337,290.19, 39.61, 57.57, 48.59,
1983,24, 0.344,290.53, 42.48, 57.39, 49.94,
1983,25, 0.347,290.74, 44.01, 56.88, 50.44,
1983,26, 0.346,290.80, 44.73, 57.25, 50.99,
1983,27, 0.343,290.75, 45.27, 58.27, 51.77,
1983,28, 0.338,290.77, 45.78, 57.64, 51.71,
1983,29, 0.330,290.63, 45.14, 57.70, 51.42,
1983,30, 0.322,290.46, 44.68, 59.24, 51.96,
1983,31, 0.320,290.69, 46.91, 58.03, 52.47,
1983,32, 0.319,290.99, 49.62, 55.60, 52.61,
1983,33, 0.319,291.38, 52.42, 51.51, 51.96,
1983,34, 0.318,291.76, 55.09, 46.43, 50.76,
1983,35, 0.312,291.51, 56.24, 45.77, 51.01,
1983,36, 0.305,291.04, 57.23, 45.32, 51.28,
1983,37, 0.299,290.75, 57.70, 43.06, 50.38,
1983,38, 0.292,290.34, 57.75, 41.63, 49.69,
1983,39, 0.287,289.74, 57.32, 41.79, 49.56,
1983,40, 0.280,288.83, 56.20, 42.41, 49.31,
1983,41, 0.270,287.54, 54.03, 43.56, 48.79,
1983,42, 0.260,286.09, 51.35, 44.44, 47.90,
1983,43, 0.250,284.28, 48.85, 47.14, 47.99,
1983,44, 0.243,282.99, 47.29, 48.20, 47.75,
1983,45, 0.236,281.87, 44.94, 49.59, 47.26,
1983,46, 0.231,281.31, 42.84, 49.46, 46.15,
1983,47, 0.230,281.18, 41.63, 48.43, 45.03,
1983,48, 0.227,280.78, 39.90, 47.76, 43.83,
1983,49, 0.226,280.59, 39.25, 45.89, 42.57,
1983,50, 0.224,280.36, 36.62, 51.50, 44.06,
1983,51, 0.220,279.72, 34.40, 53.70, 44.05,
1983,52, 0.215,278.67, 31.47, 57.38, 44.43,
1984, 1, 0.210,277.37, 28.35, 63.87, 46.11,
1984, 2, 0.204,276.06, 26.45, 67.19, 46.82,
1984, 3, 0.199,274.82, 24.17, 71.35, 47.76,
1984, 4, 0.198,274.13, 22.65, 74.59, 48.62,
1984, 5, 0.201,274.11, 22.36, 75.84, 49.10,
1984, 6, 0.203,274.20, 21.88, 76.94, 49.41,
1984, 7, 0.205,274.63, 21.42, 77.86, 49.64,
1984, 8, 0.208,275.18, 21.61, 78.28, 49.95,
1984, 9, 0.218,276.45, 23.78, 76.74, 50.26,
1984,10, 0.234,278.50, 28.43, 72.34, 50.39,
1984,11, 0.249,280.27, 32.68, 68.16, 50.42,
1984,12, 0.262,281.74, 35.76, 65.24, 50.50,
1984,13, 0.273,282.80, 37.87, 63.77, 50.82,
1984,14, 0.284,283.74, 39.64, 62.69, 51.16,
1984,15, 0.291,284.51, 40.30, 62.08, 51.19,
1984,16, 0.296,284.86, 40.05, 63.71, 51.88,
1984,17, 0.306,285.75, 41.61, 62.33, 51.97,
1984,18, 0.319,286.79, 43.73, 60.02, 51.87,
1984,19, 0.327,287.51, 44.20, 60.11, 52.15,
1984,20, 0.333,288.06, 43.68, 60.24, 51.96,
1984,21, 0.335,288.30, 42.96, 63.24, 53.10,
1984,22, 0.340,288.79, 43.43, 64.80, 54.12,
1984,23, 0.346,289.46, 45.02, 63.44, 54.23,
1984,24, 0.350,289.91, 46.42, 62.04, 54.23,
1984,25, 0.349,289.95, 46.30, 63.47, 54.88,
1984,26, 0.347,290.03, 46.29, 63.37, 54.83,
1984,27, 0.343,290.11, 45.74, 62.51, 54.13,
1984,28, 0.333,289.81, 43.27, 64.81, 54.04,
1984,29, 0.322,289.34, 40.92, 67.49, 54.20,
1984,30, 0.314,289.12, 40.46, 68.72, 54.59,
1984,31, 0.311,289.26, 41.79, 68.07, 54.93,
1984,32, 0.308,289.37, 44.01, 66.90, 55.46,
1984,33, 0.303,289.15, 45.39, 67.63, 56.51,
1984,34, 0.297,288.89, 46.73, 66.51, 56.62,
1984,35, 0.287,288.18, 46.73, 67.08, 56.91,
1984,36, 0.276,287.30, 46.46, 66.98, 56.72,
1984,37, 0.265,286.35, 45.72, 66.76, 56.24,
1984,38, 0.256,285.60, 45.37, 65.69, 55.53,
1984,39, 0.254,285.52, 46.75, 61.97, 54.36,
1984,40, 0.253,285.62, 48.48, 57.49, 52.98,
1984,41, 0.250,285.41, 49.37, 54.15, 51.76,
1984,42, 0.245,284.68, 48.46, 52.67, 50.57,
1984,43, 0.238,283.66, 47.11, 53.13, 50.12,
1984,44, 0.231,282.38, 44.83, 54.68, 49.75,
1984,45, 0.226,281.50, 42.81, 54.20, 48.51,
1984,46, 0.218,279.57, 38.54, 58.16, 48.35,
1984,47, 0.209,277.15, 33.95, 63.43, 48.69,
1984,48, 0.201,274.32, 30.17, 68.13, 49.15,
1984,49, 0.191,272.00, 26.19, 70.95, 48.57,
1984,50,-1.000, -1.00, -1.00, -1.00, -1.00,
1984,51,-1.000, -1.00, -1.00, -1.00, -1.00,
1984,52,-1.000, -1.00, -1.00, -1.00, -1.00,
1985, 1,-1.000, -1.00, -1.00, -1.00, -1.00,
1985, 2,-1.000, -1.00, -1.00, -1.00, -1.00,
1985, 3,-1.000, -1.00, -1.00, -1.00, -1.00,
1985, 4,-1.000, -1.00, -1.00, -1.00, -1.00,
1985, 5,-1.000, -1.00, -1.00, -1.00, -1.00,
1985, 6,-1.000, -1.00, -1.00, -1.00, -1.00,
1985, 7,-1.000, -1.00, -1.00, -1.00, -1.00,
1985, 8,-1.000, -1.00, -1.00, -1.00, -1.00,
1985, 9, 0.311,283.65, 58.51, 44.62, 51.57,
1985,10, 0.313,284.38, 57.51, 44.98, 51.24,
1985,11, 0.323,285.97, 59.74, 41.83, 50.79,
1985,12, 0.332,287.20, 61.57, 39.06, 50.31,
1985,13, 0.341,288.05, 62.97, 37.39, 50.18,
1985,14, 0.348,288.59, 63.74, 36.86, 50.30,
1985,15, 0.354,288.92, 63.98, 37.44, 50.71,
1985,16, 0.359,289.27, 64.19, 37.43, 50.81,
1985,17, 0.362,289.45, 62.65, 39.73, 51.19,
1985,18, 0.366,289.86, 61.84, 40.64, 51.24,
1985,19, 0.371,290.26, 60.91, 41.31, 51.11,
1985,20, 0.374,290.51, 59.39, 42.14, 50.77,
1985,21, 0.377,290.69, 58.94, 44.23, 51.58,
1985,22, 0.381,290.92, 59.24, 47.09, 53.16,
1985,23, 0.388,291.44, 61.44, 47.03, 54.23,
1985,24, 0.397,292.11, 64.97, 43.04, 54.00,
1985,25, 0.398,292.38, 65.93, 41.87, 53.90,
1985,26, 0.394,292.38, 65.23, 43.03, 54.13,
1985,27, 0.389,292.33, 63.94, 44.37, 54.15,
1985,28, 0.382,292.22, 63.21, 45.13, 54.17,
1985,29, 0.372,291.96, 61.52, 46.52, 54.02,
1985,30, 0.364,291.78, 60.32, 47.82, 54.07,
1985,31, 0.359,291.85, 60.91, 47.96, 54.43,
1985,32, 0.358,292.13, 63.52, 45.79, 54.66,
1985,33, 0.357,292.29, 65.61, 44.05, 54.83,
1985,34, 0.352,292.32, 66.74, 42.55, 54.64,
1985,35, 0.346,292.15, 67.42, 41.56, 54.49,
1985,36, 0.337,291.56, 67.09, 42.25, 54.67,
1985,37, 0.327,290.84, 66.19, 42.88, 54.54,
1985,38, 0.314,290.07, 64.50, 43.29, 53.90,
1985,39, 0.303,289.17, 62.57, 44.55, 53.56,
1985,40, 0.293,288.24, 61.11, 45.59, 53.35,
1985,41, 0.285,287.22, 59.90, 46.43, 53.17,
1985,42, 0.280,286.59, 58.80, 44.91, 51.85,
1985,43, 0.278,286.14, 59.24, 43.25, 51.24,
1985,44, 0.277,285.65, 59.50, 41.74, 50.62,
1985,45, 0.273,284.90, 58.57, 41.37, 49.97,
1985,46, 0.268,284.06, 56.81, 42.30, 49.56,
1985,47, 0.263,283.34, 54.72, 43.02, 48.87,
1985,48, 0.261,282.86, 53.01, 42.19, 47.60,
1985,49, 0.253,281.89, 49.88, 42.66, 46.27,
1985,50, 0.245,280.95, 44.29, 50.26, 47.28,
1985,51, 0.236,280.07, 39.84, 52.49, 46.16,
1985,52, 0.226,278.85, 35.19, 55.89, 45.54,
1986, 1, 0.217,277.50, 31.33, 60.97, 46.15,
1986, 2, 0.212,276.57, 30.14, 61.84, 45.99,
1986, 3, 0.216,276.88, 32.21, 59.15, 45.68,
1986, 4, 0.227,278.10, 35.86, 54.61, 45.23,
1986, 5, 0.237,279.32, 38.80, 50.46, 44.63,
1986, 6, 0.243,280.10, 40.11, 48.51, 44.31,
1986, 7, 0.246,280.56, 40.19, 48.94, 44.57,
1986, 8, 0.248,280.87, 39.73, 49.98, 44.86,
1986, 9, 0.250,281.11, 38.48, 52.21, 45.35,
1986,10, 0.250,281.14, 36.15, 56.44, 46.30,
1986,11, 0.252,281.57, 34.66, 59.46, 47.06,
1986,12, 0.263,282.82, 36.34, 58.80, 47.57,
1986,13, 0.278,284.27, 39.36, 56.91, 48.14,
1986,14, 0.292,285.57, 42.26, 55.15, 48.70,
1986,15, 0.305,286.72, 44.66, 52.88, 48.77,
1986,16, 0.319,287.88, 48.02, 48.95, 48.49,
1986,17, 0.334,289.04, 51.17, 44.80, 47.99,
1986,18, 0.346,290.00, 52.67, 41.48, 47.08,
1986,19, 0.356,290.77, 53.75, 38.33, 46.04,
1986,20, 0.364,291.42, 54.50, 34.68, 44.59,
1986,21, 0.369,291.73, 54.86, 34.61, 44.74,
1986,22, 0.372,291.96, 54.59, 36.70, 45.65,
1986,23, 0.375,292.17, 54.67, 38.75, 46.71,
1986,24, 0.375,292.17, 54.05, 42.61, 48.33,
1986,25, 0.380,292.60, 56.41, 40.41, 48.41,
1986,26, 0.381,293.00, 57.73, 37.83, 47.78,
1986,27, 0.380,293.17, 58.27, 37.31, 47.79,
1986,28, 0.375,293.11, 58.27, 38.02, 48.15,
1986,29, 0.366,292.79, 57.00, 40.77, 48.88,
1986,30, 0.356,292.55, 55.58, 42.88, 49.23,
1986,31, 0.347,292.44, 54.89, 44.15, 49.52,
1986,32, 0.337,292.23, 54.39, 45.28, 49.84,
1986,33, 0.330,292.04, 55.04, 45.38, 50.21,
1986,34, 0.320,291.45, 54.93, 47.77, 51.35,
1986,35, 0.313,290.99, 56.19, 47.93, 52.06,
1986,36, 0.304,290.30, 56.94, 47.97, 52.45,
1986,37, 0.293,289.09, 55.92, 50.36, 53.14,
1986,38, 0.284,288.22, 55.26, 50.96, 53.11,
1986,39, 0.279,287.75, 55.17, 50.14, 52.66,
1986,40, 0.275,287.32, 55.39, 48.47, 51.93,
1986,41, 0.274,286.79, 56.20, 46.74, 51.47,
1986,42, 0.271,286.11, 55.84, 45.40, 50.62,
1986,43, 0.272,285.63, 56.93, 43.34, 50.13,
1986,44, 0.275,285.60, 58.92, 39.55, 49.24,
1986,45, 0.282,286.00, 61.65, 34.60, 48.13,
1986,46, 0.288,286.51, 64.15, 30.09, 47.12,
1986,47, 0.293,286.87, 66.04, 27.13, 46.59,
1986,48, 0.297,287.20, 67.33, 23.62, 45.48,
1986,49, 0.299,287.22, 67.69, 20.67, 44.18,
1986,50, 0.294,286.56, 64.65, 24.25, 44.45,
1986,51, 0.286,285.68, 60.66, 26.82, 43.74,
1986,52, 0.276,284.59, 55.48, 30.59, 43.03,
1987, 1, 0.264,283.33, 50.93, 36.06, 43.49,
1987, 2, 0.255,282.13, 46.79, 40.21, 43.50,
1987, 3, 0.254,281.86, 45.71, 41.20, 43.46,
1987, 4, 0.258,282.28, 46.01, 40.30, 43.15,
1987, 5, 0.268,283.32, 48.48, 37.05, 42.76,
1987, 6, 0.281,284.67, 52.49, 32.28, 42.39,
1987, 7, 0.294,285.92, 56.59, 28.59, 42.59,
1987, 8, 0.305,286.76, 59.34, 27.31, 43.32,
1987, 9, 0.317,287.77, 62.30, 25.36, 43.83,
1987,10, 0.327,288.54, 64.08, 24.24, 44.16,
1987,11, 0.335,289.06, 65.13, 23.99, 44.56,
1987,12, 0.340,289.50, 64.90, 23.95, 44.42,
1987,13, 0.344,289.91, 64.35, 24.07, 44.21,
1987,14, 0.347,290.16, 63.81, 25.27, 44.54,
1987,15, 0.349,290.22, 62.56, 27.12, 44.84,
1987,16, 0.354,290.44, 62.81, 26.98, 44.90,
1987,17, 0.360,290.78, 62.98, 27.25, 45.12,
1987,18, 0.364,290.91, 61.90, 29.95, 45.93,
1987,19, 0.368,291.10, 60.40, 32.24, 46.32,
1987,20, 0.372,291.38, 58.78, 33.15, 45.97,
1987,21, 0.376,291.71, 58.35, 34.05, 46.20,
1987,22, 0.381,292.22, 58.40, 34.17, 46.28,
1987,23, 0.383,292.55, 57.63, 35.76, 46.69,
1987,24, 0.385,292.86, 57.60, 35.58, 46.59,
1987,25, 0.386,293.27, 58.24, 32.83, 45.53,
1987,26, 0.383,293.58, 57.72, 31.01, 44.36,
1987,27, 0.377,293.74, 56.45, 30.50, 43.48,
1987,28, 0.369,293.77, 55.31, 29.89, 42.60,
1987,29, 0.360,293.74, 54.18, 29.36, 41.77,
1987,30, 0.349,293.53, 52.29, 31.36, 41.82,
1987,31, 0.337,293.25, 50.62, 34.43, 42.52,
1987,32, 0.328,293.26, 50.53, 34.73, 42.63,
1987,33, 0.318,293.38, 50.77, 33.55, 42.16,
1987,34, 0.307,293.38, 50.68, 32.34, 41.51,
1987,35, 0.294,293.15, 50.13, 32.52, 41.33,
1987,36, 0.282,292.84, 50.34, 31.66, 41.00,
1987,37, 0.273,292.56, 50.72, 30.28, 40.50,
1987,38, 0.264,291.97, 50.31, 30.73, 40.52,
1987,39, 0.257,291.23, 49.77, 31.86, 40.82,
1987,40, 0.252,290.72, 49.83, 31.41, 40.62,
1987,41, 0.245,289.88, 48.99, 31.85, 40.42,
1987,42, 0.236,288.55, 46.25, 34.47, 40.36,
1987,43, 0.229,286.96, 44.11, 38.22, 41.16,
1987,44, 0.229,286.05, 44.06, 38.43, 41.25,
1987,45, 0.232,285.33, 44.73, 37.30, 41.02,
1987,46, 0.233,284.11, 44.30, 38.47, 41.39,
1987,47, 0.234,282.70, 43.46, 40.57, 42.01,
1987,48, 0.233,281.56, 42.52, 40.98, 41.75,
1987,49, 0.234,280.91, 42.37, 39.86, 41.12,
1987,50, 0.237,280.86, 41.49, 43.19, 42.34,
1987,51, 0.242,281.05, 42.85, 41.71, 42.28,
1987,52, 0.250,281.74, 45.50, 39.14, 42.32,
1988, 1, 0.258,282.46, 48.73, 37.00, 42.86,
1988, 2, 0.261,282.56, 50.25, 36.42, 43.34,
1988, 3, 0.259,281.67, 48.77, 40.30, 44.53,
1988, 4, 0.260,281.21, 47.96, 43.29, 45.63,
1988, 5, 0.268,281.66, 49.39, 43.34, 46.36,
1988, 6, 0.282,282.99, 53.24, 40.03, 46.63,
1988, 7, 0.298,284.64, 58.08, 35.45, 46.76,
1988, 8, 0.308,285.65, 60.67, 33.19, 46.93,
1988, 9, 0.313,286.15, 60.54, 32.92, 46.73,
1988,10, 0.313,286.36, 58.56, 34.40, 46.48,
1988,11, 0.308,286.19, 54.63, 37.71, 46.17,
1988,12, 0.303,286.08, 50.64, 41.29, 45.96,
1988,13, 0.301,286.25, 47.43, 44.33, 45.88,
1988,14, 0.305,286.85, 46.37, 44.59, 45.48,
1988,15, 0.312,287.75, 47.09, 42.25, 44.67,
1988,16, 0.312,287.85, 45.24, 44.21, 44.73,
1988,17, 0.314,287.97, 43.69, 46.44, 45.06,
1988,18, 0.319,288.24, 42.83, 48.72, 45.77,
1988,19, 0.327,288.91, 43.01, 47.89, 45.45,
1988,20, 0.337,289.73, 44.39, 44.63, 44.51,
1988,21, 0.344,290.24, 45.73, 44.46, 45.10,
1988,22, 0.354,290.93, 48.08, 43.25, 45.66,
1988,23, 0.362,291.65, 50.19, 41.38, 45.79,
1988,24, 0.360,291.78, 48.69, 43.68, 46.19,
1988,25, 0.356,291.71, 46.91, 46.69, 46.80,
1988,26, 0.350,291.54, 45.15, 49.85, 47.50,
1988,27, 0.345,291.46, 44.13, 51.84, 47.99,
1988,28, 0.338,291.33, 43.71, 52.84, 48.27,
1988,29, 0.329,291.00, 42.89, 54.50, 48.70,
1988,30, 0.321,290.74, 42.90, 55.86, 49.38,
1988,31, 0.314,290.49, 43.33, 57.77, 50.55,
1988,32, 0.304,289.96, 43.08, 60.96, 52.02,
1988,33, 0.294,289.25, 43.24, 63.89, 53.57,
1988,34, 0.286,288.63, 44.51, 65.00, 54.75,
1988,35, 0.281,288.17, 46.11, 64.51, 55.31,
1988,36, 0.274,287.79, 47.52, 62.31, 54.92,
1988,37, 0.265,287.30, 47.71, 60.27, 53.99,
1988,38, 0.256,286.65, 47.01, 59.24, 53.12,
1988,39, 0.247,285.81, 45.60, 59.31, 52.45,
1988,40, 0.237,284.80, 43.93, 59.04, 51.48,
1988,41, 0.227,283.98, 42.23, 59.56, 50.89,
1988,42, 0.223,283.16, 41.05, 58.18, 49.61,
1988,43, 0.219,282.34, 40.57, 57.68, 49.13,
1988,44, 0.220,281.64, 40.83, 57.03, 48.93,
1988,45, 0.222,280.91, 41.10, 57.02, 49.06,
1988,46, 0.224,280.21, 40.99, 57.72, 49.35,
1988,47, 0.230,279.97, 41.72, 56.93, 49.32,
1988,48, 0.237,280.17, 43.26, 53.74, 48.50,
1988,49, 0.246,280.88, 46.28, 48.65, 47.47,
1988,50, 0.256,281.89, 48.32, 48.59, 48.45,
1988,51, 0.265,282.85, 50.83, 43.28, 47.05,
1988,52, 0.273,283.72, 53.38, 38.77, 46.07,
1989, 1, 0.278,284.05, 55.95, 37.63, 46.79,
1989, 2, 0.282,284.35, 57.54, 35.67, 46.60,
1989, 3, 0.285,284.71, 58.14, 33.91, 46.02,
1989, 4, 0.284,284.63, 56.13, 35.05, 45.59,
1989, 5, 0.281,284.34, 53.20, 37.39, 45.29,
1989, 6, 0.279,283.97, 50.80, 39.80, 45.30,
1989, 7, 0.274,283.41, 47.65, 43.92, 45.78,
1989, 8, 0.274,283.34, 46.48, 46.39, 46.43,
1989, 9, 0.281,283.89, 47.82, 46.93, 47.38,
1989,10, 0.292,284.75, 50.18, 46.46, 48.32,
1989,11, 0.304,285.73, 52.89, 44.97, 48.93,
1989,12, 0.315,286.71, 55.34, 43.46, 49.40,
1989,13, 0.326,287.56, 57.70, 42.37, 50.03,
1989,14, 0.338,288.43, 60.59, 40.37, 50.48,
1989,15, 0.349,289.28, 62.71, 37.34, 50.03,
1989,16, 0.359,290.03, 64.53, 34.16, 49.34,
1989,17, 0.366,290.48, 64.53, 34.00, 49.27,
1989,18, 0.371,290.85, 63.48, 34.90, 49.19,
1989,19, 0.376,291.14, 62.39, 35.88, 49.14,
1989,20, 0.379,291.25, 61.01, 38.27, 49.64,
1989,21, 0.383,291.41, 60.70, 40.49, 50.60,
1989,22, 0.388,291.69, 61.14, 42.10, 51.62,
1989,23, 0.389,291.88, 60.71, 44.10, 52.41,
1989,24, 0.388,291.94, 59.57, 46.25, 52.91,
1989,25, 0.384,291.83, 58.42, 49.27, 53.84,
1989,26, 0.380,291.69, 57.56, 51.82, 54.69,
1989,27, 0.378,291.77, 58.29, 51.48, 54.89,
1989,28, 0.377,291.95, 60.27, 49.43, 54.85,
1989,29, 0.376,292.18, 62.72, 46.19, 54.45,
1989,30, 0.374,292.35, 64.51, 44.48, 54.49,
1989,31, 0.370,292.42, 65.58, 44.24, 54.91,
1989,32, 0.364,292.45, 66.03, 44.42, 55.22,
1989,33, 0.358,292.35, 66.28, 45.15, 55.71,
1989,34, 0.353,292.23, 67.21, 44.71, 55.96,
1989,35, 0.350,292.20, 68.99, 42.55, 55.77,
1989,36, 0.346,292.09, 70.56, 40.12, 55.34,
1989,37, 0.340,291.79, 71.37, 38.55, 54.96,
1989,38, 0.336,291.46, 71.92, 37.38, 54.65,
1989,39, 0.330,291.13, 71.78, 36.73, 54.25,
1989,40, 0.321,290.65, 70.57, 36.44, 53.51,
1989,41, 0.312,289.94, 69.03, 36.27, 52.65,
1989,42, 0.305,289.31, 67.03, 35.01, 51.02,
1989,43, 0.301,288.94, 67.17, 33.27, 50.22,
1989,44, 0.300,288.75, 67.91, 30.72, 49.31,
1989,45, 0.298,288.52, 68.21, 28.37, 48.29,
1989,46, 0.297,288.22, 67.97, 26.75, 47.36,
1989,47, 0.297,288.05, 67.86, 25.24, 46.55,
1989,48, 0.297,287.86, 67.34, 23.41, 45.38,
1989,49, 0.295,287.46, 66.19, 22.24, 44.22,
1989,50, 0.295,287.29, 64.84, 23.31, 44.08,
1989,51, 0.295,287.07, 64.30, 22.73, 43.52,
1989,52, 0.291,286.32, 61.68, 25.31, 43.50,
1990, 1, 0.285,285.32, 59.67, 29.17, 44.42,
1990, 2, 0.280,284.49, 57.43, 32.01, 44.72,
1990, 3, 0.281,284.39, 57.20, 32.49, 44.85,
1990, 4, 0.290,285.25, 59.12, 30.31, 44.71,
1990, 5, 0.305,286.82, 63.26, 25.60, 44.43,
1990, 6, 0.318,288.04, 66.81, 21.94, 44.37,
1990, 7, 0.325,288.72, 68.47, 20.48, 44.47,
1990, 8, 0.330,289.19, 68.96, 19.91, 44.44,
1990, 9, 0.334,289.53, 68.54, 20.26, 44.40,
1990,10, 0.337,289.78, 67.33, 21.36, 44.35,
1990,11, 0.343,290.30, 67.72, 20.58, 44.15,
1990,12, 0.350,290.75, 68.71, 20.20, 44.45,
1990,13, 0.358,291.05, 69.86, 20.50, 45.18,
1990,14, 0.368,291.34, 71.88, 20.26, 46.07,
1990,15, 0.376,291.55, 72.95, 20.27, 46.61,
1990,16, 0.380,291.52, 73.35, 21.92, 47.64,
1990,17, 0.387,291.74, 73.70, 22.48, 48.09,
1990,18, 0.391,291.96, 73.04, 23.36, 48.20,
1990,19, 0.395,292.01, 71.92, 25.70, 48.81,
1990,20, 0.398,292.05, 70.21, 28.30, 49.26,
1990,21, 0.401,292.31, 70.30, 28.84, 49.57,
1990,22, 0.406,292.67, 70.74, 29.09, 49.91,
1990,23, 0.406,292.90, 69.88, 30.58, 50.23,
1990,24, 0.404,292.99, 68.11, 32.90, 50.51,
1990,25, 0.402,293.11, 67.20, 34.35, 50.77,
1990,26, 0.400,293.18, 67.05, 35.60, 51.32,
1990,27, 0.398,293.24, 67.11, 36.42, 51.77,
1990,28, 0.394,293.29, 67.45, 36.41, 51.93,
1990,29, 0.387,293.10, 67.06, 38.01, 52.54,
1990,30, 0.383,293.05, 67.41, 38.61, 53.01,
1990,31, 0.376,292.99, 67.21, 39.56, 53.38,
1990,32, 0.371,293.17, 68.19, 38.21, 53.20,
1990,33, 0.369,293.55, 70.30, 34.45, 52.38,
1990,34, 0.367,293.92, 72.15, 30.01, 51.08,
1990,35, 0.361,294.09, 73.05, 27.17, 50.11,
1990,36, 0.352,293.87, 72.99, 26.55, 49.77,
1990,37, 0.344,293.53, 72.71, 26.43, 49.57,
1990,38, 0.338,293.38, 73.13, 25.35, 49.24,
1990,39, 0.334,293.19, 73.56, 24.49, 49.02,
1990,40, 0.329,292.87, 73.36, 23.84, 48.60,
1990,41, 0.323,292.44, 73.25, 23.24, 48.24,
1990,42, 0.319,291.83, 72.02, 22.91, 47.47,
1990,43, 0.315,291.28, 72.15, 22.28, 47.22,
1990,44, 0.310,290.47, 71.29, 22.56, 46.93,
1990,45, 0.305,289.82, 70.56, 21.98, 46.27,
1990,46, 0.302,289.25, 69.61, 21.43, 45.52,
1990,47, 0.296,288.33, 67.30, 22.54, 44.92,
1990,48, 0.288,287.10, 63.72, 24.49, 44.10,
1990,49, 0.279,285.75, 60.08, 26.75, 43.42,
1990,50, 0.275,284.86, 56.72, 31.33, 44.03,
1990,51, 0.272,284.16, 54.78, 32.77, 43.77,
1990,52, 0.271,283.55, 53.16, 34.55, 43.86,
1991, 1, 0.268,283.06, 52.06, 37.17, 44.61,
1991, 2, 0.265,282.67, 50.82, 38.61, 44.72,
1991, 3, 0.261,282.10, 48.92, 41.61, 45.27,
1991, 4, 0.259,281.59, 46.56, 45.28, 45.92,
1991, 5, 0.262,281.60, 46.23, 47.06, 46.64,
1991, 6, 0.273,282.65, 49.43, 43.94, 46.68,
1991, 7, 0.288,284.23, 53.96, 39.06, 46.51,
1991, 8, 0.302,285.73, 58.39, 34.29, 46.34,
1991, 9, 0.315,286.94, 61.63, 31.22, 46.42,
1991,10, 0.326,287.94, 63.86, 29.31, 46.58,
1991,11, 0.335,288.70, 65.41, 27.78, 46.60,
1991,12, 0.338,288.84, 64.65, 29.47, 47.06,
1991,13, 0.341,288.93, 63.69, 31.65, 47.67,
1991,14, 0.344,289.11, 62.80, 33.10, 47.95,
1991,15, 0.348,289.33, 61.91, 34.12, 48.02,
1991,16, 0.351,289.57, 61.19, 35.16, 48.17,
1991,17, 0.354,289.89, 59.90, 36.84, 48.37,
1991,18, 0.357,290.34, 58.30, 37.76, 48.03,
1991,19, 0.361,290.86, 56.54, 37.27, 46.90,
1991,20, 0.363,291.28, 54.65, 36.17, 45.41,
1991,21, 0.365,291.82, 53.69, 34.34, 44.01,
1991,22, 0.370,292.48, 53.69, 31.88, 42.78,
1991,23, 0.375,293.30, 54.04, 27.33, 40.69,
1991,24, 0.376,294.01, 53.74, 22.02, 37.88,
1991,25, 0.372,294.32, 51.81, 20.31, 36.06,
1991,26, 0.361,294.34, 47.79, 21.73, 34.76,
1991,27, 0.352,294.26, 45.18, 24.08, 34.63,
1991,28, 0.342,294.11, 43.08, 26.44, 34.76,
1991,29, 0.333,294.18, 42.15, 25.91, 34.03,
1991,30, 0.323,294.24, 40.73, 26.22, 33.48,
1991,31, 0.307,293.81, 37.86, 31.26, 34.56,
1991,32, 0.290,293.32, 35.26, 36.10, 35.68,
1991,33, 0.274,293.00, 33.91, 38.27, 36.09,
1991,34, 0.255,292.34, 32.19, 42.39, 37.29,
1991,35, 0.240,291.72, 32.20, 44.32, 38.26,
1991,36, 0.224,291.39, 32.44, 42.01, 37.23,
1991,37, 0.208,290.84, 31.39, 40.54, 35.97,
1991,38, 0.191,290.02, 29.06, 40.66, 34.86,
1991,39, 0.176,289.08, 26.15, 41.53, 33.84,
1991,40, 0.166,288.35, 24.33, 41.47, 32.90,
1991,41, 0.158,287.52, 22.61, 41.87, 32.24,
1991,42, 0.153,286.55, 20.77, 42.58, 31.67,
1991,43, 0.152,285.83, 20.26, 42.63, 31.45,
1991,44, 0.154,285.06, 19.49, 42.52, 31.00,
1991,45, 0.157,283.86, 18.34, 43.24, 30.79,
1991,46, 0.164,283.05, 18.68, 42.82, 30.75,
1991,47, 0.174,282.48, 20.30, 42.62, 31.46,
1991,48, 0.185,282.55, 23.30, 39.58, 31.44,
1991,49, 0.197,283.00, 27.74, 35.40, 31.57,
1991,50, 0.209,283.21, 30.03, 37.46, 33.75,
1991,51, 0.222,283.77, 34.68, 34.48, 34.58,
1991,52, 0.238,284.86, 40.17, 29.52, 34.85,
1992, 1, 0.248,285.81, 44.36, 25.68, 35.02,
1992, 2, 0.256,286.29, 47.29, 23.42, 35.35,
1992, 3, 0.261,286.53, 48.59, 22.83, 35.71,
1992, 4, 0.268,286.98, 49.72, 21.89, 35.81,
1992, 5, 0.274,287.20, 50.30, 22.49, 36.39,
1992, 6, 0.276,287.02, 50.04, 24.31, 37.18,
1992, 7, 0.280,287.01, 50.23, 25.58, 37.90,
1992, 8, 0.285,287.30, 51.05, 25.70, 38.38,
1992, 9, 0.288,287.55, 50.60, 26.35, 38.47,
1992,10, 0.291,287.77, 49.52, 27.30, 38.41,
1992,11, 0.292,287.82, 48.38, 28.56, 38.47,
1992,12, 0.293,287.82, 46.85, 30.80, 38.82,
1992,13, 0.299,288.22, 47.26, 31.03, 39.14,
1992,14, 0.306,288.89, 48.11, 30.07, 39.09,
1992,15, 0.310,289.24, 47.57, 31.01, 39.29,
1992,16, 0.316,289.66, 47.87, 30.93, 39.40,
1992,17, 0.322,290.19, 47.57, 30.89, 39.23,
1992,18, 0.331,290.87, 47.72, 29.64, 38.68,
1992,19, 0.335,291.24, 45.96, 30.33, 38.15,
1992,20, 0.336,291.14, 43.04, 34.35, 38.70,
1992,21, 0.338,291.10, 41.74, 38.74, 40.24,
1992,22, 0.341,291.28, 41.30, 41.41, 41.36,
1992,23, 0.344,291.55, 41.39, 42.87, 42.13,
1992,24, 0.348,291.83, 42.42, 43.75, 43.09,
1992,25, 0.352,292.08, 44.11, 43.73, 43.92,
1992,26, 0.355,292.37, 46.53, 42.31, 44.42,
1992,27, 0.353,292.46, 47.51, 42.70, 45.10,
1992,28, 0.349,292.26, 47.89, 44.87, 46.38,
1992,29, 0.347,292.22, 50.07, 44.86, 47.46,
1992,30, 0.346,292.31, 52.24, 43.60, 47.92,
1992,31, 0.344,292.47, 54.38, 42.20, 48.29,
1992,32, 0.339,292.39, 55.02, 42.94, 48.98,
1992,33, 0.331,291.99, 54.90, 45.35, 50.12,
1992,34, 0.322,291.35, 54.93, 48.37, 51.65,
1992,35, 0.313,290.86, 55.58, 49.16, 52.37,
1992,36, 0.307,290.51, 56.89, 47.36, 52.13,
1992,37, 0.302,290.09, 58.16, 45.54, 51.85,
1992,38, 0.295,289.56, 58.40, 44.72, 51.56,
1992,39, 0.290,289.06, 58.61, 43.82, 51.21,
1992,40, 0.283,288.33, 57.96, 43.34, 50.65,
1992,41, 0.277,287.41, 57.24, 43.09, 50.17,
1992,42, 0.269,286.41, 55.09, 43.00, 49.04,
1992,43, 0.261,285.43, 53.26, 43.18, 48.22,
1992,44, 0.251,284.36, 50.49, 43.78, 47.13,
1992,45, 0.240,283.14, 46.84, 45.14, 45.99,
1992,46, 0.231,281.93, 43.12, 46.42, 44.77,
1992,47, 0.226,281.07, 40.68, 47.14, 43.91,
1992,48, 0.222,280.36, 38.54, 47.23, 42.89,
1992,49, 0.221,280.16, 38.04, 45.34, 41.69,
1992,50, 0.228,281.06, 38.58, 45.82, 42.20,
1992,51, 0.237,282.15, 41.61, 40.24, 40.92,
1992,52, 0.248,283.35, 45.05, 34.79, 39.92,
1993, 1, 0.255,284.15, 47.98, 31.77, 39.87,
1993, 2, 0.260,284.61, 49.94, 29.40, 39.67,
1993, 3, 0.265,285.04, 51.31, 28.01, 39.66,
1993, 4, 0.273,285.82, 52.84, 26.44, 39.64,
1993, 5, 0.280,286.63, 53.81, 25.22, 39.52,
1993, 6, 0.284,287.04, 53.90, 24.91, 39.41,
1993, 7, 0.286,287.12, 53.08, 26.00, 39.54,
1993, 8, 0.286,287.05, 51.69, 27.88, 39.79,
1993, 9, 0.283,286.49, 48.80, 32.34, 40.57,
1993,10, 0.281,286.19, 46.26, 35.92, 41.09,
1993,11, 0.283,286.23, 45.00, 37.42, 41.21,
1993,12, 0.286,286.34, 44.33, 38.64, 41.49,
1993,13, 0.288,286.46, 43.58, 40.45, 42.02,
1993,14, 0.291,286.56, 42.59, 42.49, 42.54,
1993,15, 0.291,286.52, 40.68, 45.83, 43.26,
1993,16, 0.297,286.90, 40.93, 46.47, 43.70,
1993,17, 0.309,287.94, 42.50, 44.02, 43.26,
1993,18, 0.320,288.94, 43.56, 41.92, 42.74,
1993,19, 0.326,289.39, 43.01, 43.41, 43.21,
1993,20, 0.334,289.94, 43.20, 43.33, 43.27,
1993,21, 0.344,290.68, 45.40, 41.57, 43.48,
1993,22, 0.354,291.46, 48.12, 39.56, 43.84,
1993,23, 0.360,291.92, 49.22, 39.86, 44.54,
1993,24, 0.363,292.27, 49.94, 39.96, 44.95,
1993,25, 0.366,292.68, 51.35, 37.81, 44.58,
1993,26, 0.366,292.92, 51.75, 36.87, 44.31,
1993,27, 0.361,292.96, 51.05, 37.61, 44.33,
1993,28, 0.355,292.94, 50.38, 38.08, 44.23,
1993,29, 0.350,293.13, 51.22, 35.74, 43.48,
1993,30, 0.346,293.39, 52.07, 33.43, 42.75,
1993,31, 0.338,293.38, 51.39, 33.96, 42.67,
1993,32, 0.327,293.32, 50.45, 34.46, 42.45,
1993,33, 0.317,293.30, 50.17, 33.86, 42.02,
1993,34, 0.306,293.06, 50.01, 34.47, 42.24,
1993,35, 0.297,292.98, 50.73, 33.41, 42.07,
1993,36, 0.285,292.73, 50.83, 32.31, 41.57,
1993,37, 0.273,292.31, 49.98, 32.08, 41.03,
1993,38, 0.260,291.70, 48.29, 32.51, 40.40,
1993,39, 0.247,290.87, 45.89, 33.98, 39.94,
1993,40, 0.236,290.14, 44.00, 34.10, 39.05,
1993,41, 0.228,289.34, 42.56, 33.85, 38.20,
1993,42, 0.222,288.35, 40.83, 33.82, 37.32,
1993,43, 0.217,287.24, 39.81, 34.34, 37.07,
1993,44, 0.212,285.85, 38.38, 35.48, 36.93,
1993,45, 0.207,284.21, 36.00, 37.27, 36.64,
1993,46, 0.205,282.60, 34.11, 39.50, 36.80,
1993,47, 0.202,280.91, 32.07, 42.75, 37.41,
1993,48, 0.204,279.95, 31.72, 42.98, 37.35,
1993,49, 0.205,279.41, 31.80, 42.60, 37.20,
1993,50, 0.205,278.89, 29.56, 48.48, 39.02,
1993,51, 0.202,278.15, 28.33, 50.76, 39.55,
1993,52, 0.199,277.26, 26.44, 54.03, 40.24,
1994, 1, 0.197,276.64, 25.17, 57.02, 41.10,
1994, 2, 0.195,275.97, 24.60, 58.33, 41.47,
1994, 3, 0.195,275.51, 24.54, 59.61, 42.07,
1994, 4, 0.199,275.60, 24.73, 60.65, 42.69,
1994, 5, 0.204,275.92, 25.08, 61.72, 43.40,
1994, 6, 0.209,276.48, 25.74, 61.59, 43.66,
1994, 7, 0.215,277.27, 27.08, 60.71, 43.89,
1994, 8, 0.217,277.50, 27.21, 61.14, 44.17,
1994, 9, 0.218,277.67, 26.45, 62.47, 44.46,
1994,10, 0.220,278.28, 26.04, 63.21, 44.62,
1994,11, 0.226,279.37, 26.73, 62.11, 44.42,
1994,12, 0.232,280.49, 27.19, 61.50, 44.35,
1994,13, 0.238,281.52, 27.34, 61.53, 44.43,
1994,14, 0.245,282.67, 27.62, 60.82, 44.22,
1994,15, 0.249,283.49, 27.04, 61.20, 44.12,
1994,16, 0.252,284.22, 26.46, 61.41, 43.93,
1994,17, 0.258,285.14, 25.70, 61.21, 43.46,
1994,18, 0.264,286.09, 24.42, 61.34, 42.88,
1994,19, 0.272,287.08, 23.78, 60.45, 42.12,
1994,20, 0.282,288.20, 24.54, 56.47, 40.51,
1994,21, 0.291,289.03, 25.71, 54.37, 40.04,
1994,22, 0.298,289.71, 26.62, 54.38, 40.50,
1994,23, 0.307,290.57, 28.15, 51.77, 39.96,
1994,24, 0.313,291.34, 29.78, 47.61, 38.69,
1994,25, 0.318,291.93, 31.34, 44.01, 37.67,
1994,26, 0.320,292.48, 32.93, 40.12, 36.53,
1994,27, 0.320,293.03, 34.08, 36.42, 35.25,
1994,28, 0.316,293.37, 34.96, 33.61, 34.29,
1994,29, 0.310,293.58, 35.54, 31.25, 33.39,
1994,30, 0.301,293.61, 35.36, 31.01, 33.18,
1994,31, 0.290,293.46, 34.75, 32.50, 33.63,
1994,32, 0.278,293.19, 34.34, 34.78, 34.56,
1994,33, 0.265,292.91, 34.09, 36.75, 35.42,
1994,34, 0.254,292.68, 34.60, 37.95, 36.27,
1994,35, 0.245,292.42, 36.10, 38.69, 37.40,
1994,36, 0.238,292.33, 38.23, 37.46, 37.85,
1994,37,-1.000, -1.00, -1.00, -1.00, -1.00,
1994,38,-1.000, -1.00, -1.00, -1.00, -1.00,
1994,39,-1.000, -1.00, -1.00, -1.00, -1.00,
1994,40,-1.000, -1.00, -1.00, -1.00, -1.00,
1994,41,-1.000, -1.00, -1.00, -1.00, -1.00,
1994,42,-1.000, -1.00, -1.00, -1.00, -1.00,
1994,43,-1.000, -1.00, -1.00, -1.00, -1.00,
1994,44,-1.000, -1.00, -1.00, -1.00, -1.00,
1994,45,-1.000, -1.00, -1.00, -1.00, -1.00,
1994,46,-1.000, -1.00, -1.00, -1.00, -1.00,
1994,47,-1.000, -1.00, -1.00, -1.00, -1.00,
1994,48,-1.000, -1.00, -1.00, -1.00, -1.00,
1994,49,-1.000, -1.00, -1.00, -1.00, -1.00,
1994,50,-1.000, -1.00, -1.00, -1.00, -1.00,
1994,51,-1.000, -1.00, -1.00, -1.00, -1.00,
1994,52,-1.000, -1.00, -1.00, -1.00, -1.00,
1995, 1,-1.000, -1.00, -1.00, -1.00, -1.00,
1995, 2,-1.000, -1.00, -1.00, -1.00, -1.00,
1995, 3,-1.000, -1.00, -1.00, -1.00, -1.00,
1995, 4,-1.000, -1.00, -1.00, -1.00, -1.00,
1995, 5,-1.000, -1.00, -1.00, -1.00, -1.00,
1995, 6,-1.000, -1.00, -1.00, -1.00, -1.00,
1995, 7, 0.292,284.04, 54.14, 41.08, 47.61,
1995, 8, 0.298,284.78, 55.23, 39.91, 47.57,
1995, 9, 0.305,285.64, 56.60, 38.56, 47.58,
1995,10, 0.313,286.54, 57.91, 37.10, 47.50,
1995,11, 0.321,287.35, 58.97, 35.65, 47.31,
1995,12, 0.328,288.09, 59.68, 34.49, 47.08,
1995,13, 0.336,288.79, 60.78, 33.80, 47.29,
1995,14, 0.346,289.53, 62.34, 32.40, 47.37,
1995,15, 0.351,289.91, 62.40, 32.83, 47.61,
1995,16, 0.358,290.41, 63.00, 32.00, 47.50,
1995,17, 0.367,291.07, 64.10, 30.05, 47.08,
1995,18, 0.376,291.54, 64.82, 29.87, 47.35,
1995,19, 0.382,291.79, 64.31, 31.30, 47.81,
1995,20, 0.384,291.88, 62.51, 33.53, 48.02,
1995,21, 0.387,292.09, 62.47, 34.29, 48.38,
1995,22, 0.389,292.26, 62.21, 36.16, 49.19,
1995,23, 0.387,292.20, 60.00, 41.22, 50.61,
1995,24, 0.382,292.02, 57.33, 46.50, 51.91,
1995,25, 0.378,291.81, 55.54, 50.78, 53.16,
1995,26, 0.378,291.99, 56.72, 50.07, 53.39,
1995,27, 0.377,292.28, 57.81, 48.06, 52.93,
1995,28, 0.372,292.29, 57.60, 47.79, 52.69,
1995,29, 0.364,292.21, 57.30, 47.12, 52.21,
1995,30, 0.355,292.15, 56.70, 46.75, 51.73,
1995,31, 0.342,291.93, 54.47, 48.35, 51.41,
1995,32, 0.329,291.56, 52.38, 51.27, 51.82,
1995,33, 0.321,291.42, 52.63, 51.60, 52.12,
1995,34, 0.322,291.71, 56.07, 47.65, 51.86,
1995,35, 0.323,291.99, 59.80, 43.45, 51.63,
1995,36, 0.322,291.92, 62.51, 40.89, 51.70,
1995,37, 0.320,291.83, 64.60, 38.18, 51.39,
1995,38, 0.318,291.60, 65.91, 36.55, 51.23,
1995,39, 0.315,291.17, 66.57, 36.37, 51.47,
1995,40, 0.312,290.64, 66.93, 36.02, 51.47,
1995,41, 0.307,289.88, 66.88, 35.78, 51.33,
1995,42, 0.302,289.00, 65.64, 35.49, 50.56,
1995,43, 0.295,288.00, 64.60, 36.13, 50.36,
1995,44, 0.285,286.66, 62.21, 38.11, 50.16,
1995,45, 0.274,285.13, 58.76, 40.87, 49.82,
1995,46, 0.265,283.88, 55.36, 42.92, 49.14,
1995,47, 0.260,283.17, 52.97, 43.39, 48.18,
1995,48, 0.259,282.81, 51.59, 41.83, 46.71,
1995,49, 0.256,282.21, 49.80, 41.25, 45.53,
1995,50, 0.253,281.91, 46.61, 46.25, 46.43,
1995,51, 0.249,281.72, 44.50, 46.47, 45.48,
1995,52, 0.250,281.81, 43.78, 45.88, 44.83,
1996, 1, 0.252,281.99, 44.29, 46.25, 45.27,
1996, 2, 0.250,281.88, 43.79, 46.20, 45.00,
1996, 3, 0.249,281.82, 42.74, 46.82, 44.78,
1996, 4, 0.250,281.92, 41.55, 47.76, 44.66,
1996, 5, 0.253,282.20, 41.12, 48.43, 44.78,
1996, 6, 0.258,282.94, 41.89, 46.86, 44.37,
1996, 7, 0.267,284.28, 44.07, 42.63, 43.35,
1996, 8, 0.281,286.06, 48.39, 36.19, 42.29,
1996, 9, 0.295,287.52, 52.14, 31.35, 41.74,
1996,10, 0.303,288.22, 53.19, 30.66, 41.93,
1996,11, 0.310,288.62, 53.53, 31.66, 42.60,
1996,12, 0.317,288.91, 54.24, 32.80, 43.52,
1996,13, 0.327,289.38, 56.42, 32.62, 44.52,
1996,14, 0.335,289.63, 57.47, 33.80, 45.64,
1996,15, 0.341,289.85, 57.73, 34.79, 46.26,
1996,16, 0.348,290.23, 58.82, 34.12, 46.47,
1996,17, 0.356,290.63, 59.53, 34.13, 46.83,
1996,18, 0.366,291.18, 60.48, 32.95, 46.71,
1996,19, 0.372,291.67, 60.27, 31.47, 45.87,
1996,20, 0.376,291.97, 58.79, 30.96, 44.88,
1996,21, 0.375,291.98, 56.92, 33.80, 45.36,
1996,22, 0.377,292.12, 56.23, 36.17, 46.20,
1996,23, 0.378,292.26, 55.60, 38.75, 47.18,
1996,24, 0.377,292.29, 54.46, 42.07, 48.26,
1996,25, 0.376,292.31, 54.15, 44.43, 49.29,
1996,26, 0.375,292.36, 54.86, 45.43, 50.14,
1996,27, 0.376,292.49, 56.48, 44.90, 50.69,
1996,28, 0.373,292.52, 57.70, 44.53, 51.12,
1996,29, 0.369,292.43, 58.57, 44.63, 51.60,
1996,30, 0.368,292.54, 60.81, 43.36, 52.08,
1996,31, 0.367,292.71, 63.51, 41.91, 52.71,
1996,32, 0.361,292.48, 64.15, 43.76, 53.96,
1996,33, 0.349,291.76, 62.76, 49.29, 56.02,
1996,34, 0.339,291.06, 61.92, 53.20, 57.56,
1996,35, 0.336,290.93, 63.96, 51.25, 57.61,
1996,36, 0.332,290.75, 65.73, 48.69, 57.21,
1996,37, 0.326,290.43, 66.45, 46.85, 56.65,
1996,38, 0.321,290.09, 66.96, 45.18, 56.07,
1996,39, 0.315,289.53, 66.63, 44.88, 55.75,
1996,40, 0.307,288.69, 65.50, 45.41, 55.45,
1996,41, 0.296,287.54, 63.34, 46.51, 54.92,
1996,42, 0.286,286.35, 60.63, 46.95, 53.79,
1996,43, 0.281,285.41, 59.90, 46.74, 53.32,
1996,44, 0.279,284.99, 60.38, 44.73, 52.56,
1996,45, 0.279,284.70, 60.81, 42.35, 51.58,
1996,46, 0.277,284.24, 59.97, 41.67, 50.82,
1996,47, 0.272,283.45, 57.70, 42.76, 50.23,
1996,48, 0.267,282.61, 55.22, 43.28, 49.25,
1996,49, 0.263,281.90, 53.66, 42.86, 48.26,
1996,50, 0.265,282.10, 52.50, 45.56, 49.03,
1996,51, 0.266,282.40, 52.08, 43.13, 47.60,
1996,52, 0.269,282.82, 52.25, 40.79, 46.52,
1997, 1, 0.271,283.05, 53.13, 40.18, 46.66,
1997, 2, 0.275,283.54, 54.69, 36.97, 45.83,
1997, 3, 0.279,283.83, 55.59, 35.73, 45.66,
1997, 4, 0.279,283.50, 54.44, 38.15, 46.29,
1997, 5, 0.282,283.47, 53.88, 39.83, 46.86,
1997, 6, 0.286,283.82, 54.14, 39.72, 46.93,
1997, 7, 0.290,284.39, 54.56, 39.20, 46.88,
1997, 8, 0.297,285.37, 56.21, 36.92, 46.56,
1997, 9, 0.308,286.76, 58.85, 33.19, 46.02,
1997,10, 0.322,288.26, 62.24, 28.84, 45.54,
1997,11, 0.337,289.64, 65.80, 24.07, 44.93,
1997,12, 0.346,290.30, 67.22, 22.75, 44.98,
1997,13, 0.353,290.62, 67.75, 23.57, 45.66,
1997,14, 0.359,290.84, 67.86, 24.88, 46.37,
1997,15, 0.366,291.24, 68.34, 24.31, 46.32,
1997,16, 0.372,291.60, 69.06, 23.53, 46.30,
1997,17, 0.378,291.79, 68.55, 25.01, 46.78,
1997,18, 0.384,292.21, 68.26, 24.56, 46.41,
1997,19, 0.391,292.64, 67.95, 23.66, 45.81,
1997,20, 0.397,293.07, 67.62, 21.90, 44.76,
1997,21, 0.403,293.66, 68.36, 18.00, 43.18,
1997,22, 0.406,294.29, 68.04, 14.20, 41.12,
1997,23, 0.405,294.63, 66.06, 13.46, 39.76,
1997,24, 0.401,294.86, 63.58, 13.38, 38.48,
1997,25, 0.394,294.97, 60.66, 14.25, 37.45,
1997,26, 0.385,295.04, 57.36, 15.05, 36.21,
1997,27, 0.375,295.14, 53.99, 15.38, 34.69,
1997,28, 0.363,295.30, 50.58, 14.82, 32.70,
1997,29, 0.348,295.44, 46.65, 14.35, 30.50,
1997,30, 0.332,295.57, 42.99, 14.28, 28.64,
1997,31, 0.313,295.58, 39.52, 15.45, 27.48,
1997,32, 0.293,295.34, 36.29, 18.91, 27.60,
1997,33, 0.271,294.92, 33.21, 22.95, 28.08,
1997,34, 0.248,294.78, 30.41, 22.96, 26.68,
1997,35, 0.222,294.39, 27.52, 23.87, 25.69,
1997,36, 0.196,293.30, 24.75, 27.85, 26.30,
1997,37, 0.176,292.27, 22.71, 30.43, 26.57,
1997,38, 0.161,291.22, 21.41, 32.67, 27.04,
1997,39, 0.151,290.24, 20.64, 34.48, 27.56,
1997,40, 0.144,289.40, 20.25, 35.75, 28.00,
1997,41, 0.142,288.96, 20.27, 35.42, 27.85,
1997,42, 0.141,288.79, 20.26, 33.83, 27.04,
1997,43, 0.143,288.54, 20.35, 32.56, 26.45,
1997,44, 0.148,288.17, 20.59, 31.30, 25.95,
1997,45, 0.160,287.75, 22.21, 30.05, 26.13,
1997,46, 0.177,287.47, 25.63, 28.03, 26.83,
1997,47, 0.197,287.53, 30.78, 24.91, 27.84,
1997,48, 0.216,287.57, 36.66, 21.81, 29.23,
1997,49, 0.234,287.41, 42.67, 19.78, 31.23,
1997,50, 0.251,287.65, 47.33, 18.84, 33.08,
1997,51, 0.267,288.08, 52.85, 16.23, 34.54,
1997,52, 0.283,288.64, 58.15, 13.83, 35.99,
1998, 1, 0.296,289.18, 63.97, 11.67, 37.82,
1998, 2, 0.308,289.73, 67.99,  9.45, 38.72,
1998, 3, 0.313,289.92, 69.02,  9.22, 39.12,
1998, 4, 0.316,290.00, 68.07, 10.08, 39.08,
1998, 5, 0.316,290.13, 66.23, 10.69, 38.46,
1998, 6, 0.312,290.07, 63.53, 11.44, 37.48,
1998, 7, 0.307,289.90, 60.19, 12.96, 36.57,
1998, 8, 0.300,289.72, 56.94, 14.83, 35.89,
1998, 9, 0.295,289.69, 53.98, 16.40, 35.19,
1998,10, 0.291,289.70, 51.11, 17.92, 34.51,
1998,11, 0.285,289.54, 47.61, 20.26, 33.94,
1998,12, 0.281,289.39, 44.48, 23.24, 33.86,
1998,13, 0.278,289.39, 42.12, 26.00, 34.06,
1998,14, 0.281,289.55, 41.15, 27.96, 34.56,
1998,15, 0.287,289.65, 41.04, 30.17, 35.60,
1998,16, 0.294,289.58, 41.23, 33.82, 37.52,
1998,17, 0.305,289.65, 41.78, 37.75, 39.77,
1998,18, 0.318,289.86, 42.47, 40.95, 41.71,
1998,19, 0.328,289.99, 43.12, 44.83, 43.98,
1998,20, 0.339,290.27, 44.81, 46.30, 45.56,
1998,21, 0.348,290.43, 47.10, 48.72, 47.91,
1998,22, 0.357,290.63, 49.33, 51.30, 50.32,
1998,23, 0.363,290.78, 51.18, 53.95, 52.57,
1998,24, 0.368,290.83, 52.94, 56.62, 54.78,
1998,25, 0.371,290.85, 54.56, 58.77, 56.66,
1998,26, 0.372,290.85, 55.86, 59.88, 57.87,
1998,27, 0.370,290.81, 56.73, 60.69, 58.71,
1998,28, 0.368,290.75, 58.20, 60.63, 59.42,
1998,29, 0.364,290.55, 59.20, 60.37, 59.79,
1998,30, 0.360,290.38, 60.12, 60.59, 60.36,
1998,31, 0.354,289.99, 59.92, 63.59, 61.75,
1998,32, 0.349,289.71, 60.70, 65.25, 62.98,
1998,33, 0.347,289.80, 62.95, 62.82, 62.89,
1998,34, 0.345,289.96, 65.07, 58.92, 61.99,
1998,35, 0.339,289.67, 65.66, 57.67, 61.67,
1998,36, 0.331,289.12, 65.73, 56.59, 61.16,
1998,37, 0.322,288.49, 65.50, 55.83, 60.66,
1998,38, 0.314,287.80, 64.84, 55.76, 60.30,
1998,39, 0.306,287.04, 63.72, 56.34, 60.03,
1998,40, 0.298,285.95, 62.31, 56.96, 59.64,
1998,41, 0.289,284.74, 61.18, 57.00, 59.09,
1998,42, 0.280,283.33, 58.50, 57.49, 58.00,
1998,43, 0.271,282.13, 56.56, 57.84, 57.20,
1998,44, 0.263,280.97, 54.49, 57.91, 56.20,
1998,45, 0.257,280.15, 52.97, 57.26, 55.12,
1998,46, 0.255,279.95, 52.25, 55.77, 54.01,
1998,47, 0.257,280.19, 52.46, 53.02, 52.74,
1998,48, 0.256,279.90, 51.49, 51.63, 51.56,
1998,49, 0.251,279.15, 49.34, 51.52, 50.43,
1998,50, 0.246,278.31, 45.34, 59.39, 52.37,
1998,51, 0.244,278.04, 43.84, 59.28, 51.56,
1998,52, 0.243,277.81, 42.51, 59.58, 51.05,
1999, 1, 0.241,277.31, 41.26, 62.96, 52.11,
1999, 2, 0.239,276.93, 40.52, 63.32, 51.92,
1999, 3, 0.242,277.15, 41.22, 62.51, 51.87,
1999, 4, 0.248,277.80, 42.12, 61.31, 51.72,
1999, 5, 0.253,278.45, 42.60, 60.25, 51.43,
1999, 6, 0.258,279.09, 43.25, 58.98, 51.12,
1999, 7, 0.262,279.84, 44.05, 57.90, 50.98,
1999, 8, 0.266,280.13, 43.99, 58.63, 51.31,
1999, 9, 0.268,280.22, 43.16, 61.17, 52.16,
1999,10, 0.271,280.48, 42.24, 63.90, 53.07,
1999,11, 0.277,281.13, 42.87, 64.67, 53.77,
1999,12, 0.284,282.01, 43.93, 64.72, 54.33,
1999,13, 0.293,283.01, 44.95, 64.41, 54.68,
1999,14, 0.301,284.10, 46.16, 63.36, 54.76,
1999,15, 0.313,285.46, 48.29, 59.51, 53.90,
1999,16, 0.321,286.42, 49.17, 56.88, 53.02,
1999,17, 0.326,287.09, 48.52, 56.80, 52.66,
1999,18, 0.334,287.92, 48.40, 55.43, 51.92,
1999,19, 0.341,288.78, 48.57, 52.88, 50.72,
1999,20, 0.347,289.36, 48.09, 51.62, 49.85,
1999,21, 0.351,289.80, 47.75, 51.95, 49.85,
1999,22, 0.357,290.65, 49.01, 48.76, 48.88,
1999,23, 0.363,291.44, 50.00, 45.40, 47.70,
1999,24, 0.362,291.60, 48.91, 46.96, 47.93,
1999,25, 0.357,291.34, 46.45, 52.08, 49.27,
1999,26, 0.355,291.42, 46.51, 52.81, 49.66,
1999,27, 0.355,291.67, 47.85, 51.29, 49.57,
1999,28, 0.356,292.13, 50.71, 46.88, 48.79,
1999,29, 0.354,292.40, 52.68, 43.41, 48.04,
1999,30, 0.352,292.62, 54.58, 41.05, 47.82,
1999,31, 0.351,292.97, 57.49, 37.95, 47.72,
1999,32, 0.346,292.88, 58.37, 38.85, 48.61,
1999,33, 0.339,292.71, 58.92, 39.54, 49.23,
1999,34, 0.332,292.57, 59.59, 39.18, 49.39,
1999,35, 0.327,292.48, 60.70, 38.02, 49.36,
1999,36, 0.320,292.25, 61.35, 36.57, 48.96,
1999,37, 0.308,291.39, 60.07, 38.95, 49.51,
1999,38, 0.295,290.19, 57.95, 42.66, 50.30,
1999,39, 0.282,288.56, 55.09, 47.66, 51.37,
1999,40, 0.268,286.66, 52.00, 52.40, 52.20,
1999,41, 0.256,284.98, 49.40, 54.78, 52.09,
1999,42, 0.243,282.98, 45.95, 57.70, 51.82,
1999,43, 0.233,281.15, 43.59, 59.94, 51.77,
1999,44, 0.226,279.69, 41.65, 60.91, 51.28,
1999,45, 0.218,278.27, 38.86, 62.43, 50.64,
1999,46, 0.215,277.55, 36.84, 62.24, 49.54,
1999,47, 0.212,276.92, 34.76, 62.57, 48.66,
1999,48, 0.211,276.69, 33.44, 60.55, 47.00,
1999,49, 0.208,276.44, 32.12, 58.84, 45.48,
1999,50, 0.204,276.04, 27.97, 66.52, 47.25,
1999,51, 0.202,275.82, 26.25, 67.02, 46.63,
1999,52, 0.205,276.14, 26.62, 65.44, 46.03,
2000, 1, 0.206,276.08, 27.38, 64.51, 45.95,
2000, 2, 0.210,276.44, 28.72, 62.35, 45.54,
2000, 3, 0.212,276.53, 29.33, 61.93, 45.63,
2000, 4, 0.217,276.97, 30.33, 61.06, 45.69,
2000, 5, 0.223,277.54, 31.46, 60.57, 46.01,
2000, 6, 0.231,278.28, 33.37, 58.85, 46.11,
2000, 7, 0.241,279.36, 36.02, 56.53, 46.28,
2000, 8, 0.249,280.25, 38.16, 54.53, 46.34,
2000, 9, 0.253,280.89, 38.70, 53.85, 46.28,
2000,10, 0.253,280.99, 36.85, 56.31, 46.58,
2000,11, 0.252,281.14, 34.89, 58.99, 46.94,
2000,12, 0.250,281.35, 32.70, 61.72, 47.21,
2000,13, 0.253,281.85, 32.02, 63.14, 47.58,
2000,14, 0.255,282.15, 31.01, 65.51, 48.26,
2000,15, 0.257,282.67, 29.89, 66.91, 48.40,
2000,16, 0.262,283.55, 29.52, 66.64, 48.08,
2000,17, 0.271,284.75, 29.78, 65.58, 47.68,
2000,18, 0.281,285.87, 29.81, 64.87, 47.34,
2000,19, 0.290,286.94, 29.86, 63.43, 46.64,
2000,20, 0.297,287.76, 29.70, 61.78, 45.74,
2000,21, 0.302,288.22, 29.69, 62.78, 46.24,
2000,22, 0.307,288.61, 30.04, 64.57, 47.30,
2000,23, 0.306,288.49, 28.47, 70.15, 49.31,
2000,24, 0.306,288.36, 27.52, 74.47, 50.99,
2000,25, 0.310,288.67, 28.78, 73.98, 51.38,
2000,26, 0.315,289.28, 31.36, 70.65, 51.00,
2000,27, 0.317,289.76, 33.29, 67.85, 50.57,
2000,28, 0.313,289.97, 33.55, 66.06, 49.81,
2000,29, 0.305,290.00, 33.25, 64.20, 48.73,
2000,30, 0.299,290.19, 33.79, 61.31, 47.55,
2000,31, 0.288,290.01, 32.87, 62.40, 47.63,
2000,32, 0.278,290.07, 32.90, 61.64, 47.27,
2000,33, 0.271,290.40, 33.66, 58.22, 45.94,
2000,34, 0.264,290.75, 35.17, 53.41, 44.29,
2000,35, 0.256,290.71, 36.58, 50.83, 43.71,
2000,36, 0.246,290.10, 37.40, 50.68, 44.04,
2000,37, 0.238,289.28, 37.89, 51.00, 44.45,
2000,38, 0.231,288.27, 38.33, 52.06, 45.19,
2000,39, 0.226,286.98, 38.39, 54.74, 46.56,
2000,40, 0.220,285.25, 38.02, 58.12, 48.07,
2000,41, 0.213,283.42, 36.97, 60.38, 48.68,
2000,42, 0.206,281.94, 35.74, 60.54, 48.14,
2000,43, 0.200,280.42, 34.46, 61.46, 47.96,
2000,44, 0.191,278.52, 31.93, 63.80, 47.86,
2000,45, 0.187,277.37, 29.76, 64.33, 47.05,
2000,46, 0.186,276.77, 27.93, 64.47, 46.20,
2000,47, 0.188,276.62, 27.11, 63.70, 45.41,
2000,48, 0.189,276.18, 26.44, 62.96, 44.70,
2000,49, 0.193,276.11, 27.26, 61.03, 44.15,
2000,50, 0.199,276.44, 27.00, 65.57, 46.28,
2000,51, 0.207,276.72, 29.00, 64.31, 46.66,
2000,52, 0.216,276.95, 31.31, 63.44, 47.37,
2001, 1, 0.228,277.50, 35.01, 63.00, 49.01,
2001, 2, 0.238,277.93, 38.83, 60.55, 49.69,
2001, 3, 0.247,278.34, 42.02, 58.78, 50.40,
2001, 4, 0.253,278.43, 43.07, 59.10, 51.08,
2001, 5, 0.259,278.97, 43.75, 58.38, 51.07,
2001, 6, 0.266,280.12, 45.54, 55.47, 50.51,
2001, 7, 0.278,281.64, 49.05, 51.19, 50.12,
2001, 8, 0.291,283.21, 53.14, 46.32, 49.73,
2001, 9, 0.304,284.60, 56.60, 42.50, 49.55,
2001,10, 0.313,285.57, 58.25, 40.91, 49.58,
2001,11, 0.319,285.88, 58.43, 41.84, 50.14,
2001,12, 0.322,285.99, 58.08, 44.30, 51.19,
2001,13, 0.329,286.57, 58.46, 44.63, 51.55,
2001,14, 0.336,287.33, 59.16, 43.45, 51.30,
2001,15, 0.341,287.84, 58.98, 43.55, 51.27,
2001,16, 0.346,288.15, 58.65, 44.77, 51.71,
2001,17, 0.353,288.79, 58.81, 44.22, 51.51,
2001,18, 0.361,289.59, 58.99, 42.35, 50.67,
2001,19, 0.367,289.99, 58.33, 42.93, 50.63,
2001,20, 0.373,290.51, 58.16, 41.65, 49.90,
2001,21, 0.377,290.96, 57.97, 41.07, 49.52,
2001,22, 0.380,291.29, 57.77, 42.92, 50.34,
2001,23, 0.383,291.46, 57.80, 46.18, 51.99,
2001,24, 0.386,291.71, 58.75, 46.98, 52.86,
2001,25, 0.392,292.34, 61.32, 42.65, 51.99,
2001,26, 0.394,292.93, 62.84, 37.98, 50.41,
2001,27, 0.390,293.13, 62.42, 37.03, 49.72,
2001,28, 0.383,293.09, 61.58, 37.85, 49.72,
2001,29, 0.376,292.92, 60.97, 39.37, 50.17,
2001,30, 0.370,292.92, 61.62, 39.23, 50.42,
2001,31, 0.365,293.00, 62.47, 38.85, 50.66,
2001,32, 0.358,292.91, 62.72, 39.70, 51.21,
2001,33, 0.351,292.87, 63.34, 39.57, 51.46,
2001,34, 0.346,292.99, 64.35, 37.28, 50.81,
2001,35, 0.338,292.79, 64.76, 36.89, 50.83,
2001,36, 0.330,292.07, 64.85, 38.22, 51.54,
2001,37, 0.321,291.25, 64.60, 39.87, 52.23,
2001,38, 0.317,290.56, 65.05, 40.56, 52.80,
2001,39, 0.312,289.66, 64.94, 42.33, 53.63,
2001,40, 0.303,288.17, 63.58, 45.71, 54.64,
2001,41, 0.295,286.54, 62.35, 48.47, 55.41,
2001,42, 0.289,285.29, 61.25, 49.25, 55.25,
2001,43, 0.286,284.42, 61.36, 49.42, 55.39,
2001,44, 0.279,283.42, 60.26, 50.52, 55.39,
2001,45, 0.271,282.27, 57.88, 52.90, 55.39,
2001,46, 0.267,281.42, 55.91, 54.21, 55.06,
2001,47, 0.269,281.51, 56.28, 51.88, 54.08,
2001,48, 0.273,281.84, 57.22, 47.47, 52.35,
2001,49, 0.279,282.34, 59.67, 41.91, 50.79,
2001,50, 0.289,283.37, 61.77, 41.01, 51.39,
2001,51, 0.299,284.65, 65.04, 34.09, 49.57,
2001,52, 0.301,285.31, 65.38, 30.65, 48.01,
2002, 1, 0.298,285.26, 64.71, 31.17, 47.94,
2002, 2, 0.292,284.99, 62.13, 31.84, 46.98,
2002, 3, 0.287,284.71, 58.89, 32.94, 45.91,
2002, 4, 0.281,284.38, 54.51, 35.34, 44.92,
2002, 5, 0.278,284.42, 51.10, 36.58, 43.84,
2002, 6, 0.277,284.68, 49.37, 36.53, 42.95,
2002, 7, 0.282,285.36, 49.81, 35.20, 42.50,
2002, 8, 0.289,286.34, 51.26, 32.99, 42.12,
2002, 9, 0.297,287.01, 52.54, 32.54, 42.54,
2002,10, 0.306,287.47, 54.42, 33.54, 43.98,
2002,11, 0.318,288.07, 57.07, 33.37, 45.22,
2002,12, 0.331,288.80, 59.88, 32.08, 45.98,
2002,13, 0.344,289.56, 63.03, 30.38, 46.71,
2002,14, 0.356,290.11, 65.48, 29.83, 47.66,
2002,15, 0.365,290.59, 67.20, 29.06, 48.13,
2002,16, 0.371,290.85, 67.61, 29.57, 48.59,
2002,17, 0.375,291.03, 66.76, 31.63, 49.19,
2002,18, 0.383,291.62, 67.13, 30.28, 48.71,
2002,19, 0.392,292.35, 68.13, 26.78, 47.46,
2002,20, 0.397,292.87, 67.28, 24.26, 45.77,
2002,21, 0.398,293.17, 66.13, 23.80, 44.97,
2002,22, 0.395,293.17, 63.74, 26.63, 45.18,
2002,23, 0.391,293.03, 60.79, 31.78, 46.28,
2002,24, 0.387,292.92, 58.06, 36.17, 47.11,
2002,25, 0.385,292.98, 57.06, 37.84, 47.45,
2002,26, 0.385,293.28, 57.87, 35.93, 46.90,
2002,27, 0.384,293.56, 58.62, 34.03, 46.32,
2002,28, 0.380,293.69, 58.91, 33.22, 46.06,
2002,29, 0.376,293.77, 59.81, 32.07, 45.94,
2002,30, 0.371,293.95, 60.40, 30.31, 45.36,
2002,31, 0.363,294.31, 60.36, 27.08, 43.72,
2002,32, 0.351,294.48, 58.92, 25.96, 42.44,
2002,33, 0.334,294.36, 56.19, 26.93, 41.56,
2002,34, 0.315,294.21, 53.19, 27.19, 40.19,
2002,35, 0.297,294.04, 51.26, 27.34, 39.30,
2002,36, 0.281,293.75, 50.28, 27.08, 38.68,
2002,37, 0.270,293.42, 50.12, 26.66, 38.39,
2002,38, 0.265,293.27, 51.10, 25.30, 38.20,
2002,39, 0.262,293.26, 51.97, 23.05, 37.51,
2002,40, 0.257,293.01, 51.92, 21.99, 36.95,
2002,41, 0.255,292.69, 52.37, 20.87, 36.62,
2002,42, 0.257,292.40, 53.17, 19.38, 36.28,
2002,43, 0.259,291.77, 54.25, 19.28, 36.76,
2002,44, 0.259,290.70, 54.39, 20.81, 37.60,
2002,45, 0.258,289.13, 53.89, 23.93, 38.91,
2002,46, 0.265,288.18, 55.39, 24.92, 40.16,
2002,47, 0.276,288.18, 59.33, 22.60, 40.96,
2002,48, 0.285,288.00, 62.31, 20.70, 41.51,
2002,49, 0.293,287.69, 64.89, 19.25, 42.07,
2002,50, 0.296,287.12, 64.92, 22.55, 43.73,
2002,51, 0.299,286.76, 65.46, 23.80, 44.63,
2002,52, 0.301,286.54, 65.43, 24.93, 45.18,
2003, 1, 0.301,286.15, 65.20, 27.19, 46.19,
2003, 2, 0.302,285.96, 65.23, 27.41, 46.32,
2003, 3, 0.304,286.09, 65.53, 26.86, 46.19,
2003, 4, 0.304,286.06, 64.12, 27.97, 46.04,
2003, 5, 0.305,285.97, 62.68, 29.59, 46.13,
2003, 6, 0.306,285.60, 61.49, 31.93, 46.71,
2003, 7, 0.311,285.88, 62.30, 31.92, 47.11,
2003, 8, 0.321,286.90, 65.09, 28.85, 46.97,
2003, 9, 0.329,287.61, 66.42, 27.72, 47.07,
2003,10, 0.335,288.03, 66.59, 28.34, 47.47,
2003,11, 0.337,288.10, 65.51, 30.73, 48.12,
2003,12, 0.341,288.37, 64.88, 32.33, 48.60,
2003,13, 0.347,288.84, 64.97, 32.85, 48.91,
2003,14, 0.351,289.16, 64.33, 34.23, 49.28,
2003,15, 0.352,289.24, 62.26, 36.83, 49.54,
2003,16, 0.354,289.42, 61.31, 38.34, 49.82,
2003,17, 0.359,289.84, 60.45, 38.63, 49.54,
2003,18, 0.365,290.44, 59.89, 37.73, 48.81,
2003,19, 0.373,291.12, 60.02, 35.87, 47.95,
2003,20, 0.384,292.11, 61.40, 29.80, 45.60,
2003,21, 0.394,293.16, 63.69, 22.55, 43.12,
2003,22, 0.398,293.77, 63.96, 19.66, 41.81,
2003,23, 0.396,293.82, 61.72, 22.30, 42.01,
2003,24, 0.389,293.52, 58.38, 27.87, 43.13,
2003,25, 0.381,293.13, 55.50, 33.83, 44.67,
2003,26, 0.374,292.84, 53.65, 37.93, 45.79,
2003,27, 0.370,292.81, 53.25, 39.02, 46.14,
2003,28, 0.365,292.90, 53.68, 38.09, 45.88,
2003,29, 0.360,293.08, 54.40, 35.93, 45.16,
2003,30, 0.352,293.12, 54.07, 35.57, 44.82,
2003,31, 0.343,292.98, 53.42, 37.62, 45.52,
2003,32, 0.336,292.95, 54.10, 38.22, 46.16,
2003,33, 0.329,292.77, 54.86, 39.52, 47.19,
2003,34, 0.322,292.40, 55.76, 41.47, 48.62,
2003,35, 0.319,292.22, 57.99, 40.92, 49.45,
2003,36, 0.317,292.16, 60.60, 38.31, 49.45,
2003,37, 0.312,291.72, 61.54, 37.63, 49.58,
2003,38, 0.305,290.96, 61.42, 38.49, 49.95,
2003,39, 0.300,290.12, 61.37, 39.91, 50.64,
2003,40, 0.299,289.55, 62.70, 39.50, 51.10,
2003,41, 0.302,289.33, 64.94, 36.81, 50.87,
2003,42, 0.300,288.55, 64.81, 36.49, 50.65,
2003,43, 0.295,287.37, 64.49, 38.07, 51.28,
2003,44, 0.290,286.13, 63.69, 39.70, 51.70,
2003,45, 0.284,284.89, 61.99, 41.07, 51.53,
2003,46, 0.275,283.45, 58.62, 43.65, 51.14,
2003,47, 0.265,281.70, 54.46, 47.61, 51.03,
2003,48, 0.258,280.38, 51.34, 49.25, 50.30,
2003,49, 0.256,279.74, 49.98, 48.23, 49.11,
2003,50, 0.255,279.50, 48.02, 53.00, 50.51,
2003,51, 0.263,280.18, 50.44, 49.27, 49.85,
2003,52, 0.278,281.78, 55.70, 41.67, 48.69,
2004, 1, 0.294,283.24, 61.55, 34.90, 48.23,
2004, 2,-1.000, -1.00, -1.00, -1.00, -1.00,
2004, 3,-1.000, -1.00, -1.00, -1.00, -1.00,
2004, 4,-1.000, -1.00, -1.00, -1.00, -1.00,
2004, 5, 0.299,284.28, 59.92, 34.51, 47.22,
2004, 6, 0.291,283.57, 55.88, 39.17, 47.52,
2004, 7, 0.286,282.74, 52.26, 44.38, 48.32,
2004, 8, 0.282,281.96, 49.75, 48.86, 49.31,
2004, 9, 0.280,280.91, 47.35, 54.05, 50.70,
2004,10, 0.277,280.13, 44.15, 59.08, 51.62,
2004,11,-1.000, -1.00, -1.00, -1.00, -1.00,
2004,12,-1.000, -1.00, -1.00, -1.00, -1.00,
2004,13,-1.000, -1.00, -1.00, -1.00, -1.00,
2004,14,-1.000, -1.00, -1.00, -1.00, -1.00,
2004,15,-1.000, -1.00, -1.00, -1.00, -1.00,
2004,16,-1.000, -1.00, -1.00, -1.00, -1.00,
2004,17,-1.000, -1.00, -1.00, -1.00, -1.00,
2004,18,-1.000, -1.00, -1.00, -1.00, -1.00,
2004,19,-1.000, -1.00, -1.00, -1.00, -1.00,
2004,20,-1.000, -1.00, -1.00, -1.00, -1.00,
2004,21,-1.000, -1.00, -1.00, -1.00, -1.00,
2004,22,-1.000, -1.00, -1.00, -1.00, -1.00,
2004,23,-1.000, -1.00, -1.00, -1.00, -1.00,
2004,24,-1.000, -1.00, -1.00, -1.00, -1.00,
2004,25, 0.378,292.77, 53.90, 37.23, 45.57,
2004,26, 0.372,292.27, 52.02, 42.92, 47.47,
2004,27, 0.365,291.96, 51.02, 46.86, 48.94,
2004,28, 0.359,291.81, 51.31, 48.06, 49.68,
2004,29,-1.000, -1.00, -1.00, -1.00, -1.00,
2004,30, 0.354,292.30, 55.00, 42.96, 48.98,
2004,31, 0.352,292.76, 56.86, 39.72, 48.29,
2004,32, 0.347,293.12, 58.22, 36.96, 47.59,
2004,33, 0.340,293.31, 58.82, 34.69, 46.75,
2004,34, 0.332,293.43, 59.38, 32.33, 45.86,
2004,35, 0.322,293.37, 59.41, 31.33, 45.37,
2004,36, 0.313,293.20, 60.15, 30.09, 45.12,
2004,37, 0.307,293.04, 61.06, 28.64, 44.85,
2004,38, 0.302,293.11, 61.81, 26.20, 44.01,
2004,39, 0.293,292.89, 61.03, 25.26, 43.14,
2004,40, 0.283,292.39, 59.61, 25.37, 42.49,
2004,41, 0.274,291.71, 58.31, 25.68, 41.99,
2004,42, 0.270,291.10, 57.26, 25.26, 41.26,
2004,43, 0.266,290.39, 56.87, 25.61, 41.24,
2004,44, 0.264,289.42, 56.51, 26.69, 41.60,
2004,45, 0.262,288.16, 55.55, 28.44, 41.99,
2004,46, 0.264,287.16, 55.25, 29.54, 42.40,
2004,47, 0.265,286.42, 54.94, 30.09, 42.52,
2004,48, 0.262,285.43, 53.09, 30.76, 41.93,
2004,49, 0.259,284.35, 51.71, 31.63, 41.67,
2004,50, 0.260,283.70, 50.01, 36.21, 43.11,
2004,51, 0.261,283.56, 49.73, 35.76, 42.74,
2004,52, 0.264,283.83, 50.00, 34.50, 42.25,
2005, 1, 0.269,284.30, 52.06, 32.92, 42.49,
2005, 2, 0.279,285.22, 55.54, 28.52, 42.03,
2005, 3, 0.290,286.48, 59.10, 24.02, 41.56,
2005, 4, 0.299,287.62, 60.67, 20.75, 40.71,
2005, 5, 0.302,287.99, 60.00, 20.58, 40.29,
2005, 6, 0.304,287.84, 59.37, 21.84, 40.61,
2005, 7, 0.308,288.08, 59.94, 21.94, 40.94,
2005, 8, 0.315,288.80, 61.38, 20.38, 40.88,
2005, 9, 0.319,289.05, 61.30, 20.85, 41.08,
2005,10, 0.321,289.04, 60.08, 22.91, 41.49,
2005,11, 0.319,288.60, 57.66, 27.46, 42.56,
2005,12, 0.315,287.99, 54.09, 33.60, 43.84,
2005,13, 0.313,287.66, 51.46, 38.74, 45.10,
2005,14, 0.317,287.81, 50.78, 41.27, 46.03,
2005,15, 0.323,288.32, 51.24, 41.40, 46.32,
2005,16, 0.332,289.17, 52.92, 38.77, 45.84,
2005,17, 0.339,289.88, 53.29, 37.39, 45.34,
2005,18, 0.346,290.32, 52.81, 37.63, 45.22,
2005,19, 0.351,290.60, 51.88, 38.77, 45.33,
2005,20, 0.357,291.18, 51.72, 36.21, 43.97,
2005,21, 0.363,291.70, 52.24, 33.89, 43.06,
2005,22, 0.367,292.07, 52.51, 34.16, 43.33,
2005,23, 0.371,292.33, 52.81, 35.57, 44.19,
2005,24, 0.375,292.57, 53.77, 36.27, 45.02,
2005,25, 0.376,292.60, 54.73, 38.68, 46.71,
2005,26, 0.378,292.76, 56.20, 39.20, 47.70,
2005,27, 0.375,292.77, 56.49, 40.76, 48.63,
2005,28, 0.370,292.69, 56.54, 41.59, 49.07,
2005,29, 0.366,292.40, 57.65, 43.13, 50.39,
2005,30, 0.364,292.99, 59.78, 38.14, 48.96,
2005,31, 0.361,293.24, 61.56, 36.43, 49.00,
2005,32, 0.359,293.45, 63.64, 34.85, 49.25,
2005,33, 0.356,293.56, 65.30, 33.51, 49.41,
2005,34, 0.351,293.57, 66.66, 32.47, 49.57,
2005,35, 0.345,293.35, 67.47, 32.96, 50.22,
2005,36, 0.340,293.19, 68.66, 31.48, 50.07,
2005,37, 0.338,293.27, 70.37, 28.14, 49.25,
2005,38, 0.334,293.04, 71.09, 27.21, 49.15,
2005,39, 0.326,292.25, 70.23, 29.21, 49.72,
2005,40, 0.315,290.93, 68.12, 33.00, 50.56,
2005,41, 0.305,289.66, 66.69, 35.29, 50.99,
2005,42, 0.301,288.69, 65.78, 35.60, 50.69,
2005,43, 0.296,287.64, 65.28, 36.76, 51.02,
2005,44, 0.292,286.70, 64.85, 37.51, 51.18,
2005,45, 0.290,286.00, 64.71, 37.17, 50.94,
2005,46, 0.287,285.27, 63.70, 37.54, 50.62,
2005,47, 0.281,284.15, 61.01, 39.89, 50.45,
2005,48, 0.270,282.45, 56.23, 43.46, 49.85,
2005,49, 0.261,281.06, 52.21, 44.90, 48.55,
2005,50, 0.257,280.54, 48.67, 49.73, 49.20,
2005,51, 0.254,280.27, 46.81, 49.67, 48.24,
2005,52, 0.252,280.09, 45.21, 50.21, 47.71,
2006, 1, 0.251,279.97, 44.51, 52.73, 48.62,
2006, 2, 0.255,280.53, 46.22, 49.42, 47.82,
2006, 3, 0.266,282.00, 50.39, 43.41, 46.90,
2006, 4, 0.276,283.43, 53.04, 38.77, 45.91,
2006, 5, 0.284,284.53, 54.51, 35.81, 45.16,
2006, 6, 0.293,285.61, 56.67, 32.38, 44.52,
2006, 7, 0.301,286.62, 58.55, 29.63, 44.09,
2006, 8, 0.306,287.23, 59.30, 28.93, 44.12,
2006, 9, 0.307,287.13, 57.64, 31.82, 44.73,
2006,10, 0.306,286.86, 54.88, 35.97, 45.42,
2006,11, 0.306,286.82, 53.03, 39.11, 46.07,
2006,12, 0.309,286.90, 51.92, 41.98, 46.95,
2006,13, 0.312,286.95, 50.95, 45.27, 48.11,
2006,14, 0.314,286.91, 49.59, 49.15, 49.37,
2006,15, 0.320,287.42, 50.01, 49.18, 49.59,
2006,16, 0.332,288.60, 53.08, 43.71, 48.39,
2006,17, 0.342,289.55, 54.23, 40.24, 47.23,
2006,18, 0.348,289.96, 53.21, 41.50, 47.35,
2006,19, 0.355,290.47, 52.99, 41.70, 47.34,
2006,20, 0.364,291.24, 53.39, 38.50, 45.95,
2006,21, 0.367,291.62, 53.10, 38.20, 45.65,
2006,22, 0.368,291.78, 51.69, 40.96, 46.33,
2006,23, 0.368,292.06, 50.48, 42.47, 46.47,
2006,24, 0.371,292.52, 50.93, 40.54, 45.74,
2006,25, 0.373,293.07, 51.92, 36.60, 44.26,
2006,26, 0.374,293.58, 52.94, 32.68, 42.81,
2006,27, 0.374,293.97, 54.00, 29.86, 41.93,
2006,28, 0.375,294.42, 56.74, 25.46, 41.10,
2006,29, 0.375,294.82, 59.42, 21.37, 40.40,
2006,30, 0.370,295.06, 60.21, 19.38, 39.80,
2006,31, 0.364,295.31, 60.76, 17.81, 39.28,
2006,32, 0.357,295.72, 61.63, 15.03, 38.33,
2006,33, 0.348,296.02, 61.73, 13.21, 37.47,
2006,34, 0.334,295.95, 60.31, 14.16, 37.23,
2006,35, 0.319,295.77, 59.12, 15.83, 37.47,
2006,36, 0.308,295.70, 59.37, 15.33, 37.35,
2006,37, 0.299,295.75, 59.75, 14.03, 36.89,
2006,38, 0.287,295.84, 58.90, 12.91, 35.90,
2006,39, 0.274,295.84, 57.19, 11.96, 34.57,
2006,40, 0.260,295.65, 54.50, 11.61, 33.06,
2006,41, 0.247,295.17, 51.97, 11.69, 31.83,
2006,42, 0.237,294.61, 49.22, 11.55, 30.38,
2006,43, 0.234,294.05, 48.28, 11.71, 30.00,
2006,44, 0.237,293.42, 48.85, 11.88, 30.36,
2006,45, 0.242,292.57, 49.46, 12.49, 30.97,
2006,46, 0.250,291.92, 50.70, 12.76, 31.73,
2006,47, 0.257,291.37, 52.04, 13.20, 32.62,
2006,48, 0.260,290.38, 51.85, 14.72, 33.28,
2006,49, 0.259,289.02, 51.26, 17.30, 34.28,
2006,50, 0.256,287.80, 48.33, 22.14, 35.23,
2006,51, 0.258,287.14, 48.23, 23.70, 35.96,
2006,52, 0.261,286.69, 48.68, 25.45, 37.07,
2007, 1, 0.263,286.36, 49.43, 27.35, 38.39,
2007, 2, 0.267,286.45, 50.86, 27.03, 38.94,
2007, 3, 0.276,287.21, 53.95, 24.07, 39.01,
2007, 4, 0.286,287.98, 56.24, 21.74, 38.99,
2007, 5, 0.292,288.21, 56.94, 21.82, 39.38,
2007, 6, 0.299,288.26, 57.94, 22.24, 40.09,
2007, 7, 0.308,288.71, 60.62, 21.40, 41.01,
2007, 8, 0.318,289.17, 63.23, 20.59, 41.91,
2007, 9, 0.324,289.29, 64.13, 21.34, 42.73,
2007,10, 0.327,289.20, 63.59, 23.59, 43.59,
2007,11, 0.331,289.37, 63.05, 24.44, 43.75,
2007,12, 0.338,289.92, 64.08, 23.06, 43.57,
2007,13, 0.342,290.18, 63.76, 23.47, 43.61,
2007,14, 0.345,290.25, 62.59, 25.39, 43.99,
2007,15, 0.347,290.33, 60.92, 27.50, 44.21,
2007,16, 0.348,290.57, 59.33, 28.15, 43.74,
2007,17, 0.350,290.82, 57.16, 29.59, 43.37,
2007,18, 0.353,291.09, 54.83, 31.58, 43.20,
2007,19, 0.360,291.66, 54.38, 30.56, 42.47,
2007,20, 0.365,292.10, 53.62, 29.40, 41.51,
2007,21, 0.367,292.24, 52.74, 31.33, 42.04,
2007,22, 0.367,292.17, 51.15, 36.33, 43.74,
2007,23, 0.366,292.11, 49.87, 41.40, 45.63,
2007,24, 0.368,292.31, 50.05, 42.65, 46.35,
2007,25, 0.372,292.83, 52.22, 38.92, 45.57,
2007,26, 0.371,292.97, 52.64, 38.89, 45.76,
2007,27, 0.369,292.96, 53.22, 39.97, 46.60,
2007,28, 0.365,292.84, 53.96, 40.75, 47.35,
2007,29, 0.359,292.65, 54.31, 41.37, 47.84,
2007,30, 0.351,292.36, 53.96, 43.56, 48.76,
2007,31, 0.345,292.30, 54.56, 44.34, 49.45,
2007,32, 0.342,292.48, 56.67, 43.06, 49.86,
2007,33, 0.339,292.66, 58.67, 41.22, 49.94,
2007,34, 0.333,292.52, 59.74, 41.41, 50.58,
2007,35, 0.329,292.36, 61.52, 40.94, 51.23,
2007,36, 0.329,292.51, 64.95, 37.14, 51.05,
2007,37, 0.332,292.82, 68.74, 32.29, 50.52,
2007,38, 0.332,293.01, 70.72, 28.81, 49.76,
2007,39, 0.329,292.95, 71.44, 27.15, 49.29,
2007,40, 0.324,292.64, 71.53, 26.52, 49.03,
2007,41, 0.316,291.88, 70.44, 27.22, 48.83,
2007,42, 0.306,290.67, 67.41, 29.29, 48.35,
2007,43, 0.297,289.39, 65.60, 31.63, 48.61,
2007,44, 0.291,288.39, 64.47, 32.85, 48.66,
2007,45, 0.289,287.89, 64.34, 31.86, 48.10,
2007,46, 0.288,287.61, 63.70, 30.48, 47.09,
2007,47, 0.286,287.18, 62.43, 30.14, 46.29,
2007,48, 0.283,286.55, 60.52, 30.04, 45.28,
2007,49, 0.278,285.68, 58.15, 30.47, 44.31,
2007,50, 0.274,284.69, 54.69, 36.26, 45.47,
2007,51, 0.272,284.08, 53.44, 37.41, 45.42,
2007,52, 0.275,284.16, 53.86, 36.56, 45.21,
2008, 1, 0.280,284.61, 56.29, 34.94, 45.61,
2008, 2, 0.281,284.80, 56.94, 33.92, 45.43,
2008, 3, 0.280,284.49, 55.55, 35.61, 45.58,
2008, 4, 0.274,283.81, 51.54, 39.97, 45.76,
2008, 5, 0.263,282.43, 44.89, 47.55, 46.22,
2008, 6, 0.255,281.41, 40.29, 53.17, 46.73,
2008, 7, 0.253,281.03, 37.77, 56.65, 47.21,
2008, 8, 0.253,281.09, 36.56, 58.20, 47.38,
2008, 9, 0.257,281.68, 36.72, 58.22, 47.47,
2008,10, 0.266,282.72, 38.20, 57.19, 47.70,
2008,11, 0.280,284.24, 42.28, 53.15, 47.71,
2008,12, 0.294,285.62, 45.90, 49.76, 47.83,
2008,13, 0.308,286.98, 49.40, 45.91, 47.66,
2008,14, 0.319,288.16, 51.66, 41.82, 46.74,
2008,15, 0.326,288.93, 52.62, 39.64, 46.13,
2008,16, 0.334,289.59, 53.42, 37.60, 45.51,
2008,17, 0.342,290.39, 53.73, 34.71, 44.22,
2008,18, 0.350,291.08, 53.72, 32.82, 43.27,
2008,19, 0.358,291.70, 53.56, 30.26, 41.91,
2008,20, 0.360,292.07, 51.79, 28.86, 40.32,
2008,21, 0.359,292.05, 49.51, 31.47, 40.49,
2008,22, 0.356,291.88, 46.71, 36.65, 41.68,
2008,23, 0.357,292.05, 45.75, 38.82, 42.28,
2008,24, 0.361,292.49, 46.71, 37.40, 42.05,
2008,25, 0.363,292.79, 48.21, 36.47, 42.34,
2008,26, 0.365,293.07, 50.11, 34.78, 42.45,
2008,27, 0.363,293.17, 50.75, 34.66, 42.70,
2008,28, 0.358,293.04, 51.13, 36.21, 43.67,
2008,29, 0.355,293.03, 52.55, 35.98, 44.27,
2008,30, 0.351,293.07, 53.76, 35.89, 44.83,
2008,31, 0.349,293.28, 55.98, 34.84, 45.41,
2008,32, 0.344,293.22, 56.77, 36.36, 46.57,
2008,33, 0.335,292.74, 56.17, 40.60, 48.38,
2008,34, 0.326,292.11, 55.86, 44.52, 50.19,
2008,35, 0.321,291.77, 57.52, 44.84, 51.18,
2008,36, 0.321,291.69, 60.80, 42.25, 51.52,
2008,37, 0.326,291.99, 65.16, 37.09, 51.13,
2008,38, 0.329,292.19, 68.53, 33.06, 50.79,
2008,39, 0.329,292.01, 70.49, 31.86, 51.17,
2008,40, 0.325,291.48, 71.18, 31.87, 51.52,
2008,41, 0.321,290.85, 71.57, 31.49, 51.53,
2008,42, 0.315,289.98, 70.31, 31.81, 51.06,
2008,43, 0.308,288.75, 69.17, 33.44, 51.31,
2008,44, 0.301,287.63, 67.55, 34.19, 50.87,
2008,45, 0.292,286.47, 65.18, 35.20, 50.19,
2008,46, 0.282,285.07, 61.57, 38.05, 49.81,
2008,47, 0.270,283.62, 56.63, 41.73, 49.18,
2008,48, 0.259,282.58, 51.67, 43.39, 47.53,
2008,49, 0.251,282.02, 48.14, 43.16, 45.65,
2008,50, 0.246,281.54, 44.00, 49.01, 46.51,
2008,51, 0.244,281.36, 42.38, 48.66, 45.52,
2008,52, 0.244,281.70, 41.53, 46.78, 44.15,
2009, 1, 0.245,282.18, 41.46, 45.65, 43.56,
2009, 2, 0.248,282.54, 42.51, 43.37, 42.94,
2009, 3, 0.250,282.71, 42.97, 42.86, 42.92,
2009, 4, 0.255,282.76, 42.95, 43.54, 43.25,
2009, 5, 0.262,283.25, 44.22, 42.89, 43.55,
2009, 6, 0.272,283.86, 46.94, 41.41, 44.17,
2009, 7, 0.283,284.52, 50.47, 40.25, 45.36,
2009, 8, 0.297,285.64, 54.97, 36.97, 45.97,
2009, 9, 0.314,287.28, 60.58, 31.33, 45.95,
2009,10, 0.332,288.92, 66.24, 25.62, 45.93,
2009,11, 0.343,289.63, 68.70, 23.93, 46.31,
2009,12, 0.351,290.17, 69.53, 23.08, 46.30,
2009,13, 0.358,290.82, 70.14, 21.49, 45.81,
2009,14, 0.364,291.26, 70.24, 20.68, 45.46,
2009,15, 0.369,291.61, 69.90, 20.04, 44.97,
2009,16, 0.374,291.89, 69.79, 19.86, 44.83,
2009,17, 0.380,292.30, 69.54, 19.14, 44.34,
2009,18, 0.385,292.56, 68.23, 19.89, 44.06,
2009,19, 0.387,292.73, 66.17, 21.41, 43.79,
2009,20, 0.390,292.82, 63.83, 23.59, 43.71,
2009,21, 0.393,292.97, 63.37, 24.80, 44.08,
2009,22, 0.397,293.43, 64.00, 23.50, 43.75,
2009,23, 0.402,293.97, 65.02, 21.36, 43.19,
2009,24, 0.403,294.23, 64.95, 21.01, 42.98,
2009,25, 0.400,294.32, 63.92, 22.12, 43.02,
2009,26, 0.397,294.35, 63.47, 23.56, 43.51,
2009,27, 0.395,294.55, 63.91, 22.88, 43.40,
2009,28, 0.392,294.75, 64.69, 21.36, 43.02,
2009,29, 0.386,294.88, 64.85, 20.23, 42.54,
2009,30, 0.378,294.98, 64.06, 19.67, 41.86,
2009,31, 0.369,295.00, 63.43, 20.10, 41.77,
2009,32, 0.360,295.03, 63.30, 20.47, 41.89,
2009,33, 0.350,294.84, 62.68, 22.40, 42.54,
2009,34, 0.339,294.51, 62.19, 24.72, 43.45,
2009,35, 0.332,294.54, 63.28, 23.78, 43.53,
2009,36, 0.326,294.46, 65.07, 22.77, 43.92,
2009,37, 0.321,294.34, 66.36, 21.78, 44.07,
2009,38, 0.315,294.01, 66.33, 22.04, 44.19,
2009,39, 0.310,293.44, 66.54, 23.29, 44.92,
2009,40, 0.311,293.13, 68.13, 22.69, 45.41,
2009,41, 0.311,292.82, 69.45, 21.28, 45.36,
2009,42, 0.310,292.40, 69.34, 19.91, 44.63,
2009,43, 0.308,291.97, 69.76, 19.10, 44.43,
2009,44, 0.305,291.27, 69.56, 19.26, 44.41,
2009,45, 0.301,290.39, 68.52, 19.63, 44.08,
2009,46, 0.297,289.47, 66.92, 20.92, 43.92,
2009,47, 0.296,289.01, 66.61, 20.89, 43.75,
2009,48, 0.301,289.00, 67.83, 18.41, 43.12,
2009,49, 0.303,288.81, 68.63, 16.37, 42.50,
2009,50, 0.301,288.22, 66.55, 18.36, 42.45,
2009,51, 0.297,287.53, 64.25, 20.24, 42.24,
2009,52, 0.292,286.64, 61.47, 23.51, 42.49,
2010, 1, 0.280,285.91, 56.82, 27.30, 42.06,
2010, 2, 0.284,286.21, 58.10, 25.51, 41.81,
2010, 3, 0.292,287.06, 60.58, 22.32, 41.45,
2010, 4, 0.304,288.16, 63.28, 18.94, 41.11,
2010, 5, 0.314,289.07, 65.45, 16.53, 40.99,
2010, 6, 0.321,289.49, 66.53, 15.70, 41.11,
2010, 7, 0.327,290.00, 67.61, 14.99, 41.30,
2010, 8, 0.333,290.53, 68.28, 14.19, 41.23,
2010, 9, 0.336,290.86, 67.99, 14.18, 41.08,
2010,10, 0.340,291.12, 67.36, 14.53, 40.95,
2010,11, 0.341,291.18, 65.97, 15.33, 40.65,
2010,12, 0.341,291.06, 64.00, 17.29, 40.65,
2010,13, 0.340,290.87, 61.96, 19.97, 40.96,
2010,14, 0.342,290.84, 60.81, 21.88, 41.34,
2010,15, 0.344,290.89, 59.72, 23.42, 41.57,
2010,16, 0.345,290.82, 57.81, 26.03, 41.92,
2010,17, 0.346,290.80, 55.33, 29.27, 42.30,
2010,18, 0.349,290.93, 53.31, 32.11, 42.71,
2010,19, 0.351,290.92, 51.06, 36.07, 43.57,
2010,20, 0.352,290.88, 48.77, 39.89, 44.33,
2010,21, 0.354,290.91, 47.85, 42.96, 45.41,
2010,22, 0.357,290.99, 47.51, 46.68, 47.09,
2010,23, 0.359,291.08, 47.33, 50.72, 49.02,
2010,24, 0.360,291.18, 47.28, 52.98, 50.13,
2010,25, 0.358,291.02, 46.39, 56.65, 51.52,
2010,26, 0.355,290.87, 46.02, 59.53, 52.78,
2010,27, 0.354,290.91, 46.95, 60.06, 53.50,
2010,28, 0.352,290.90, 48.79, 59.56, 54.17,
2010,29, 0.346,290.55, 49.46, 61.04, 55.25,
2010,30, 0.344,290.49, 51.80, 60.59, 56.20,
2010,31, 0.346,290.68, 55.74, 58.68, 57.21,
2010,32, 0.347,290.72, 59.13, 58.04, 58.59,
2010,33, 0.347,290.62, 61.67, 58.01, 59.84,
2010,34, 0.346,290.56, 64.14, 56.38, 60.26,
2010,35, 0.346,290.51, 66.80, 53.75, 60.28,
2010,36, 0.342,290.03, 68.14, 52.72, 60.43,
2010,37, 0.334,289.32, 68.19, 52.42, 60.31,
2010,38, 0.327,288.71, 67.86, 51.78, 59.82,
2010,39, 0.323,288.40, 68.34, 50.07, 59.21,
2010,40, 0.321,288.22, 69.27, 47.24, 58.25,
2010,41, 0.317,287.81, 69.53, 44.89, 57.21,
2010,42, 0.309,287.03, 67.62, 43.78, 55.70,
2010,43, 0.304,286.58, 67.22, 41.68, 54.45,
2010,44, 0.300,286.09, 66.72, 39.78, 53.25,
2010,45, 0.291,285.22, 64.29, 40.11, 52.20,
2010,46, 0.284,284.50, 61.80, 40.40, 51.10,
2010,47, 0.279,283.86, 59.55, 40.91, 50.23,
2010,48, 0.275,283.27, 57.59, 40.20, 48.90,
2010,49, 0.270,282.43, 55.14, 40.05, 47.60,
2010,50, 0.262,281.45, 50.26, 47.69, 48.98,
2010,51, 0.260,281.23, 48.72, 47.83, 48.27,
2010,52, 0.262,281.55, 48.67, 46.15, 47.41,
2011, 1, 0.262,281.82, 49.07, 45.91, 47.49,
2011, 2, 0.262,282.01, 48.82, 44.66, 46.74,
2011, 3, 0.263,282.38, 48.81, 43.30, 46.05,
2011, 4, 0.272,283.55, 50.92, 39.44, 45.18,
2011, 5, 0.281,284.73, 53.06, 35.84, 44.45,
2011, 6, 0.287,285.34, 53.84, 34.57, 44.20,
2011, 7, 0.293,285.96, 54.83, 33.61, 44.22,
2011, 8, 0.296,286.30, 55.04, 33.76, 44.40,
2011, 9, 0.298,286.41, 53.99, 35.49, 44.74,
2011,10, 0.297,286.35, 51.94, 38.58, 45.26,
2011,11, 0.295,286.06, 49.39, 43.11, 46.25,
2011,12, 0.301,286.61, 49.94, 43.10, 46.52,
2011,13, 0.308,287.40, 50.95, 41.53, 46.24,
2011,14, 0.314,288.00, 51.27, 41.09, 46.18,
2011,15, 0.320,288.53, 51.11, 41.07, 46.09,
2011,16, 0.328,289.29, 51.83, 38.65, 45.24,
2011,17, 0.337,290.21, 52.31, 35.24, 43.78,
2011,18, 0.344,290.84, 51.37, 33.96, 42.67,
2011,19, 0.349,291.24, 50.05, 34.18, 42.12,
2011,20, 0.354,291.75, 49.22, 32.73, 40.97,
2011,21, 0.358,292.15, 49.00, 32.09, 40.55,
2011,22, 0.361,292.50, 49.00, 32.30, 40.65,
2011,23, 0.365,292.84, 49.03, 32.30, 40.66,
2011,24, 0.366,293.16, 48.73, 32.09, 40.41,
2011,25, 0.367,293.51, 48.95, 30.48, 39.72,
2011,26, 0.366,293.78, 49.21, 29.26, 39.24,
2011,27, 0.364,293.92, 49.82, 29.09, 39.45,
2011,28, 0.362,294.00, 51.00, 28.99, 40.00,
2011,29, 0.360,294.27, 53.49, 26.43, 39.96,
2011,30, 0.358,294.51, 55.61, 24.28, 39.95,
2011,31, 0.354,294.70, 57.28, 23.20, 40.24,
2011,32, 0.349,294.89, 59.00, 21.99, 40.49,
2011,33, 0.339,294.70, 58.73, 23.85, 41.29,
2011,34, 0.331,294.52, 59.13, 25.49, 42.31,
2011,35, 0.325,294.36, 60.33, 26.39, 43.36,
2011,36, 0.319,294.04, 61.72, 26.90, 44.31,
2011,37, 0.314,293.63, 62.74, 27.38, 45.06,
2011,38, 0.309,293.20, 63.38, 27.81, 45.59,
2011,39, 0.306,292.89, 64.48, 27.28, 45.88,
2011,40, 0.304,292.47, 65.41, 26.65, 46.03,
2011,41, 0.300,291.62, 65.52, 27.55, 46.53,
2011,42, 0.297,290.83, 65.09, 27.56, 46.33,
2011,43, 0.296,290.16, 65.76, 27.03, 46.39,
2011,44, 0.295,289.40, 66.20, 26.65, 46.42,
2011,45, 0.294,288.77, 66.49, 25.88, 46.19,
2011,46, 0.292,288.10, 65.53, 25.96, 45.75,
2011,47, 0.289,287.34, 63.92, 27.21, 45.57,
2011,48, 0.286,286.64, 62.23, 27.72, 44.98,
2011,49, 0.282,285.78, 60.10, 28.65, 44.38,
2011,50, 0.275,284.80, 55.88, 34.28, 45.08,
2011,51, 0.275,284.41, 54.73, 34.47, 44.60,
2011,52, 0.277,284.44, 55.05, 33.69, 44.37,
2012, 1, 0.282,284.62, 57.16, 33.20, 45.18,
2012, 2, 0.286,284.68, 58.63, 32.57, 45.60,
2012, 3, 0.289,284.70, 59.20, 32.83, 46.01,
2012, 4, 0.293,285.02, 59.49, 32.89, 46.19,
2012, 5, 0.297,285.51, 59.36, 33.03, 46.20,
2012, 6, 0.302,286.09, 59.71, 32.20, 45.95,
2012, 7, 0.305,286.34, 59.48, 32.98, 46.23,
2012, 8, 0.306,286.27, 58.58, 35.10, 46.84,
2012, 9, 0.308,286.31, 58.04, 37.05, 47.54,
2012,10, 0.315,286.87, 58.97, 36.96, 47.96,
2012,11, 0.323,287.56, 59.96, 36.09, 48.02,
2012,12, 0.334,288.70, 62.36, 32.35, 47.35,
2012,13, 0.348,289.94, 65.35, 27.61, 46.48,
2012,14, 0.358,290.79, 67.18, 24.62, 45.90,
2012,15, 0.365,291.29, 67.83, 23.41, 45.62,
2012,16, 0.370,291.47, 67.77, 23.81, 45.79,
2012,17, 0.375,291.78, 66.94, 24.17, 45.56,
2012,18, 0.377,291.92, 64.87, 26.22, 45.54,
2012,19, 0.377,291.87, 61.82, 29.93, 45.87,
2012,20, 0.373,291.52, 57.08, 35.85, 46.46,
2012,21, 0.367,290.94, 52.65, 43.78, 48.21,
2012,22, 0.380,292.63, 56.79, 31.20, 44.00,
2012,23, 0.382,293.05, 56.39, 30.68, 43.54,
2012,24, 0.382,293.30, 55.65, 30.71, 43.18,
2012,25, 0.381,293.42, 55.13, 31.11, 43.12,
2012,26, 0.376,293.32, 54.21, 32.99, 43.60,
2012,27, 0.365,293.40, 50.51, 33.10, 41.80,
2012,28, 0.357,293.31, 49.56, 34.01, 41.79,
2012,29, 0.350,293.40, 49.55, 32.71, 41.13,
2012,30, 0.346,293.86, 51.18, 28.62, 39.90,
2012,31, 0.344,294.40, 53.28, 24.80, 39.04,
2012,32, 0.339,294.75, 54.89, 22.87, 38.88,
2012,33, 0.335,295.01, 56.83, 21.56, 39.20,
2012,34, 0.330,295.10, 58.66, 21.23, 39.94,
2012,35, 0.327,295.04, 60.85, 21.68, 41.27,
2012,36, 0.325,295.15, 63.56, 20.17, 41.87,
2012,37, 0.320,295.12, 64.78, 19.18, 41.98,
2012,38, 0.313,294.78, 64.81, 19.51, 42.16,
2012,39, 0.306,294.34, 64.70, 20.10, 42.40,
2012,40, 0.299,293.46, 63.85, 22.14, 42.99,
2012,41, 0.293,292.53, 63.55, 23.40, 43.48,
2012,42, 0.289,291.61, 62.57, 24.07, 43.32,
2012,43, 0.286,290.62, 62.41, 25.24, 43.83,
2012,44, 0.285,289.74, 62.49, 25.45, 43.97,
2012,45, 0.282,288.73, 61.78, 25.85, 43.82,
2012,46, 0.280,287.73, 60.66, 26.96, 43.81,
2012,47, 0.281,287.03, 60.11, 27.49, 43.80,
2012,48, 0.280,286.22, 59.09, 28.01, 43.55,
2012,49, 0.277,285.49, 57.91, 28.18, 43.05,
2012,50, 0.274,284.80, 55.40, 32.23, 43.82,
2012,51, 0.273,284.31, 54.18, 33.61, 43.90,
2012,52, 0.273,284.09, 53.46, 34.26, 43.86,
2013, 1, 0.274,282.23, 53.99, 40.81, 47.28,
2013, 2, 0.280,282.71, 56.03, 38.29, 47.07,
2013, 3, 0.288,283.64, 58.67, 34.60, 46.55,
2013, 4, 0.297,285.03, 61.12, 30.76, 45.86,
2013, 5, 0.304,285.76, 62.06, 29.24, 45.58,
2013, 6, 0.306,285.91, 61.81, 30.03, 45.84,
2013, 7, 0.310,286.17, 61.98, 30.60, 46.21,
2013, 8, 0.317,286.89, 63.37, 28.85, 46.01,
2013, 9, 0.325,287.89, 65.05, 25.89, 45.36,
2013,10, 0.333,288.59, 66.09, 24.17, 45.01,
2013,11, 0.338,288.94, 65.82, 24.13, 44.85,
2013,12, 0.339,289.47, 64.71, 23.85, 44.16,
2013,13, 0.341,289.42, 63.41, 26.44, 44.80,
2013,14, 0.344,289.35, 62.26, 30.02, 46.03,
2013,15, 0.349,289.49, 61.86, 31.39, 46.53,
2013,16, 0.354,289.79, 62.16, 31.39, 46.69,
2013,17, 0.358,289.88, 60.85, 34.15, 47.42,
2013,18, 0.363,290.25, 60.17, 34.95, 47.48,
2013,19, 0.368,290.54, 59.38, 36.46, 47.86,
2013,20, 0.369,290.39, 57.12, 41.06, 49.05,
2013,21, 0.371,290.47, 56.15, 43.73, 49.91,
2013,22, 0.373,290.74, 55.57, 45.75, 50.65,
2013,23, 0.376,291.13, 55.76, 46.26, 50.99,
2013,24, 0.377,291.30, 55.43, 48.40, 51.88,
2013,25, 0.376,291.24, 54.98, 51.74, 53.32,
2013,26, 0.375,291.29, 55.76, 52.69, 54.19,
2013,27, 0.377,291.55, 57.94, 51.62, 54.75,
2013,28, 0.375,291.52, 59.11, 51.73, 55.39,
2013,29, 0.373,291.40, 60.96, 51.66, 56.28,
2013,30, 0.373,291.45, 63.31, 50.81, 57.03,
2013,31, 0.377,291.98, 67.43, 46.50, 56.94,
2013,32, 0.379,292.42, 70.67, 43.12, 56.87,
2013,33, 0.375,292.31, 71.67, 43.92, 57.77,
2013,34, 0.369,292.03, 72.14, 44.85, 58.48,
2013,35, 0.364,291.92, 73.15, 43.51, 58.32,
2013,36, 0.360,291.81, 74.61, 41.19, 57.89,
2013,37, 0.356,291.65, 75.56, 38.51, 57.03,
2013,38, 0.353,291.54, 76.47, 35.39, 55.92,
2013,39, 0.348,291.25, 76.81, 33.79, 55.29,
2013,40, 0.342,291.00, 76.66, 32.08, 54.36,
2013,41, 0.331,290.21, 75.09, 31.82, 53.44,
2013,42, 0.317,288.80, 71.57, 33.51, 52.51,
2013,43, 0.305,287.51, 69.21, 35.21, 52.15,
2013,44, 0.297,286.45, 67.26, 35.57, 51.35,
2013,45, 0.293,285.60, 66.26, 35.35, 50.72,
2013,46, 0.286,284.57, 63.62, 36.29, 49.84,
2013,47, 0.279,283.54, 60.86, 37.90, 49.24,
2013,48, 0.272,282.59, 57.76, 38.84, 48.15,
2013,49, 0.267,282.15, 55.57, 37.65, 46.46,
2013,50, 0.262,281.91, 51.62, 41.43, 46.39,
2013,51, 0.257,281.57, 48.91, 42.40, 45.54,
2013,52, 0.253,281.29, 46.01, 43.98, 44.90,
2014, 1, 0.251,281.57, 44.07, 44.27, 44.10,
2014, 2, 0.251,282.18, 43.79, 41.06, 42.36,
2014, 3, 0.254,283.07, 44.30, 37.04, 40.60,
2014, 4, 0.261,284.73, 45.64, 31.67, 38.56,
2014, 5, 0.267,285.90, 46.25, 27.85, 36.94,
2014, 6, 0.273,287.05, 47.51, 23.93, 35.61,
2014, 7, 0.280,288.09, 48.60, 21.07, 34.73,
2014, 8, 0.285,289.01, 49.60, 18.75, 34.06,
2014, 9, 0.292,289.74, 50.50, 17.54, 33.91,
2014,10, 0.300,290.12, 51.57, 17.61, 34.48,
2014,11, 0.309,290.40, 52.89, 18.08, 35.36,
2014,12, 0.319,290.79, 54.90, 18.09, 36.38,
2014,13, 0.329,290.84, 56.87, 19.67, 38.16,
2014,14, 0.338,290.94, 58.81, 20.87, 39.73,
2014,15, 0.346,290.98, 59.83, 21.96, 40.79,
2014,16, 0.353,291.13, 60.88, 22.18, 41.43,
2014,17, 0.358,291.25, 60.54, 23.44, 41.88,
2014,18, 0.362,291.35, 59.39, 25.52, 42.34,
2014,19, 0.366,291.50, 58.45, 27.28, 42.75,
2014,20, 0.368,291.51, 56.69, 29.65, 43.04,
2014,21, 0.368,291.37, 55.02, 33.93, 44.38,
2014,22, 0.371,291.65, 55.02, 35.61, 45.23,
2014,23, 0.375,292.08, 55.66, 35.57, 45.54,
2014,24, 0.376,292.29, 55.55, 36.91, 46.15,
2014,25, 0.376,292.32, 55.54, 39.49, 47.44,
2014,26, 0.377,292.36, 56.32, 40.91, 48.55,
2014,27, 0.380,292.72, 58.91, 39.16, 48.96,
2014,28, 0.378,292.80, 60.17, 39.00, 49.54,
2014,29, 0.377,292.89, 61.84, 37.70, 49.74,
2014,30, 0.375,292.92, 63.46, 37.14, 50.27,
2014,31, 0.372,292.91, 64.77, 37.88, 51.32,
2014,32, 0.367,292.93, 65.57, 38.30, 51.92,
2014,33, 0.360,292.87, 65.82, 38.24, 51.99,
2014,34, 0.352,292.93, 65.97, 36.55, 51.22,
2014,35, 0.346,293.19, 66.90, 33.06, 49.93,
2014,36, 0.339,293.37, 67.70, 29.53, 48.57,
2014,37, 0.330,293.63, 67.46, 25.63, 46.50,
2014,38, 0.318,293.50, 66.06, 23.99, 44.99,
2014,39, 0.307,293.29, 64.59, 22.91, 43.72,
2014,40, 0.297,293.08, 63.24, 21.61, 42.39,
2014,41, 0.285,292.36, 61.46, 21.61, 41.50,
2014,42, 0.275,291.44, 59.11, 21.89, 40.45,
2014,43, 0.270,290.49, 58.19, 22.28, 40.15,
2014,44, 0.264,289.00, 56.67, 24.70, 40.58,
2014,45, 0.263,287.67, 55.90, 26.79, 41.24,
2014,46, 0.260,286.17, 54.02, 29.87, 41.80,
2014,47, 0.260,285.01, 53.33, 32.03, 42.54,
2014,48, 0.261,284.08, 53.07, 32.93, 42.86,
2014,49, 0.262,283.35, 53.15, 33.08, 42.97,
2014,50, 0.262,283.07, 51.77, 36.29, 43.88,
2014,51, 0.266,283.13, 52.56, 35.37, 43.81,
2014,52, 0.273,283.59, 54.29, 33.66, 43.82,
2015, 1, 0.280,284.23, 56.77, 32.22, 44.36,
2015, 2, 0.287,284.92, 59.26, 28.86, 43.96,
2015, 3, 0.295,285.62, 61.55, 25.85, 43.61,
2015, 4, 0.303,286.80, 63.60, 22.41, 42.90,
2015, 5, 0.308,287.38, 63.69, 21.38, 42.44,
2015, 6, 0.313,287.80, 64.13, 20.78, 42.35,
2015, 7, 0.318,288.23, 64.96, 20.46, 42.60,
2015, 8, 0.323,288.65, 65.79, 20.23, 42.88,
2015, 9, 0.328,289.06, 66.16, 20.11, 43.01,
2015,10, 0.332,289.13, 65.84, 21.46, 43.51,
2015,11, 0.336,289.12, 65.02, 23.35, 44.04,
2015,12, 0.339,289.85, 64.79, 22.14, 43.33,
2015,13, 0.343,290.12, 64.08, 23.10, 43.45,
2015,14, 0.348,290.30, 63.80, 24.37, 43.95,
2015,15, 0.353,290.46, 63.71, 25.15, 44.31,
2015,16, 0.356,290.45, 62.69, 27.23, 44.86,
2015,17, 0.358,290.58, 60.84, 29.42, 45.05,
2015,18, 0.363,291.13, 59.92, 28.19, 43.98,
2015,19, 0.369,291.83, 59.66, 25.11, 42.30,
2015,20, 0.375,292.40, 59.72, 21.99, 40.76,
2015,21, 0.378,292.72, 59.37, 21.47, 40.35,
2015,22, 0.379,292.89, 58.18, 23.44, 40.75,
2015,23, 0.381,293.19, 57.71, 24.10, 40.85,
2015,24, 0.383,293.67, 58.20, 22.05, 40.05,
2015,25, 0.386,294.13, 59.08, 19.59, 39.26,
2015,26, 0.387,294.55, 60.21, 17.19, 38.63,
2015,27, 0.388,294.95, 61.28, 15.16, 38.15,
2015,28, 0.384,295.10, 61.41, 14.66, 37.97,
2015,29, 0.378,295.03, 61.06, 15.62, 38.27,
2015,30, 0.368,294.83, 59.43, 17.91, 38.61,
2015,31, 0.362,294.99, 59.44, 17.71, 38.52,
2015,32, 0.352,295.25, 58.78, 17.02, 37.84,
2015,33, 0.339,295.42, 57.17, 16.51, 36.78,
2015,34, 0.323,295.62, 55.26, 15.20, 35.16,
2015,35, 0.305,295.70, 53.51, 14.50, 33.93,
2015,36, 0.287,295.62, 51.93, 14.20, 33.01,
2015,37, 0.269,295.46, 49.78, 13.90, 31.80,
2015,38, 0.254,295.01, 47.62, 14.59, 31.08,
2015,39, 0.241,294.61, 45.78, 15.01, 30.37,
2015,40, 0.230,294.29, 44.03, 15.04, 29.51,
2015,41, 0.219,293.57, 42.20, 15.95, 29.04,
2015,42, 0.214,292.79, 41.08, 16.49, 28.74,
2015,43, 0.214,291.82, 41.33, 17.74, 29.46,
2015,44, 0.221,290.81, 42.88, 18.61, 30.65,
2015,45, 0.233,290.21, 45.90, 17.89, 31.79,
2015,46, 0.243,289.48, 48.42, 17.65, 32.88,
2015,47, 0.254,288.93, 51.48, 17.13, 34.12,
2015,48, 0.261,288.21, 53.65, 17.23, 35.23,
2015,49, 0.267,287.64, 55.72, 16.98, 36.15,
2015,50, 0.274,287.61, 57.14, 17.11, 36.92,
2015,51, 0.283,287.61, 59.90, 16.19, 37.85,
2015,52, 0.293,288.05, 63.10, 14.67, 38.70,
2016, 1, 0.304,288.73, 66.92, 12.75, 39.69,
2016, 2, 0.309,288.80, 68.26, 12.80, 40.41,
2016, 3, 0.312,288.57, 68.34, 14.29, 41.22,
2016, 4, 0.313,288.38, 67.43, 16.46, 41.85,
2016, 5, 0.314,288.20, 66.12, 18.52, 42.26,
2016, 6, 0.316,288.16, 65.56, 19.63, 42.52,
2016, 7, 0.318,288.21, 64.93, 20.71, 42.76,
2016, 8, 0.321,288.38, 64.80, 21.19, 42.93,
2016, 9, 0.323,288.47, 63.90, 22.39, 43.07,
2016,10, 0.328,288.65, 63.94, 23.27, 43.51,
2016,11, 0.340,289.50, 66.98, 21.30, 44.00,
2016,12, 0.339,289.76, 64.88, 22.70, 43.66,
2016,13, 0.342,289.89, 63.90, 24.48, 44.05,
2016,14, 0.346,290.15, 63.40, 25.21, 44.16,
2016,15, 0.348,290.10, 61.87, 27.65, 44.63,
2016,16, 0.353,290.22, 61.65, 28.92, 45.18,
2016,17, 0.356,290.30, 60.61, 31.37, 45.89,
2016,18, 0.358,290.21, 58.49, 35.75, 47.02,
2016,19, 0.362,290.39, 57.37, 37.88, 47.53,
2016,20, 0.368,290.75, 57.52, 37.19, 47.26,
2016,21, 0.375,291.07, 58.59, 37.11, 47.77,
2016,22, 0.378,291.15, 58.63, 41.02, 49.77,
2016,23, 0.383,291.47, 59.80, 42.37, 51.04,
2016,24, 0.389,291.89, 61.71, 41.86, 51.74,
2016,25, 0.394,292.27, 63.98, 40.63, 52.26,
2016,26, 0.396,292.40, 65.39, 41.20, 53.26,
2016,27, 0.397,292.52, 67.22, 41.82, 54.48,
2016,28, 0.395,292.46, 68.19, 42.66, 55.40,
2016,29, 0.395,292.62, 70.67, 40.47, 55.54,
2016,30, 0.393,292.61, 72.08, 40.16, 56.10,
2016,31, 0.390,292.35, 72.76, 43.19, 57.97,
2016,32, 0.387,292.20, 73.78, 45.17, 59.48,
2016,33, 0.383,292.07, 74.85, 45.89, 60.37,
2016,34, 0.377,291.63, 75.15, 47.34, 61.24,
2016,35, 0.369,291.02, 75.08, 49.15, 62.11,
2016,36, 0.363,290.23, 75.48, 50.88, 63.20,
2016,37, 0.356,289.36, 75.56, 51.62, 63.61,
2016,38, 0.350,288.48, 75.17, 51.65, 63.43,
2016,39, 0.340,287.33, 73.75, 53.21, 63.50,
2016,40, 0.328,285.97, 71.71, 54.72, 63.23,
2016,41, 0.313,284.34, 69.06, 56.12, 62.60,
2016,42, 0.301,283.09, 65.91, 55.68, 60.80,
2016,43, 0.291,282.21, 64.11, 54.71, 59.41,
2016,44, 0.284,281.65, 62.74, 53.05, 57.87,
2016,45, 0.282,281.23, 62.21, 51.17, 56.65,
2016,46, 0.277,280.67, 60.21, 50.56, 55.31,
2016,47, 0.275,280.48, 59.35, 48.85, 53.99,
2016,48, 0.274,280.46, 58.78, 46.39, 52.45,
2016,49, 0.271,280.04, 57.25, 45.66, 51.34,
2016,50, 0.268,279.65, 54.20, 51.14, 52.58,
2016,51, 0.270,279.99, 54.55, 49.49, 51.93,
2016,52, 0.274,280.49, 55.18, 47.65, 51.32,
2017, 1, 0.276,280.62, 55.30, 48.80, 51.96,
2017, 2, 0.276,280.34, 54.71, 49.39, 51.99,
2017, 3, 0.278,280.47, 54.80, 48.50, 51.61,
2017, 4, 0.283,281.66, 55.47, 45.88, 50.64,
2017, 5, 0.285,282.21, 54.46, 45.27, 49.85,
2017, 6, 0.285,282.66, 53.41, 45.21, 49.29,
2017, 7, 0.289,283.26, 53.47, 44.74, 49.08,
2017, 8, 0.297,284.44, 55.69, 41.37, 48.49,
2017, 9, 0.308,285.63, 58.13, 38.19, 48.11,
2017,10, 0.315,286.06, 59.02, 38.45, 48.67,
2017,11, 0.318,286.09, 58.48, 40.65, 49.49,
2017,12, 0.323,287.06, 58.85, 38.98, 48.86,
2017,13, 0.328,287.49, 58.61, 39.68, 49.09,
2017,14, 0.333,287.81, 58.26, 41.22, 49.68,
2017,15, 0.338,288.03, 57.98, 42.81, 50.33,
2017,16, 0.345,288.59, 58.63, 41.52, 50.01,
2017,17, 0.351,289.25, 58.65, 39.81, 49.15,
2017,18, 0.355,289.61, 57.11, 41.02, 49.00,
2017,19, 0.358,289.92, 55.47, 42.58, 48.96,
2017,20, 0.361,290.16, 54.23, 43.29, 48.69,
2017,21, 0.366,290.62, 54.47, 42.28, 48.30,
2017,22, 0.369,290.89, 54.32, 44.58, 49.39,
2017,23, 0.372,291.16, 54.84, 46.64, 50.70,
2017,24, 0.377,291.56, 56.27, 46.18, 51.18,
2017,25, 0.378,291.65, 56.97, 47.72, 52.31,
2017,26, 0.378,291.64, 57.28, 49.40, 53.33,
2017,27, 0.379,291.88, 59.06, 48.40, 53.71,
2017,28, 0.378,292.12, 60.67, 46.15, 53.38,
2017,29, 0.375,292.20, 61.62, 44.49, 53.03,
2017,30, 0.370,292.13, 61.97, 44.76, 53.35,
2017,31, 0.367,292.11, 63.23, 45.82, 54.52,
2017,32, 0.365,292.09, 64.94, 46.77, 55.86,
2017,33, 0.360,291.92, 66.02, 47.92, 56.98,
2017,34, 0.355,291.61, 66.83, 48.63, 57.73,
2017,35, 0.351,291.43, 68.33, 47.35, 57.84,
2017,36, 0.350,291.37, 70.69, 44.37, 57.53,
2017,37, 0.347,290.98, 71.93, 42.48, 57.20,
2017,38, 0.342,290.16, 72.24, 42.80, 57.52,
2017,39, 0.338,289.54, 72.83, 42.68, 57.76,
2017,40, 0.335,289.23, 73.69, 40.70, 57.19,
2017,41, 0.328,288.57, 73.58, 39.14, 56.36,
2017,42, 0.318,287.45, 71.44, 39.13, 55.28,
2017,43, 0.307,286.24, 69.67, 39.91, 54.77,
2017,44, 0.299,285.49, 68.08, 38.64, 53.32,
2017,45, 0.294,284.43, 66.78, 38.88, 52.77,
2017,46, 0.286,283.10, 63.70, 40.49, 52.00,
2017,47, 0.280,282.26, 61.51, 41.24, 51.27,
2017,48, 0.277,281.75, 59.85, 40.34, 49.96,
2017,49, 0.275,281.54, 58.68, 38.84, 48.62,
2017,50, 0.273,281.51, 56.20, 42.47, 49.20,
2017,51, 0.271,281.21, 54.59, 43.81, 49.07,
2017,52, 0.275,281.76, 52.14, 47.40, 49.66,
2018, 1, 0.273,281.35, 52.75, 46.11, 49.32,
2018, 2, 0.273,281.04, 53.14, 46.15, 49.57,
2018, 3, 0.279,281.64, 54.24, 44.77, 49.43,
2018, 4, 0.290,283.42, 57.01, 39.66, 48.25,
2018, 5, 0.300,284.80, 59.01, 35.00, 46.94,
2018, 6, 0.308,285.99, 60.88, 30.93, 45.82,
2018, 7, 0.314,286.87, 62.30, 28.48, 45.30,
2018, 8, 0.318,287.36, 62.88, 27.50, 45.10,
2018, 9, 0.323,287.71, 62.93, 27.99, 45.37,
2018,10, 0.330,288.18, 62.79, 29.57, 46.09,
2018,11, 0.334,288.56, 63.26, 29.80, 46.42,
2018,12, 0.339,289.55, 64.37, 26.12, 45.15,
2018,13, 0.342,289.76, 64.04, 25.94, 44.88,
2018,14, 0.345,289.80, 62.70, 28.62, 45.55,
2018,15, 0.348,289.93, 61.37, 30.97, 46.07,
2018,16, 0.353,290.34, 60.98, 30.81, 45.80,
2018,17, 0.356,290.63, 60.07, 30.09, 44.98,
2018,18, 0.360,290.99, 58.41, 30.44, 44.34,
2018,19, 0.362,291.17, 56.61, 31.95, 44.20,
2018,20, 0.364,291.24, 54.61, 33.55, 44.01,
2018,21, 0.366,291.55, 53.92, 33.48, 43.64,
2018,22, 0.369,291.85, 53.58, 34.66, 44.08,
2018,23, 0.371,292.07, 53.29, 36.58, 44.92,
2018,24, 0.373,292.28, 53.16, 38.08, 45.61,
2018,25, 0.373,292.47, 53.37, 38.72, 46.03,
2018,26, 0.373,292.54, 53.64, 39.66, 46.65,
2018,27, 0.374,292.87, 55.51, 37.58, 46.52,
2018,28, 0.373,293.23, 57.30, 33.84, 45.54,
2018,29, 0.372,293.47, 59.22, 31.16, 45.16,
2018,30, 0.371,293.70, 61.26, 29.28, 45.23,
2018,31, 0.370,293.95, 63.48, 28.11, 45.76,
2018,32, 0.367,293.95, 65.07, 29.25, 47.14,
2018,33, 0.363,293.80, 66.35, 30.89, 48.59,
2018,34, 0.358,293.69, 67.53, 30.93, 49.19,
2018,35, 0.353,293.42, 68.68, 31.45, 50.03,
2018,36, 0.348,293.09, 70.09, 31.37, 50.70,
2018,37, 0.345,292.99, 71.12, 29.15, 50.11,
2018,38, 0.337,292.41, 70.83, 29.12, 49.95,
2018,39, 0.328,291.46, 69.75, 31.28, 50.50,
2018,40, 0.321,291.06, 69.49, 30.58, 50.01,
2018,41, 0.314,290.74, 69.13, 28.76, 48.91,
2018,42, 0.304,289.64, 67.00, 29.61, 48.25,
2018,43, 0.296,288.53, 65.84, 30.57, 48.13,
2018,44, 0.291,287.64, 64.99, 30.69, 47.75,
2018,45, 0.291,287.09, 65.34, 29.52, 47.34,
2018,46, 0.287,286.34, 64.38, 29.24, 46.68,
2018,47, 0.286,285.62, 63.72, 29.41, 46.42,
2018,48, 0.284,285.00, 63.04, 28.89, 45.81,
2018,49, 0.284,284.50, 62.50, 27.97, 45.10,
2018,50, 0.282,284.23, 60.50, 31.19, 45.71,
2018,51, 0.284,284.19, 60.36, 30.79, 45.44,
2018,52, 0.288,284.46, 61.03, 29.75, 45.26,
2019, 1, 0.292,284.75, 62.17, 29.58, 45.76,
2019, 2, 0.295,284.94, 62.91, 28.58, 45.65,
2019, 3, 0.298,285.00, 63.11, 28.56, 45.75,
2019, 4, 0.302,285.56, 63.63, 27.97, 45.70,
2019, 5, 0.308,286.06, 64.12, 27.27, 45.60,
2019, 6, 0.316,286.99, 65.87, 24.47, 45.07,
2019, 7, 0.323,287.85, 67.43, 22.37, 44.80,
2019, 8, 0.331,288.65, 69.00, 20.30, 44.54,
2019, 9, 0.337,289.27, 69.85, 18.98, 44.31,
2019,10, 0.342,289.47, 69.65, 19.50, 44.46,
2019,11, 0.343,289.33, 67.91, 21.92, 44.80,
2019,12, 0.344,289.92, 67.11, 20.99, 43.94,
2019,13, 0.349,290.34, 66.93, 20.40, 43.55,
2019,14, 0.352,290.38, 65.65, 22.94, 44.18,
2019,15, 0.353,290.33, 64.19, 25.77, 44.89,
2019,16, 0.356,290.49, 63.41, 26.79, 45.01,
2019,17, 0.359,290.63, 61.76, 28.56, 45.07,
2019,18, 0.363,291.05, 60.76, 28.12, 44.35,
2019,19, 0.367,291.45, 59.51, 27.89, 43.60,
2019,20, 0.370,291.65, 57.92, 28.38, 43.04,
2019,21, 0.371,291.77, 56.79, 30.03, 43.32,
2019,22, 0.371,291.76, 55.16, 34.80, 44.91,
2019,23, 0.372,291.91, 54.34, 38.00, 46.15,
2019,24, 0.375,292.27, 54.69, 38.14, 46.41,
2019,25, 0.380,292.96, 57.10, 33.28, 45.17,
2019,26, 0.385,293.61, 59.54, 28.00, 43.75,
2019,27, 0.386,294.03, 61.27, 25.26, 43.23,
2019,28, 0.384,294.37, 62.37, 22.33, 42.31,
2019,29, 0.381,294.57, 63.49, 20.47, 41.92,
2019,30, 0.378,294.83, 64.30, 18.50, 41.33,
2019,31, 0.374,295.11, 65.02, 17.41, 41.15,
2019,32, 0.367,295.29, 65.09, 17.48, 41.23,
2019,33, 0.360,295.37, 65.34, 17.82, 41.52,
2019,34, 0.353,295.41, 65.86, 17.59, 41.66,
2019,35, 0.344,295.50, 66.11, 16.78, 41.38,
2019,36, 0.334,295.46, 66.06, 16.19, 41.08,
2019,37, 0.325,295.40, 65.82, 15.41, 40.58,
2019,38, 0.317,295.12, 65.41, 15.68, 40.52,
2019,39, 0.310,294.58, 64.98, 17.09, 41.01,
2019,40, 0.304,294.14, 64.95, 17.38, 41.14,
2019,41, 0.298,293.52, 64.89, 17.34, 41.09,
2019,42, 0.293,292.94, 64.31, 16.56, 40.39,
2019,43, 0.289,292.46, 64.37, 15.27, 39.74,
2019,44, 0.287,292.00, 64.44, 13.59, 38.91,
2019,45, 0.289,291.79, 65.46, 11.26, 38.26,
2019,46, 0.287,291.11, 64.74, 10.89, 37.67,
2019,47, 0.285,290.21, 63.61, 11.93, 37.60,
2019,48, 0.282,289.21, 62.21, 13.15, 37.48,
2019,49, 0.281,288.58, 61.40, 13.41, 37.21,
2019,50, 0.280,288.19, 59.71, 15.07, 37.19,
2019,51, 0.281,287.55, 59.03, 17.00, 37.83,
2019,52, 0.283,287.16, 58.99, 18.85, 38.75,
2020, 1, 0.287,287.24, 60.01, 19.59, 39.67,
2020, 2, 0.293,287.39, 61.64, 19.10, 40.27,
2020, 3, 0.297,287.36, 62.62, 19.71, 41.09,
2020, 4, 0.302,287.39, 63.03, 21.32, 42.09,
2020, 5, 0.308,287.58, 63.50, 21.78, 42.57,
2020, 6, 0.312,287.72, 64.04, 22.24, 43.06,
2020, 7, 0.315,287.63, 63.73, 24.08, 43.82,
2020, 8, 0.320,287.85, 64.43, 24.30, 44.28,
2020, 9, 0.327,288.34, 65.46, 23.91, 44.59,
2020,10, 0.333,288.77, 66.21, 23.68, 44.83,
2020,11, 0.337,288.82, 65.49, 25.27, 45.25,
2020,12, 0.339,289.27, 64.51, 25.56, 44.92,
2020,13, 0.344,289.53, 64.21, 26.39, 45.18,
2020,14, 0.348,289.79, 63.82, 27.56, 45.57,
2020,15, 0.351,289.86, 62.77, 29.44, 46.01,
2020,16, 0.354,289.91, 62.09, 31.14, 46.52,
2020,17, 0.357,289.89, 60.49, 34.46, 47.39,
2020,18, 0.360,290.04, 58.93, 37.04, 47.92,
2020,19, 0.361,289.94, 56.55, 42.05, 49.24,
2020,20, 0.364,289.95, 55.30, 44.66, 49.93,
2020,21, 0.371,290.49, 56.57, 42.75, 49.62,
2020,22, 0.372,290.63, 55.98, 46.36, 51.15,
2020,23, 0.374,290.85, 55.89, 48.89, 52.38,
2020,24, 0.377,291.16, 56.37, 49.63, 52.98,
2020,25, 0.376,291.25, 56.33, 50.87, 53.57,
2020,26, 0.376,291.45, 57.37, 50.00, 53.66,
2020,27, 0.377,291.63, 59.02, 49.92, 54.45,
2020,28, 0.376,291.72, 60.66, 48.90, 54.77,
2020,29, 0.375,291.81, 62.72, 46.65, 54.66,
2020,30, 0.374,291.76, 64.12, 46.98, 55.53,
2020,31, 0.375,291.90, 66.91, 46.80, 56.85,
2020,32, 0.377,292.11, 69.79, 45.62, 57.70,
2020,33, 0.376,292.16, 71.82, 45.11, 58.46,
2020,34, 0.371,291.97, 72.84, 45.13, 58.98,
2020,35, 0.363,291.33, 72.57, 47.15, 59.85,
2020,36, 0.357,290.76, 73.17, 47.44, 60.29,
2020,37, 0.351,290.29, 73.66, 46.00, 59.81,
2020,38, 0.345,289.51, 73.32, 45.95, 59.62,
2020,39, 0.339,288.76, 73.16, 46.01, 59.58,
2020,40, 0.333,288.30, 73.37, 44.18, 58.76,
2020,41, 0.325,287.61, 72.81, 42.45, 57.62,
2020,42, 0.316,286.60, 70.89, 41.81, 56.32,
2020,43, 0.309,286.04, 70.28, 40.07, 55.11,
2020,44, 0.304,285.62, 69.79, 37.73, 53.68,
2020,45, 0.301,285.03, 69.32, 36.73, 52.95,
2020,46, 0.295,284.57, 67.63, 35.82, 51.61,
2020,47, 0.289,283.81, 65.18, 36.27, 50.59,
2020,48, 0.279,282.35, 60.93, 39.20, 49.91,
2020,49, 0.271,281.23, 57.43, 40.72, 48.94,
2020,50, 0.264,280.62, 53.10, 46.66, 49.74,
2020,51, 0.258,279.86, 49.54, 49.68, 49.48,
2020,52, 0.254,279.41, 46.88, 51.97, 49.31,
2021, 1, 0.254,279.51, 45.57, 53.24, 49.31,
2021, 2, 0.253,279.42, 45.00, 52.49, 48.68,
2021, 3, 0.256,279.62, 45.61, 51.32, 48.42,
2021, 4, 0.266,281.22, 48.48, 46.80, 47.58,
2021, 5, 0.274,282.18, 50.15, 43.92, 46.98,
2021, 6, 0.284,283.34, 52.81, 39.99, 46.34,
2021, 7, 0.295,284.68, 56.27, 35.69, 45.90,
2021, 8, 0.306,285.83, 59.35, 32.17, 45.67,
2021, 9, 0.316,286.80, 61.40, 30.11, 45.66,
2021,10, 0.325,287.52, 63.28, 28.96, 46.02,
2021,11, 0.331,287.79, 63.46, 29.74, 46.48,
2021,12, 0.333,288.46, 62.67, 29.81, 46.13,
2021,13, 0.339,288.90, 62.55, 30.31, 46.31,
2021,14, 0.344,289.42, 62.50, 30.07, 46.16,
2021,15, 0.349,289.89, 62.07, 29.36, 45.60,
2021,16, 0.355,290.54, 62.62, 26.55, 44.47,
2021,17, 0.359,290.86, 61.27, 26.73, 43.88,
2021,18, 0.360,290.96, 58.81, 29.27, 43.92,
2021,19, 0.362,291.00, 56.83, 32.18, 44.39,
2021,20, 0.366,291.11, 55.90, 33.21, 44.44,
2021,21, 0.370,291.47, 56.33, 32.31, 44.21,
2021,22, 0.373,291.59, 55.96, 35.74, 45.77,
2021,23, 0.377,291.80, 56.67, 38.26, 47.40,
2021,24, 0.381,292.07, 58.05, 39.38, 48.65,
2021,25, 0.382,292.02, 58.29, 42.90, 50.55,
2021,26, 0.381,291.93, 59.01, 45.37, 52.15,
2021,27, 0.383,292.06, 61.02, 45.35, 53.15,
2021,28, 0.382,292.24, 62.80, 43.42, 53.08,
2021,29, 0.380,292.27, 64.40, 42.21, 53.28,
2021,30, 0.377,292.10, 65.45, 43.50, 54.45,
2021,31, 0.374,291.76, 66.29, 47.21, 56.74,
2021,32, 0.368,291.29, 66.45, 51.68, 59.06,
2021,33, 0.362,290.78, 66.72, 55.40, 61.04,
2021,34,-1.000, -1.00, -1.00, -1.00, -1.00,
2021,35,-1.000, -1.00, -1.00, -1.00, -1.00,
2021,36,-1.000, -1.00, -1.00, -1.00, -1.00,
2021,37,-1.000, -1.00, -1.00, -1.00, -1.00,
2021,38,-1.000, -1.00, -1.00, -1.00, -1.00,
2021,39,-1.000, -1.00, -1.00, -1.00, -1.00,
2021,40,-1.000, -1.00, -1.00, -1.00, -1.00,
2021,41,-1.000, -1.00, -1.00, -1.00, -1.00,
2021,42,-1.000, -1.00, -1.00, -1.00, -1.00,
2021,43,-1.000, -1.00, -1.00, -1.00, -1.00,
2021,44,-1.000, -1.00, -1.00, -1.00, -1.00,
2021,45,-1.000, -1.00, -1.00, -1.00, -1.00,
2021,46,-1.000, -1.00, -1.00, -1.00, -1.00,
2021,47,-1.000, -1.00, -1.00, -1.00, -1.00,
2021,48,-1.000, -1.00, -1.00, -1.00, -1.00,
2021,49,-1.000, -1.00, -1.00, -1.00, -1.00,
2021,50,-1.000, -1.00, -1.00, -1.00, -1.00,
2021,51,-1.000, -1.00, -1.00, -1.00, -1.00,
2021,52,-1.000, -1.00, -1.00, -1.00, -1.00,
