1982, 1, 0.339,296.33, 40.47, 73.81, 57.14,
1982, 2, 0.328,296.95, 41.18, 69.08, 55.13,
1982, 3, 0.313,297.32, 40.19, 69.58, 54.89,
1982, 4, 0.297,297.82, 38.59, 68.97, 53.78,
1982, 5, 0.280,298.36, 35.80, 66.44, 51.12,
1982, 6, 0.266,298.86, 35.15, 63.54, 49.34,
1982, 7, 0.256,299.44, 36.22, 60.57, 48.40,
1982, 8, 0.248,300.18, 37.74, 56.90, 47.32,
1982, 9, 0.242,300.66, 39.69, 56.13, 47.91,
1982,10, 0.237,300.99, 41.92, 55.60, 48.76,
1982,11, 0.235,300.90, 45.41, 57.84, 51.63,
1982,12, 0.232,300.26, 46.18, 65.46, 55.82,
1982,13, 0.240,299.49, 49.88, 69.52, 59.70,
1982,14, 0.255,298.73, 55.24, 69.13, 62.19,
1982,15, 0.265,298.00, 56.32, 67.08, 61.70,
1982,16, 0.272,297.13, 53.68, 67.23, 60.46,
1982,17, 0.285,296.56, 54.56, 61.90, 58.23,
1982,18, 0.297,296.37, 55.68, 49.49, 52.59,
1982,19, 0.301,295.54, 54.08, 43.27, 48.67,
1982,20, 0.304,294.74, 53.47, 35.02, 44.24,
1982,21, 0.306,294.18, 54.13, 28.40, 41.27,
1982,22, 0.308,293.23, 55.57, 26.33, 40.95,
1982,23, 0.303,292.19, 54.45, 26.64, 40.54,
1982,24, 0.294,291.03, 51.90, 28.55, 40.23,
1982,25, 0.286,289.77, 48.80, 32.11, 40.46,
1982,26, 0.289,289.38, 50.19, 30.92, 40.56,
1982,27, 0.293,289.37, 52.39, 27.83, 40.11,
1982,28, 0.285,288.97, 50.55, 26.20, 38.37,
1982,29, 0.274,287.82, 45.37, 31.17, 38.27,
1982,30, 0.271,286.97, 41.20, 37.21, 39.20,
1982,31, 0.270,286.68, 36.90, 42.26, 39.58,
1982,32, 0.263,285.77, 30.15, 52.22, 41.18,
1982,33, 0.270,285.72, 28.00, 57.32, 42.66,
1982,34, 0.296,287.22, 32.80, 54.99, 43.89,
1982,35, 0.324,288.61, 38.47, 54.30, 46.38,
1982,36, 0.346,289.81, 43.62, 52.39, 48.01,
1982,37, 0.361,290.58, 46.65, 52.30, 49.47,
1982,38, 0.376,291.21, 52.50, 50.54, 51.52,
1982,39, 0.395,292.33, 57.75, 47.53, 52.64,
1982,40, 0.412,293.60, 62.07, 41.44, 51.75,
1982,41, 0.422,294.35, 65.27, 38.55, 51.91,
1982,42, 0.428,294.69, 66.27, 41.47, 53.87,
1982,43, 0.432,295.09, 66.15, 42.05, 54.10,
1982,44, 0.430,295.38, 64.98, 41.74, 53.36,
1982,45, 0.418,294.91, 58.62, 53.18, 55.90,
1982,46, 0.410,295.17, 55.80, 50.78, 53.29,
1982,47, 0.406,295.70, 57.77, 45.54, 51.66,
1982,48, 0.400,295.54, 58.38, 52.95, 55.67,
1982,49, 0.394,295.43, 59.12, 58.19, 58.66,
1982,50, 0.390,295.63, 61.18, 63.90, 62.54,
1982,51, 0.384,295.92, 62.80, 64.55, 63.67,
1982,52, 0.376,296.21, 63.44, 66.52, 64.98,
1983, 1, 0.365,296.50, 59.18, 70.21, 64.69,
1983, 2, 0.353,297.09, 58.16, 66.30, 62.23,
1983, 3, 0.338,297.66, 55.73, 63.16, 59.44,
1983, 4, 0.325,298.01, 54.55, 65.15, 59.85,
1983, 5, 0.310,298.34, 52.02, 66.68, 59.35,
1983, 6, 0.292,298.74, 47.95, 66.41, 57.18,
1983, 7, 0.270,299.37, 41.73, 62.80, 52.27,
1983, 8, 0.249,299.98, 35.24, 60.81, 48.02,
1983, 9, 0.225,300.30, 27.19, 62.22, 44.71,
1983,10, 0.204,300.64, 19.74, 61.58, 40.66,
1983,11, 0.186,301.17, 15.54, 55.34, 35.44,
1983,12, 0.174,301.45, 12.50, 50.74, 31.62,
1983,13, 0.170,301.65, 10.85, 41.46, 26.15,
1983,14, 0.175,301.47, 10.63, 32.89, 21.76,
1983,15, 0.185,300.92, 11.95, 28.92, 20.44,
1983,16, 0.205,299.97, 15.72, 30.39, 23.05,
1983,17, 0.228,298.93, 22.88, 30.71, 26.79,
1983,18, 0.253,298.02, 30.97, 28.23, 29.60,
1983,19, 0.272,296.91, 37.10, 26.04, 31.57,
1983,20, 0.289,295.96, 44.72, 21.59, 33.15,
1983,21, 0.305,295.30, 52.60, 17.45, 35.03,
1983,22, 0.318,294.53, 59.19, 15.13, 37.16,
1983,23, 0.327,293.85, 64.77, 13.24, 39.00,
1983,24, 0.332,293.21, 69.39, 12.01, 40.70,
1983,25, 0.343,292.99, 74.81,  9.68, 42.24,
1983,26, 0.352,292.94, 77.92,  8.19, 43.06,
1983,27, 0.356,292.36, 79.22,  9.69, 44.46,
1983,28, 0.357,291.74, 80.44, 10.03, 45.23,
1983,29, 0.369,291.83, 83.45,  8.18, 45.82,
1983,30, 0.380,291.70, 84.38,  8.96, 46.67,
1983,31, 0.388,291.58, 84.72, 11.33, 48.02,
1983,32, 0.389,291.11, 82.67, 16.00, 49.34,
1983,33, 0.395,291.22, 81.23, 18.35, 49.79,
1983,34, 0.399,291.53, 78.47, 21.87, 50.17,
1983,35, 0.399,291.46, 74.12, 29.75, 51.94,
1983,36, 0.391,291.13, 66.14, 40.26, 53.20,
1983,37, 0.383,290.78, 58.72, 50.78, 54.75,
1983,38, 0.384,290.97, 56.47, 53.64, 55.05,
1983,39, 0.389,291.49, 54.74, 57.03, 55.89,
1983,40, 0.392,291.48, 51.10, 68.68, 59.89,
1983,41, 0.399,291.90, 51.37, 74.09, 62.73,
1983,42, 0.410,292.64, 55.02, 73.94, 64.48,
1983,43, 0.414,293.01, 55.76, 77.18, 66.47,
1983,44, 0.416,293.25, 56.77, 78.82, 67.79,
1983,45, 0.414,293.27, 57.86, 81.64, 69.75,
1983,46, 0.415,293.54, 60.96, 80.58, 70.77,
1983,47, 0.418,293.97, 66.55, 77.54, 72.04,
1983,48, 0.415,294.35, 68.90, 75.09, 72.00,
1983,49, 0.404,294.66, 65.81, 72.78, 69.29,
1983,50, 0.390,294.81, 60.89, 79.52, 70.20,
1983,51, 0.377,295.14, 58.03, 79.50, 68.76,
1983,52, 0.364,295.46, 55.54, 80.93, 68.23,
1984, 1, 0.350,295.88, 48.92, 81.41, 65.17,
1984, 2, 0.338,296.26, 48.87, 81.02, 64.94,
1984, 3, 0.325,296.63, 48.49, 81.15, 64.82,
1984, 4, 0.311,297.05, 48.08, 81.30, 64.69,
1984, 5, 0.297,297.33, 47.19, 82.12, 64.65,
1984, 6, 0.282,297.39, 45.11, 84.70, 64.91,
1984, 7, 0.264,297.63, 41.99, 85.59, 63.79,
1984, 8, 0.248,297.88, 38.18, 87.28, 62.73,
1984, 9, 0.233,298.32, 34.79, 86.63, 60.71,
1984,10, 0.223,298.80, 33.91, 84.53, 59.22,
1984,11, 0.218,299.15, 36.27, 80.45, 58.36,
1984,12, 0.217,299.39, 38.32, 75.85, 57.08,
1984,13, 0.217,299.11, 37.94, 72.93, 55.44,
1984,14, 0.224,298.71, 38.18, 67.37, 52.78,
1984,15, 0.235,297.96, 39.60, 65.37, 52.48,
1984,16, 0.252,297.14, 41.63, 65.36, 53.49,
1984,17, 0.273,296.37, 47.23, 62.87, 55.05,
1984,18, 0.291,295.33, 51.95, 61.42, 56.69,
1984,19, 0.308,294.31, 57.69, 57.83, 57.76,
1984,20, 0.320,293.38, 62.67, 49.88, 56.28,
1984,21, 0.328,292.26, 66.76, 46.84, 56.80,
1984,22, 0.331,291.21, 68.06, 44.54, 56.30,
1984,23, 0.327,290.20, 67.21, 43.89, 55.55,
1984,24, 0.319,288.93, 64.62, 45.78, 55.20,
1984,25, 0.312,287.81, 61.56, 47.03, 54.29,
1984,26, 0.305,286.72, 58.81, 48.88, 53.84,
1984,27, 0.311,286.77, 62.07, 43.85, 52.96,
1984,28, 0.320,287.07, 67.01, 37.68, 52.35,
1984,29, 0.319,286.70, 65.67, 37.85, 51.76,
1984,30, 0.322,286.50, 63.28, 40.06, 51.67,
1984,31, 0.324,286.40, 60.09, 43.64, 51.86,
1984,32, 0.326,286.45, 57.82, 46.81, 52.31,
1984,33, 0.333,286.58, 56.34, 50.98, 53.66,
1984,34, 0.344,286.99, 55.17, 56.64, 55.91,
1984,35, 0.366,288.32, 59.46, 56.38, 57.92,
1984,36, 0.392,290.06, 67.68, 50.05, 58.87,
1984,37, 0.414,291.31, 74.55, 44.88, 59.72,
1984,38, 0.430,292.05, 78.62, 42.25, 60.43,
1984,39, 0.440,292.42, 80.07, 46.96, 63.52,
1984,40, 0.444,292.98, 78.65, 49.95, 64.30,
1984,41, 0.437,293.17, 73.18, 56.17, 64.67,
1984,42, 0.422,292.84, 61.41, 70.96, 66.19,
1984,43, 0.417,293.13, 55.18, 74.98, 65.08,
1984,44, 0.412,293.39, 50.68, 76.01, 63.34,
1984,45, 0.400,293.23, 45.03, 81.91, 63.47,
1984,46, 0.393,293.31, 44.06, 83.99, 64.02,
1984,47, 0.389,293.38, 45.89, 85.85, 65.87,
1984,48, 0.383,293.36, 48.00, 88.46, 68.23,
1984,49, 0.385,293.65, 54.11, 85.13, 69.62,
1984,50,-1.000, -1.00, -1.00, -1.00, -1.00,
1984,51,-1.000, -1.00, -1.00, -1.00, -1.00,
1984,52,-1.000, -1.00, -1.00, -1.00, -1.00,
1985, 1,-1.000, -1.00, -1.00, -1.00, -1.00,
1985, 2,-1.000, -1.00, -1.00, -1.00, -1.00,
1985, 3,-1.000, -1.00, -1.00, -1.00, -1.00,
1985, 4,-1.000, -1.00, -1.00, -1.00, -1.00,
1985, 5,-1.000, -1.00, -1.00, -1.00, -1.00,
1985, 6,-1.000, -1.00, -1.00, -1.00, -1.00,
1985, 7,-1.000, -1.00, -1.00, -1.00, -1.00,
1985, 8,-1.000, -1.00, -1.00, -1.00, -1.00,
1985, 9, 0.252,299.71, 50.44, 67.89, 59.17,
1985,10, 0.247,299.41, 50.82, 75.32, 63.07,
1985,11, 0.247,299.36, 53.74, 76.10, 64.92,
1985,12, 0.246,299.26, 54.50, 75.78, 65.14,
1985,13, 0.248,299.23, 54.70, 70.42, 62.56,
1985,14, 0.254,299.01, 54.65, 63.20, 58.93,
1985,15, 0.265,298.63, 55.23, 56.66, 55.95,
1985,16, 0.280,298.14, 57.08, 52.41, 54.74,
1985,17, 0.294,297.25, 59.20, 51.11, 55.15,
1985,18, 0.306,296.09, 59.97, 51.19, 55.58,
1985,19, 0.315,294.97, 60.83, 49.29, 55.06,
1985,20, 0.317,293.56, 60.00, 47.47, 53.73,
1985,21, 0.318,292.19, 59.56, 47.42, 53.49,
1985,22, 0.315,290.71, 57.89, 48.96, 53.42,
1985,23, 0.303,288.83, 53.43, 55.03, 54.23,
1985,24, 0.292,287.61, 50.32, 55.99, 53.15,
1985,25, 0.291,287.30, 50.59, 51.22, 50.91,
1985,26, 0.298,287.75, 54.31, 42.29, 48.30,
1985,27, 0.312,288.65, 61.39, 32.59, 46.99,
1985,28, 0.323,289.19, 67.07, 25.52, 46.30,
1985,29, 0.333,289.68, 69.76, 21.16, 45.46,
1985,30, 0.335,289.29, 67.01, 23.86, 45.44,
1985,31, 0.332,288.81, 61.97, 28.96, 45.47,
1985,32, 0.328,288.58, 57.23, 33.37, 45.30,
1985,33, 0.325,287.99, 51.23, 41.28, 46.25,
1985,34, 0.332,288.00, 48.81, 48.41, 48.61,
1985,35, 0.342,288.29, 47.14, 55.37, 51.26,
1985,36, 0.360,289.25, 50.52, 56.33, 53.43,
1985,37, 0.385,290.90, 58.99, 48.56, 53.78,
1985,38, 0.412,292.68, 69.36, 34.22, 51.79,
1985,39, 0.427,293.82, 73.18, 29.38, 51.28,
1985,40, 0.435,294.47, 73.89, 29.28, 51.59,
1985,41, 0.440,294.95, 75.15, 29.44, 52.29,
1985,42, 0.441,295.24, 74.35, 32.64, 53.50,
1985,43, 0.439,295.30, 71.66, 38.79, 55.23,
1985,44, 0.436,295.38, 69.77, 42.06, 55.92,
1985,45, 0.434,295.63, 70.33, 40.42, 55.37,
1985,46, 0.428,295.67, 68.93, 41.79, 55.36,
1985,47, 0.425,295.76, 70.80, 44.22, 57.51,
1985,48, 0.422,296.05, 72.83, 43.39, 58.11,
1985,49, 0.417,296.33, 73.81, 42.31, 58.06,
1985,50, 0.409,296.56, 73.12, 45.53, 59.32,
1985,51, 0.397,296.80, 69.10, 46.79, 57.94,
1985,52, 0.379,297.04, 62.25, 50.01, 56.13,
1986, 1, 0.360,297.61, 53.83, 47.93, 50.88,
1986, 2, 0.341,298.22, 50.33, 45.03, 47.68,
1986, 3, 0.324,298.89, 48.19, 42.69, 45.44,
1986, 4, 0.307,299.84, 47.45, 36.91, 42.18,
1986, 5, 0.287,300.58, 44.98, 33.71, 39.35,
1986, 6, 0.269,301.36, 42.89, 30.12, 36.50,
1986, 7, 0.251,301.89, 39.59, 29.65, 34.62,
1986, 8, 0.238,302.41, 37.87, 30.72, 34.30,
1986, 9, 0.225,303.18, 35.15, 26.69, 30.92,
1986,10, 0.208,303.55, 29.20, 24.79, 26.99,
1986,11, 0.194,303.61, 25.12, 23.19, 24.15,
1986,12, 0.188,303.47, 23.15, 22.56, 22.85,
1986,13, 0.189,302.84, 22.90, 23.67, 23.29,
1986,14, 0.196,301.60, 23.17, 28.44, 25.81,
1986,15, 0.208,300.23, 24.58, 35.77, 30.17,
1986,16, 0.225,299.23, 27.34, 38.90, 33.12,
1986,17, 0.240,297.94, 29.86, 43.12, 36.49,
1986,18, 0.251,296.24, 30.17, 49.70, 39.94,
1986,19, 0.263,294.79, 33.21, 50.85, 42.03,
1986,20, 0.275,293.76, 37.98, 44.69, 41.33,
1986,21, 0.280,292.60, 40.49, 42.58, 41.53,
1986,22, 0.283,291.53, 41.66, 41.59, 41.63,
1986,23, 0.280,290.51, 41.42, 41.39, 41.40,
1986,24, 0.289,290.59, 47.67, 33.12, 40.40,
1986,25, 0.295,290.23, 50.92, 30.37, 40.64,
1986,26, 0.295,289.62, 51.38, 30.64, 41.01,
1986,27, 0.296,288.95, 52.62, 31.38, 42.00,
1986,28, 0.305,289.23, 57.97, 25.84, 41.91,
1986,29, 0.318,289.55, 62.74, 22.19, 42.47,
1986,30, 0.338,289.97, 67.73, 19.81, 43.77,
1986,31, 0.356,290.52, 71.50, 18.18, 44.84,
1986,32, 0.373,291.28, 76.03, 14.83, 45.43,
1986,33, 0.387,291.90, 77.55, 13.24, 45.39,
1986,34, 0.391,291.94, 74.88, 17.71, 46.29,
1986,35, 0.401,292.29, 75.05, 21.30, 48.18,
1986,36, 0.414,293.03, 77.85, 21.02, 49.43,
1986,37, 0.433,294.23, 83.89, 14.12, 49.00,
1986,38, 0.445,294.89, 85.83, 11.74, 48.78,
1986,39, 0.449,295.18, 84.68, 14.85, 49.77,
1986,40, 0.453,295.56, 84.14, 15.48, 49.81,
1986,41, 0.454,295.62, 82.47, 19.52, 51.00,
1986,42, 0.448,295.36, 76.95, 30.75, 53.85,
1986,43, 0.443,295.44, 72.67, 36.53, 54.60,
1986,44, 0.442,295.78, 71.66, 35.69, 53.67,
1986,45, 0.435,295.81, 69.35, 37.68, 53.52,
1986,46, 0.427,295.80, 67.55, 39.63, 53.59,
1986,47, 0.417,295.69, 65.10, 45.86, 55.48,
1986,48, 0.413,295.79, 67.13, 48.54, 57.84,
1986,49, 0.409,295.98, 68.53, 48.97, 58.75,
1986,50, 0.402,296.22, 67.98, 53.31, 60.64,
1986,51, 0.393,296.52, 66.32, 53.88, 60.10,
1986,52, 0.384,296.90, 65.89, 53.98, 59.94,
1987, 1, 0.371,297.25, 62.23, 56.10, 59.17,
1987, 2, 0.356,297.35, 58.19, 61.59, 59.89,
1987, 3, 0.342,297.44, 55.75, 67.58, 61.66,
1987, 4, 0.331,297.78, 56.83, 69.87, 63.35,
1987, 5, 0.320,298.31, 57.89, 67.56, 62.72,
1987, 6, 0.307,298.59, 58.36, 68.09, 63.22,
1987, 7, 0.293,298.82, 58.69, 69.90, 64.29,
1987, 8, 0.282,299.25, 59.53, 69.91, 64.72,
1987, 9, 0.277,299.75, 62.25, 68.66, 65.46,
1987,10, 0.272,300.14, 63.79, 67.62, 65.71,
1987,11, 0.269,300.39, 65.84, 65.52, 65.68,
1987,12, 0.272,300.79, 68.77, 58.70, 63.74,
1987,13, 0.279,301.16, 71.27, 46.87, 59.07,
1987,14, 0.288,300.96, 72.78, 38.52, 55.65,
1987,15, 0.301,300.26, 75.33, 36.72, 56.02,
1987,16, 0.319,299.43, 78.76, 36.84, 57.80,
1987,17, 0.334,298.82, 81.58, 32.18, 56.88,
1987,18, 0.346,298.22, 82.45, 25.92, 54.18,
1987,19, 0.351,297.05, 82.13, 24.54, 53.34,
1987,20, 0.346,295.31, 77.30, 28.23, 52.76,
1987,21, 0.341,294.02, 74.03, 28.82, 51.42,
1987,22, 0.338,292.94, 72.27, 28.61, 50.44,
1987,23, 0.329,291.43, 68.76, 33.17, 50.97,
1987,24, 0.320,290.09, 65.87, 36.40, 51.14,
1987,25, 0.318,289.67, 65.34, 33.44, 49.39,
1987,26, 0.319,289.60, 65.53, 29.55, 47.54,
1987,27, 0.318,289.42, 65.19, 27.22, 46.21,
1987,28, 0.322,289.15, 67.27, 25.02, 46.15,
1987,29, 0.333,289.40, 70.35, 21.91, 46.13,
1987,30, 0.347,290.25, 73.28, 17.45, 45.36,
1987,31, 0.357,290.66, 73.73, 17.20, 45.46,
1987,32, 0.364,290.78, 73.36, 18.78, 46.07,
1987,33, 0.374,290.96, 72.90, 20.98, 46.94,
1987,34, 0.391,291.80, 75.22, 20.47, 47.85,
1987,35, 0.406,292.61, 77.01, 20.04, 48.53,
1987,36, 0.414,292.69, 77.36, 25.45, 51.40,
1987,37, 0.425,293.09, 79.44, 26.83, 53.14,
1987,38, 0.439,293.72, 82.64, 24.25, 53.44,
1987,39, 0.447,294.10, 83.75, 27.14, 55.44,
1987,40, 0.452,294.44, 83.01, 29.79, 56.40,
1987,41, 0.455,294.77, 83.10, 31.92, 57.51,
1987,42, 0.458,295.19, 83.34, 33.67, 58.51,
1987,43, 0.456,295.51, 81.04, 35.50, 58.27,
1987,44, 0.447,295.39, 75.75, 41.94, 58.84,
1987,45, 0.438,295.16, 72.22, 48.43, 60.32,
1987,46, 0.434,295.26, 72.59, 48.99, 60.79,
1987,47, 0.427,295.33, 72.51, 51.77, 62.14,
1987,48, 0.420,295.36, 71.92, 55.51, 63.71,
1987,49, 0.414,295.46, 71.83, 57.52, 64.68,
1987,50, 0.409,295.80, 73.75, 60.50, 67.13,
1987,51, 0.402,296.19, 73.68, 59.38, 66.53,
1987,52, 0.394,296.88, 74.40, 54.10, 64.25,
1988, 1, 0.388,297.89, 73.67, 44.30, 58.98,
1988, 2, 0.376,298.88, 72.07, 33.91, 52.99,
1988, 3, 0.359,299.43, 67.66, 32.46, 50.06,
1988, 4, 0.339,299.80, 62.94, 35.13, 49.03,
1988, 5, 0.319,300.02, 58.31, 38.96, 48.64,
1988, 6, 0.302,299.97, 55.71, 46.26, 50.98,
1988, 7, 0.283,300.01, 52.29, 51.76, 52.03,
1988, 8, 0.263,299.89, 46.88, 60.13, 53.51,
1988, 9, 0.245,299.68, 41.49, 68.58, 55.04,
1988,10, 0.230,299.72, 37.44, 72.18, 54.81,
1988,11, 0.215,299.72, 34.23, 72.99, 53.61,
1988,12, 0.205,299.44, 31.40, 74.65, 53.03,
1988,13, 0.204,299.11, 31.11, 72.16, 51.63,
1988,14, 0.215,298.58, 33.73, 68.05, 50.89,
1988,15, 0.229,298.06, 36.80, 62.48, 49.64,
1988,16, 0.243,297.03, 37.78, 64.27, 51.02,
1988,17, 0.262,296.12, 41.78, 63.77, 52.77,
1988,18, 0.281,295.33, 46.26, 59.37, 52.81,
1988,19, 0.300,294.68, 53.10, 51.65, 52.38,
1988,20, 0.315,294.30, 60.14, 38.71, 49.43,
1988,21, 0.329,293.93, 66.65, 30.14, 48.40,
1988,22, 0.341,293.53, 72.34, 23.72, 48.03,
1988,23, 0.350,293.20, 77.03, 18.74, 47.89,
1988,24, 0.350,292.51, 78.52, 17.62, 48.07,
1988,25, 0.345,291.53, 76.54, 19.98, 48.26,
1988,26, 0.348,291.24, 77.43, 18.96, 48.19,
1988,27, 0.351,291.27, 78.31, 16.11, 47.21,
1988,28, 0.350,291.09, 78.37, 13.85, 46.11,
1988,29, 0.347,290.66, 76.16, 14.94, 45.55,
1988,30, 0.345,290.12, 72.40, 18.39, 45.40,
1988,31, 0.337,289.22, 66.09, 26.16, 46.12,
1988,32, 0.329,288.46, 60.25, 33.62, 46.94,
1988,33, 0.327,288.14, 55.18, 39.63, 47.41,
1988,34, 0.334,288.20, 52.69, 45.70, 49.20,
1988,35, 0.349,289.16, 53.62, 47.22, 50.42,
1988,36, 0.362,290.13, 54.17, 47.18, 50.67,
1988,37, 0.368,290.79, 51.58, 48.40, 49.99,
1988,38, 0.365,290.81, 46.86, 53.55, 50.20,
1988,39, 0.363,291.06, 41.79, 59.49, 50.64,
1988,40, 0.362,291.55, 35.75, 64.31, 50.03,
1988,41, 0.352,292.00, 27.42, 67.46, 47.44,
1988,42, 0.359,292.55, 26.66, 69.85, 48.25,
1988,43, 0.367,293.02, 27.70, 71.72, 49.71,
1988,44, 0.377,293.39, 30.87, 71.88, 51.37,
1988,45, 0.388,293.90, 38.42, 68.17, 53.29,
1988,46, 0.397,294.28, 46.80, 66.06, 56.43,
1988,47, 0.403,294.72, 55.68, 63.20, 59.44,
1988,48, 0.408,295.43, 64.05, 55.38, 59.71,
1988,49, 0.409,295.94, 68.82, 50.25, 59.54,
1988,50, 0.411,296.42, 74.19, 49.87, 62.03,
1988,51, 0.408,296.80, 76.98, 48.13, 62.55,
1988,52, 0.404,297.46, 79.15, 42.64, 60.90,
1989, 1, 0.395,298.10, 77.06, 39.61, 58.33,
1989, 2, 0.379,298.51, 73.35, 39.80, 56.57,
1989, 3, 0.362,298.96, 70.14, 39.49, 54.82,
1989, 4, 0.343,299.54, 66.40, 38.52, 52.46,
1989, 5, 0.325,300.24, 63.47, 35.14, 49.30,
1989, 6, 0.309,301.03, 61.45, 30.28, 45.86,
1989, 7, 0.296,301.78, 61.39, 27.39, 44.39,
1989, 8, 0.285,302.49, 61.42, 26.46, 43.94,
1989, 9, 0.274,302.78, 59.83, 28.86, 44.35,
1989,10, 0.264,302.63, 58.05, 33.79, 45.92,
1989,11, 0.257,302.12, 58.03, 41.07, 49.55,
1989,12, 0.255,301.72, 58.98, 44.82, 51.90,
1989,13, 0.260,301.56, 60.66, 40.49, 50.57,
1989,14, 0.266,301.36, 60.97, 32.97, 46.97,
1989,15, 0.270,300.49, 59.20, 33.52, 46.36,
1989,16, 0.280,299.62, 58.19, 34.14, 46.17,
1989,17, 0.294,299.00, 59.72, 29.63, 44.67,
1989,18, 0.310,298.31, 62.24, 24.96, 43.60,
1989,19, 0.320,297.17, 63.79, 23.52, 43.66,
1989,20, 0.325,296.01, 64.95, 21.74, 43.34,
1989,21, 0.334,295.39, 68.57, 17.14, 42.86,
1989,22, 0.338,294.82, 70.06, 12.95, 41.50,
1989,23, 0.339,293.99, 70.92, 12.70, 41.81,
1989,24, 0.336,293.03, 71.06, 14.08, 42.57,
1989,25, 0.343,292.84, 74.00, 11.45, 42.73,
1989,26, 0.355,293.20, 78.47,  7.29, 42.88,
1989,27, 0.360,293.24, 80.10,  5.34, 42.72,
1989,28, 0.355,292.57, 78.53,  6.16, 42.35,
1989,29, 0.352,291.85, 75.99,  8.53, 42.26,
1989,30, 0.353,291.56, 73.10, 10.13, 41.62,
1989,31, 0.355,291.72, 71.09, 10.70, 40.90,
1989,32, 0.356,291.49, 69.04, 13.93, 41.49,
1989,33, 0.363,291.59, 67.93, 16.37, 42.15,
1989,34, 0.370,291.89, 66.11, 19.78, 42.95,
1989,35, 0.379,292.35, 65.13, 22.18, 43.65,
1989,36, 0.384,292.60, 63.03, 25.98, 44.51,
1989,37, 0.392,292.94, 62.47, 28.46, 45.46,
1989,38, 0.403,293.40, 65.11, 27.87, 46.49,
1989,39, 0.412,293.93, 66.31, 28.57, 47.44,
1989,40, 0.420,294.28, 65.93, 31.79, 48.86,
1989,41, 0.427,294.63, 67.67, 33.89, 50.78,
1989,42, 0.432,294.73, 68.10, 41.35, 54.72,
1989,43, 0.439,295.18, 70.67, 41.37, 56.02,
1989,44, 0.442,295.78, 72.42, 35.42, 53.92,
1989,45, 0.443,296.18, 74.96, 31.16, 53.06,
1989,46, 0.440,296.43, 76.47, 28.10, 52.29,
1989,47, 0.431,296.41, 74.03, 32.69, 53.36,
1989,48, 0.421,296.61, 71.94, 33.92, 52.93,
1989,49, 0.411,296.78, 69.39, 35.31, 52.35,
1989,50, 0.400,297.04, 67.10, 38.30, 52.70,
1989,51, 0.389,297.34, 64.55, 38.66, 51.61,
1989,52, 0.371,297.47, 58.64, 43.64, 51.14,
1990, 1, 0.353,297.62, 49.57, 49.62, 49.59,
1990, 2, 0.340,297.94, 48.43, 51.14, 49.78,
1990, 3, 0.329,298.40, 49.58, 50.20, 49.89,
1990, 4, 0.316,298.78, 49.62, 51.85, 50.74,
1990, 5, 0.304,299.16, 50.35, 52.71, 51.53,
1990, 6, 0.294,299.67, 52.08, 50.99, 51.53,
1990, 7, 0.283,299.95, 53.67, 53.30, 53.48,
1990, 8, 0.271,299.94, 53.03, 60.56, 56.79,
1990, 9, 0.262,300.12, 53.71, 63.60, 58.65,
1990,10, 0.260,300.31, 56.80, 64.88, 60.84,
1990,11, 0.263,300.49, 62.67, 63.17, 62.92,
1990,12, 0.266,300.76, 65.81, 58.25, 62.03,
1990,13, 0.267,300.80, 65.46, 51.37, 58.41,
1990,14, 0.269,300.66, 63.38, 43.18, 53.28,
1990,15, 0.273,300.24, 60.62, 37.37, 49.00,
1990,16, 0.278,299.59, 56.54, 34.71, 45.62,
1990,17, 0.279,298.45, 50.88, 36.84, 43.86,
1990,18, 0.277,297.10, 44.15, 40.06, 42.10,
1990,19, 0.273,295.55, 37.61, 43.10, 40.35,
1990,20, 0.268,293.75, 33.28, 45.71, 39.50,
1990,21, 0.260,291.62, 28.93, 52.50, 40.72,
1990,22, 0.250,289.72, 24.66, 57.35, 41.01,
1990,23, 0.243,288.15, 22.62, 60.11, 41.36,
1990,24, 0.238,286.85, 22.47, 61.34, 41.91,
1990,25, 0.239,286.38, 25.55, 56.37, 40.96,
1990,26, 0.243,286.29, 29.08, 49.73, 39.40,
1990,27, 0.250,286.31, 33.93, 44.47, 39.20,
1990,28, 0.257,286.37, 39.26, 39.13, 39.19,
1990,29, 0.271,286.89, 45.03, 34.41, 39.72,
1990,30, 0.290,287.60, 49.48, 32.09, 40.78,
1990,31, 0.311,288.73, 53.90, 28.60, 41.25,
1990,32, 0.333,290.01, 59.52, 23.31, 41.41,
1990,33, 0.352,291.04, 63.02, 20.04, 41.53,
1990,34, 0.367,291.70, 63.97, 20.66, 42.31,
1990,35, 0.380,292.20, 65.21, 23.02, 44.11,
1990,36, 0.389,292.45, 65.45, 26.81, 46.13,
1990,37, 0.398,292.60, 65.35, 30.70, 48.02,
1990,38, 0.407,292.88, 66.66, 31.51, 49.08,
1990,39, 0.418,293.32, 68.86, 34.17, 51.52,
1990,40, 0.425,293.72, 68.97, 37.99, 53.48,
1990,41, 0.427,293.90, 67.67, 44.18, 55.93,
1990,42, 0.428,294.09, 66.39, 50.52, 58.45,
1990,43, 0.431,294.30, 66.25, 54.77, 60.51,
1990,44, 0.430,294.50, 65.38, 56.52, 60.95,
1990,45, 0.428,294.88, 66.37, 53.42, 59.90,
1990,46, 0.421,295.05, 64.43, 53.30, 58.87,
1990,47, 0.414,295.34, 63.74, 52.39, 58.07,
1990,48, 0.410,295.83, 65.73, 47.79, 56.76,
1990,49, 0.404,296.34, 66.10, 42.83, 54.46,
1990,50, 0.398,296.91, 65.86, 40.25, 53.05,
1990,51, 0.388,297.26, 64.79, 39.15, 51.97,
1990,52, 0.377,297.69, 63.15, 38.26, 50.71,
1991, 1, 0.364,298.20, 57.58, 37.15, 47.37,
1991, 2, 0.349,298.66, 54.80, 36.38, 45.59,
1991, 3, 0.337,299.22, 54.60, 34.17, 44.38,
1991, 4, 0.324,299.82, 55.24, 32.89, 44.06,
1991, 5, 0.310,300.39, 54.22, 31.74, 42.98,
1991, 6, 0.296,301.08, 53.64, 28.48, 41.06,
1991, 7, 0.284,301.66, 54.73, 27.25, 40.99,
1991, 8, 0.272,302.16, 53.75, 28.71, 41.23,
1991, 9, 0.260,302.33, 51.90, 32.48, 42.19,
1991,10, 0.252,302.34, 51.63, 36.09, 43.86,
1991,11, 0.250,302.33, 54.32, 37.04, 45.68,
1991,12, 0.251,302.09, 56.72, 39.33, 48.02,
1991,13, 0.255,301.77, 58.12, 37.53, 47.82,
1991,14, 0.261,301.25, 58.68, 34.03, 46.35,
1991,15, 0.271,300.66, 59.93, 31.10, 45.51,
1991,16, 0.282,299.99, 59.63, 30.13, 44.88,
1991,17, 0.292,298.92, 59.02, 31.97, 45.50,
1991,18, 0.302,297.65, 58.76, 34.14, 46.45,
1991,19, 0.316,296.84, 62.34, 27.82, 45.08,
1991,20, 0.328,296.09, 66.37, 21.28, 43.82,
1991,21, 0.329,295.00, 66.05, 20.85, 43.45,
1991,22, 0.321,293.66, 61.79, 22.78, 42.28,
1991,23, 0.309,292.17, 56.81, 26.80, 41.80,
1991,24, 0.299,291.27, 54.20, 26.37, 40.29,
1991,25, 0.287,290.35, 49.57, 27.25, 38.41,
1991,26, 0.273,289.23, 43.49, 30.71, 37.10,
1991,27, 0.266,288.73, 41.26, 30.47, 35.87,
1991,28, 0.263,288.69, 41.45, 26.88, 34.17,
1991,29, 0.259,288.49, 39.74, 26.55, 33.15,
1991,30, 0.253,287.96, 34.53, 30.87, 32.70,
1991,31, 0.251,287.45, 29.41, 36.95, 33.18,
1991,32, 0.263,287.89, 29.96, 37.72, 33.84,
1991,33, 0.279,288.86, 32.14, 35.42, 33.78,
1991,34, 0.294,289.66, 31.93, 36.73, 34.33,
1991,35, 0.313,290.57, 33.25, 37.40, 35.32,
1991,36, 0.332,291.26, 36.35, 38.39, 37.37,
1991,37, 0.355,292.41, 43.36, 32.66, 38.01,
1991,38, 0.370,293.07, 48.71, 30.07, 39.39,
1991,39, 0.373,293.07, 46.36, 37.20, 41.78,
1991,40, 0.374,293.36, 41.96, 41.58, 41.77,
1991,41, 0.374,293.83, 37.86, 43.27, 40.57,
1991,42, 0.377,294.20, 35.04, 47.13, 41.08,
1991,43, 0.382,294.60, 34.61, 49.25, 41.93,
1991,44, 0.388,295.12, 36.94, 45.68, 41.31,
1991,45, 0.387,295.59, 38.07, 40.85, 39.46,
1991,46, 0.385,295.90, 39.64, 37.21, 38.42,
1991,47, 0.380,296.05, 39.84, 39.42, 39.63,
1991,48, 0.370,295.87, 38.17, 47.50, 42.83,
1991,49, 0.363,295.79, 38.38, 52.88, 45.63,
1991,50, 0.359,295.97, 39.91, 58.13, 49.02,
1991,51, 0.354,296.10, 41.68, 61.29, 51.49,
1991,52, 0.347,296.25, 43.61, 65.55, 54.58,
1992, 1, 0.338,296.40, 39.74, 71.20, 55.47,
1992, 2, 0.327,296.50, 40.24, 76.09, 58.16,
1992, 3, 0.318,296.92, 42.08, 75.87, 58.97,
1992, 4, 0.304,297.51, 41.46, 73.59, 57.53,
1992, 5, 0.289,298.36, 39.59, 66.81, 53.20,
1992, 6, 0.273,299.12, 37.68, 60.76, 49.22,
1992, 7, 0.262,299.99, 39.91, 53.53, 46.72,
1992, 8, 0.253,300.86, 41.66, 48.42, 45.04,
1992, 9, 0.242,301.47, 40.98, 46.24, 43.61,
1992,10, 0.232,302.02, 39.45, 42.59, 41.02,
1992,11, 0.223,302.61, 38.50, 35.51, 37.00,
1992,12, 0.211,303.01, 34.40, 28.90, 31.65,
1992,13, 0.201,302.94, 28.91, 23.86, 26.39,
1992,14, 0.196,302.53, 23.13, 18.64, 20.89,
1992,15, 0.195,301.96, 18.37, 15.75, 17.06,
1992,16, 0.199,301.33, 13.96, 13.80, 13.88,
1992,17, 0.206,300.38, 11.79, 13.08, 12.43,
1992,18, 0.219,299.38, 12.90, 12.23, 12.56,
1992,19, 0.233,298.07, 16.62, 12.05, 14.34,
1992,20, 0.243,296.55, 20.82, 15.25, 18.04,
1992,21, 0.250,295.06, 24.37, 19.76, 22.07,
1992,22, 0.259,293.80, 28.98, 21.57, 25.28,
1992,23, 0.263,292.56, 32.22, 23.59, 27.91,
1992,24, 0.261,291.20, 33.42, 27.42, 30.42,
1992,25, 0.262,290.44, 35.91, 27.71, 31.81,
1992,26, 0.261,289.78, 37.06, 28.28, 32.67,
1992,27, 0.262,289.40, 39.34, 27.09, 33.21,
1992,28, 0.267,289.30, 43.58, 23.84, 33.71,
1992,29, 0.277,289.62, 47.67, 20.40, 34.04,
1992,30, 0.295,290.35, 51.56, 16.60, 34.08,
1992,31, 0.315,291.23, 55.64, 13.32, 34.48,
1992,32, 0.328,291.76, 58.07, 11.40, 34.74,
1992,33, 0.341,292.37, 59.23, 10.02, 34.63,
1992,34, 0.353,292.76, 58.82, 11.91, 35.37,
1992,35, 0.365,293.19, 58.96, 14.27, 36.62,
1992,36, 0.375,293.31, 59.11, 18.53, 38.82,
1992,37, 0.384,293.30, 59.02, 23.56, 41.29,
1992,38, 0.397,293.72, 62.28, 23.45, 42.87,
1992,39, 0.400,293.76, 60.27, 30.13, 45.20,
1992,40, 0.399,293.80, 54.91, 37.90, 46.41,
1992,41, 0.398,294.10, 50.98, 41.96, 46.47,
1992,42, 0.397,294.26, 46.04, 48.42, 47.23,
1992,43, 0.396,294.52, 42.34, 52.08, 47.21,
1992,44, 0.391,294.80, 38.53, 51.63, 45.08,
1992,45, 0.383,295.18, 35.00, 48.12, 41.56,
1992,46, 0.374,295.80, 31.48, 39.27, 35.37,
1992,47, 0.365,296.22, 28.78, 36.13, 32.46,
1992,48, 0.357,296.63, 28.32, 33.85, 31.09,
1992,49, 0.349,296.99, 28.21, 31.79, 30.00,
1992,50, 0.344,297.36, 27.95, 30.88, 29.42,
1992,51, 0.336,297.73, 28.07, 29.26, 28.67,
1992,52, 0.321,297.95, 25.11, 32.53, 28.82,
1993, 1, 0.305,298.07, 21.73, 39.22, 30.47,
1993, 2, 0.292,298.16, 22.23, 45.19, 33.71,
1993, 3, 0.284,298.24, 24.62, 51.67, 38.15,
1993, 4, 0.278,298.43, 27.36, 57.52, 42.44,
1993, 5, 0.270,298.68, 29.81, 60.92, 45.36,
1993, 6, 0.261,299.11, 31.74, 60.08, 45.91,
1993, 7, 0.247,299.62, 31.30, 58.32, 44.81,
1993, 8, 0.237,300.02, 31.60, 59.64, 45.62,
1993, 9, 0.227,300.17, 31.59, 63.40, 47.50,
1993,10, 0.217,300.24, 30.40, 66.19, 48.29,
1993,11, 0.210,300.50, 31.47, 63.30, 47.38,
1993,12, 0.202,300.54, 29.14, 61.36, 45.25,
1993,13, 0.196,300.28, 26.09, 58.06, 42.08,
1993,14, 0.199,299.95, 24.22, 51.48, 37.85,
1993,15, 0.209,299.71, 25.70, 43.40, 34.55,
1993,16, 0.227,299.35, 28.67, 37.49, 33.08,
1993,17, 0.248,298.90, 33.66, 31.40, 32.53,
1993,18, 0.270,298.29, 39.76, 25.76, 32.76,
1993,19, 0.290,297.69, 46.36, 18.51, 32.44,
1993,20, 0.305,296.81, 52.69, 14.47, 33.58,
1993,21, 0.320,295.31, 59.80, 17.58, 38.69,
1993,22, 0.330,294.17, 65.15, 18.22, 41.69,
1993,23, 0.341,294.03, 72.04, 12.58, 42.31,
1993,24, 0.346,293.58, 76.36, 10.42, 43.39,
1993,25, 0.345,292.88, 76.34, 11.32, 43.83,
1993,26, 0.340,291.80, 73.60, 14.99, 44.30,
1993,27, 0.333,291.03, 71.33, 17.00, 44.16,
1993,28, 0.332,290.87, 71.28, 15.11, 43.20,
1993,29, 0.328,290.51, 69.02, 15.56, 42.29,
1993,30, 0.325,290.22, 65.54, 17.45, 41.50,
1993,31, 0.332,290.42, 64.82, 18.67, 41.75,
1993,32, 0.339,290.82, 64.63, 18.99, 41.81,
1993,33, 0.351,291.34, 64.43, 19.07, 41.75,
1993,34, 0.361,291.37, 63.26, 24.22, 43.74,
1993,35, 0.376,292.09, 64.47, 25.15, 44.81,
1993,36, 0.395,293.37, 68.47, 19.26, 43.86,
1993,37, 0.404,294.14, 68.67, 16.24, 42.45,
1993,38, 0.405,294.55, 66.12, 16.31, 41.21,
1993,39, 0.405,294.65, 62.53, 21.84, 42.19,
1993,40, 0.408,295.01, 59.69, 23.64, 41.67,
1993,41, 0.413,295.59, 60.10, 20.78, 40.44,
1993,42, 0.413,295.77, 57.37, 24.84, 41.11,
1993,43, 0.412,296.11, 54.48, 25.98, 40.23,
1993,44, 0.410,296.51, 52.92, 23.53, 38.22,
1993,45, 0.404,296.72, 50.35, 23.32, 36.84,
1993,46, 0.391,296.78, 44.72, 24.59, 34.65,
1993,47, 0.376,296.74, 38.94, 29.24, 34.09,
1993,48, 0.361,296.83, 34.29, 32.01, 33.15,
1993,49, 0.348,296.94, 30.93, 33.64, 32.28,
1993,50, 0.336,297.16, 26.60, 37.35, 31.97,
1993,51, 0.324,297.66, 23.14, 34.98, 29.06,
1993,52, 0.309,298.25, 20.02, 32.62, 26.32,
1994, 1, 0.292,298.85, 13.58, 30.85, 22.22,
1994, 2, 0.271,299.02, 11.84, 33.96, 22.90,
1994, 3, 0.252,299.07, 11.08, 39.41, 25.25,
1994, 4, 0.238,299.10, 11.23, 46.45, 28.84,
1994, 5, 0.226,299.16, 11.82, 52.13, 31.98,
1994, 6, 0.217,299.23, 12.80, 56.58, 34.69,
1994, 7, 0.211,299.56, 14.86, 57.54, 36.20,
1994, 8, 0.204,299.51, 16.57, 64.90, 40.73,
1994, 9, 0.205,299.36, 21.94, 72.72, 47.33,
1994,10, 0.210,299.07, 30.22, 80.67, 55.44,
1994,11, 0.223,298.81, 42.44, 84.92, 63.68,
1994,12, 0.238,298.69, 51.97, 85.31, 68.64,
1994,13, 0.252,298.41, 57.40, 82.42, 69.91,
1994,14, 0.264,298.51, 60.40, 71.28, 65.84,
1994,15, 0.276,298.43, 61.84, 60.92, 61.38,
1994,16, 0.283,297.69, 59.25, 59.41, 59.33,
1994,17, 0.291,296.69, 57.20, 59.70, 58.45,
1994,18, 0.295,295.35, 53.42, 61.64, 57.53,
1994,19, 0.293,293.41, 48.70, 68.19, 58.45,
1994,20, 0.287,291.94, 43.96, 64.30, 54.13,
1994,21, 0.273,289.93, 35.95, 66.74, 51.34,
1994,22, 0.261,288.00, 30.04, 69.04, 49.54,
1994,23, 0.246,286.41, 24.50, 69.96, 47.23,
1994,24, 0.232,285.09, 20.95, 69.45, 45.20,
1994,25, 0.227,284.87, 21.07, 64.16, 42.61,
1994,26, 0.223,284.36, 21.32, 60.48, 40.90,
1994,27, 0.225,284.67, 23.99, 53.56, 38.77,
1994,28, 0.232,285.60, 29.26, 42.80, 36.03,
1994,29, 0.229,285.82, 28.76, 39.21, 33.98,
1994,30, 0.229,286.27, 26.79, 38.47, 32.63,
1994,31, 0.232,286.81, 23.94, 39.69, 31.82,
1994,32, 0.241,287.47, 24.11, 40.15, 32.13,
1994,33, 0.259,288.55, 27.10, 38.32, 32.71,
1994,34, 0.280,289.60, 29.89, 38.36, 34.13,
1994,35, 0.302,290.49, 33.26, 39.08, 36.17,
1994,36, 0.299,290.74, 27.18, 44.54, 35.86,
1994,37,-1.000, -1.00, -1.00, -1.00, -1.00,
1994,38,-1.000, -1.00, -1.00, -1.00, -1.00,
1994,39,-1.000, -1.00, -1.00, -1.00, -1.00,
1994,40,-1.000, -1.00, -1.00, -1.00, -1.00,
1994,41,-1.000, -1.00, -1.00, -1.00, -1.00,
1994,42,-1.000, -1.00, -1.00, -1.00, -1.00,
1994,43,-1.000, -1.00, -1.00, -1.00, -1.00,
1994,44,-1.000, -1.00, -1.00, -1.00, -1.00,
1994,45,-1.000, -1.00, -1.00, -1.00, -1.00,
1994,46,-1.000, -1.00, -1.00, -1.00, -1.00,
1994,47,-1.000, -1.00, -1.00, -1.00, -1.00,
1994,48,-1.000, -1.00, -1.00, -1.00, -1.00,
1994,49,-1.000, -1.00, -1.00, -1.00, -1.00,
1994,50,-1.000, -1.00, -1.00, -1.00, -1.00,
1994,51,-1.000, -1.00, -1.00, -1.00, -1.00,
1994,52,-1.000, -1.00, -1.00, -1.00, -1.00,
1995, 1,-1.000, -1.00, -1.00, -1.00, -1.00,
1995, 2,-1.000, -1.00, -1.00, -1.00, -1.00,
1995, 3,-1.000, -1.00, -1.00, -1.00, -1.00,
1995, 4,-1.000, -1.00, -1.00, -1.00, -1.00,
1995, 5,-1.000, -1.00, -1.00, -1.00, -1.00,
1995, 6,-1.000, -1.00, -1.00, -1.00, -1.00,
1995, 7, 0.302,301.20, 65.18, 37.10, 51.14,
1995, 8, 0.291,301.96, 65.95, 34.28, 50.11,
1995, 9, 0.281,302.50, 64.88, 33.03, 48.96,
1995,10, 0.269,302.73, 62.47, 33.16, 47.81,
1995,11, 0.262,302.71, 62.38, 33.44, 47.91,
1995,12, 0.256,302.31, 60.01, 37.01, 48.51,
1995,13, 0.256,302.00, 58.39, 34.74, 46.57,
1995,14, 0.262,301.73, 57.80, 27.50, 42.65,
1995,15, 0.266,300.98, 55.54, 26.39, 40.96,
1995,16, 0.264,299.56, 48.15, 34.57, 41.36,
1995,17, 0.266,298.47, 43.41, 36.23, 39.82,
1995,18, 0.275,297.65, 42.64, 32.56, 37.60,
1995,19, 0.279,296.30, 41.67, 33.68, 37.68,
1995,20, 0.273,293.93, 37.18, 43.48, 40.33,
1995,21, 0.270,292.17, 35.80, 46.77, 41.28,
1995,22, 0.275,291.29, 38.91, 42.94, 40.92,
1995,23, 0.273,290.02, 39.61, 44.23, 41.92,
1995,24, 0.265,288.48, 37.94, 48.09, 43.01,
1995,25, 0.261,287.55, 37.71, 47.65, 42.68,
1995,26, 0.267,287.62, 41.50, 41.18, 41.34,
1995,27, 0.275,287.99, 46.55, 34.91, 40.73,
1995,28, 0.273,287.68, 47.42, 32.33, 39.88,
1995,29, 0.266,286.89, 44.59, 34.77, 39.68,
1995,30, 0.273,287.14, 44.09, 34.85, 39.47,
1995,31, 0.278,287.47, 41.98, 36.15, 39.07,
1995,32, 0.278,287.28, 38.31, 41.07, 39.69,
1995,33, 0.279,286.71, 33.74, 50.25, 41.99,
1995,34, 0.295,287.58, 34.04, 52.70, 43.37,
1995,35, 0.319,289.13, 37.90, 49.36, 43.63,
1995,36, 0.336,290.21, 40.31, 47.95, 44.13,
1995,37, 0.351,290.98, 43.63, 47.64, 45.63,
1995,38, 0.371,292.07, 51.14, 40.33, 45.74,
1995,39, 0.388,293.17, 55.17, 36.43, 45.80,
1995,40, 0.398,294.04, 55.49, 33.97, 44.73,
1995,41, 0.404,294.61, 54.98, 32.88, 43.93,
1995,42, 0.407,294.91, 53.26, 36.20, 44.73,
1995,43, 0.413,295.36, 54.71, 36.20, 45.45,
1995,44, 0.413,295.61, 53.75, 36.87, 45.31,
1995,45, 0.409,295.72, 53.25, 38.33, 45.79,
1995,46, 0.407,295.79, 54.56, 39.30, 46.93,
1995,47, 0.403,295.96, 55.67, 40.96, 48.31,
1995,48, 0.397,296.32, 55.74, 39.52, 47.63,
1995,49, 0.389,296.63, 55.07, 38.19, 46.63,
1995,50, 0.381,296.86, 54.53, 39.90, 47.22,
1995,51, 0.372,297.17, 54.00, 39.64, 46.82,
1995,52, 0.361,297.70, 52.10, 37.28, 44.69,
1996, 1, 0.344,298.04, 42.70, 39.68, 41.19,
1996, 2, 0.330,298.42, 41.38, 41.00, 41.19,
1996, 3, 0.319,299.06, 43.34, 37.89, 40.61,
1996, 4, 0.309,299.69, 45.44, 36.32, 40.88,
1996, 5, 0.299,300.22, 47.66, 35.97, 41.82,
1996, 6, 0.288,300.35, 48.81, 41.12, 44.96,
1996, 7, 0.279,300.54, 52.28, 44.69, 48.48,
1996, 8, 0.270,300.88, 53.40, 47.20, 50.30,
1996, 9, 0.262,301.05, 53.69, 50.88, 52.29,
1996,10, 0.259,301.14, 55.92, 53.67, 54.79,
1996,11, 0.259,300.98, 59.32, 56.58, 57.95,
1996,12, 0.258,300.49, 60.51, 61.54, 61.02,
1996,13, 0.259,299.78, 59.20, 64.01, 61.60,
1996,14, 0.258,298.63, 55.42, 68.34, 61.88,
1996,15, 0.263,297.54, 53.78, 70.31, 62.04,
1996,16, 0.273,296.75, 53.25, 68.83, 61.04,
1996,17, 0.288,296.06, 55.40, 65.32, 60.36,
1996,18, 0.302,295.31, 57.37, 60.54, 58.95,
1996,19, 0.311,294.42, 58.80, 55.58, 57.19,
1996,20, 0.323,294.02, 63.37, 42.10, 52.74,
1996,21, 0.332,293.87, 67.97, 31.03, 49.50,
1996,22, 0.331,293.01, 67.56, 28.64, 48.10,
1996,23, 0.325,291.91, 66.14, 29.42, 47.78,
1996,24, 0.319,291.20, 65.36, 27.58, 46.47,
1996,25, 0.311,290.24, 62.21, 28.94, 45.58,
1996,26, 0.291,288.24, 52.86, 37.61, 45.23,
1996,27, 0.272,286.55, 45.39, 43.58, 44.48,
1996,28, 0.261,285.65, 42.54, 44.30, 43.42,
1996,29, 0.257,285.00, 40.92, 45.95, 43.43,
1996,30, 0.254,284.15, 36.35, 52.67, 44.51,
1996,31, 0.250,283.37, 30.82, 61.83, 46.32,
1996,32, 0.269,284.63, 34.54, 59.27, 46.91,
1996,33, 0.301,286.93, 42.67, 49.67, 46.17,
1996,34, 0.329,288.95, 48.84, 42.57, 45.70,
1996,35, 0.347,289.93, 50.75, 42.96, 46.86,
1996,36, 0.357,290.65, 50.67, 44.31, 47.49,
1996,37, 0.367,291.78, 51.10, 38.99, 45.05,
1996,38, 0.376,292.52, 52.36, 35.57, 43.96,
1996,39, 0.380,292.65, 49.97, 42.31, 46.14,
1996,40, 0.394,293.41, 51.62, 41.66, 46.64,
1996,41, 0.403,294.26, 53.55, 37.58, 45.57,
1996,42, 0.403,294.36, 49.87, 44.71, 47.29,
1996,43, 0.398,293.96, 43.30, 59.62, 51.46,
1996,44, 0.392,293.64, 37.92, 69.56, 53.74,
1996,45, 0.393,293.92, 40.66, 68.10, 54.38,
1996,46, 0.394,294.20, 44.53, 67.23, 55.88,
1996,47, 0.391,294.25, 46.69, 70.50, 58.59,
1996,48, 0.391,294.49, 51.39, 70.69, 61.04,
1996,49, 0.387,294.69, 53.84, 70.24, 62.04,
1996,50, 0.383,294.96, 55.47, 75.10, 65.29,
1996,51, 0.379,295.43, 58.04, 73.24, 65.64,
1996,52, 0.375,296.00, 61.35, 70.78, 66.06,
1997, 1, 0.373,296.60, 65.09, 68.70, 66.90,
1997, 2, 0.371,297.34, 70.03, 61.66, 65.84,
1997, 3, 0.362,298.00, 71.19, 57.40, 64.30,
1997, 4, 0.351,298.56, 72.01, 56.22, 64.12,
1997, 5, 0.343,299.14, 74.80, 54.38, 64.59,
1997, 6, 0.334,299.72, 77.75, 52.00, 64.87,
1997, 7, 0.322,300.14, 78.71, 52.03, 65.37,
1997, 8, 0.308,300.45, 76.54, 54.68, 65.61,
1997, 9, 0.294,300.74, 72.64, 56.04, 64.34,
1997,10, 0.284,300.96, 70.29, 56.70, 63.49,
1997,11, 0.278,301.03, 70.37, 56.37, 63.37,
1997,12, 0.274,300.78, 69.34, 58.38, 63.86,
1997,13, 0.276,300.16, 68.75, 60.16, 64.46,
1997,14, 0.285,299.65, 70.41, 55.87, 63.14,
1997,15, 0.300,299.26, 73.79, 49.52, 61.65,
1997,16, 0.312,298.89, 74.48, 43.48, 58.98,
1997,17, 0.322,298.36, 74.21, 37.75, 55.98,
1997,18, 0.330,297.73, 73.36, 31.93, 52.64,
1997,19, 0.333,296.72, 71.20, 28.30, 49.75,
1997,20, 0.330,295.48, 67.12, 26.67, 46.89,
1997,21, 0.325,294.19, 63.65, 27.71, 45.68,
1997,22, 0.316,292.45, 57.87, 33.09, 45.48,
1997,23, 0.303,290.69, 52.48, 39.11, 45.80,
1997,24, 0.284,288.63, 45.29, 47.23, 46.26,
1997,25, 0.258,285.98, 33.82, 58.96, 46.39,
1997,26, 0.225,282.89, 20.54, 70.00, 45.27,
1997,27, 0.201,280.50, 13.15, 75.41, 44.28,
1997,28, 0.184,278.65,  9.37, 78.06, 43.71,
1997,29, 0.178,278.44,  8.73, 76.56, 42.65,
1997,30, 0.189,280.13, 10.58, 71.47, 41.03,
1997,31, 0.208,282.21, 13.93, 65.68, 39.81,
1997,32, 0.228,284.07, 17.75, 60.97, 39.36,
1997,33, 0.251,285.83, 22.33, 55.90, 39.12,
1997,34, 0.283,287.81, 28.61, 50.96, 39.78,
1997,35, 0.314,289.39, 35.61, 48.29, 41.95,
1997,36, 0.342,290.80, 43.10, 43.90, 43.50,
1997,37, 0.360,291.57, 47.64, 43.59, 45.62,
1997,38, 0.379,292.30, 54.31, 40.59, 47.45,
1997,39, 0.395,293.15, 58.47, 38.82, 48.64,
1997,40, 0.412,293.93, 62.53, 37.23, 49.88,
1997,41, 0.419,293.91, 63.44, 45.65, 54.55,
1997,42, 0.424,294.23, 63.02, 49.46, 56.24,
1997,43, 0.429,295.16, 64.53, 41.62, 53.08,
1997,44, 0.430,295.69, 64.54, 37.74, 51.14,
1997,45, 0.426,296.09, 63.53, 34.00, 48.76,
1997,46, 0.423,296.58, 64.69, 26.93, 45.81,
1997,47, 0.423,297.31, 68.56, 18.12, 43.34,
1997,48, 0.420,297.94, 70.62, 12.16, 41.39,
1997,49, 0.413,298.45, 70.65,  7.87, 39.26,
1997,50, 0.403,298.75, 69.28,  6.94, 38.11,
1997,51, 0.392,299.00, 66.53,  7.29, 36.91,
1997,52, 0.379,299.43, 64.09,  6.57, 35.33,
1998, 1, 0.367,299.95, 60.09,  5.31, 32.70,
1998, 2, 0.353,300.25, 57.29,  8.25, 32.77,
1998, 3, 0.337,300.47, 54.96, 13.18, 34.07,
1998, 4, 0.320,300.74, 51.91, 18.42, 35.16,
1998, 5, 0.303,301.08, 48.87, 22.22, 35.54,
1998, 6, 0.289,301.34, 48.11, 26.32, 37.21,
1998, 7, 0.279,301.76, 49.91, 27.49, 38.70,
1998, 8, 0.267,302.35, 49.52, 27.54, 38.53,
1998, 9, 0.256,302.77, 48.90, 28.06, 38.48,
1998,10, 0.249,302.92, 49.42, 29.85, 39.64,
1998,11, 0.248,302.89, 53.19, 30.79, 41.99,
1998,12, 0.250,302.52, 55.91, 34.33, 45.12,
1998,13, 0.253,302.07, 56.31, 33.97, 45.14,
1998,14, 0.261,301.64, 57.44, 29.28, 43.36,
1998,15, 0.272,301.15, 58.83, 25.20, 42.02,
1998,16, 0.283,300.62, 58.63, 21.93, 40.28,
1998,17, 0.292,299.91, 57.85, 18.65, 38.25,
1998,18, 0.297,298.52, 54.67, 22.36, 38.52,
1998,19, 0.300,296.67, 52.61, 29.03, 40.82,
1998,20, 0.304,295.06, 53.23, 31.24, 42.23,
1998,21, 0.303,293.55, 52.78, 33.60, 43.19,
1998,22, 0.300,291.86, 51.43, 38.01, 44.72,
1998,23, 0.296,290.16, 50.84, 43.42, 47.13,
1998,24, 0.288,288.32, 49.43, 49.75, 49.59,
1998,25, 0.278,286.43, 46.62, 55.24, 50.93,
1998,26, 0.278,285.43, 47.89, 54.69, 51.29,
1998,27, 0.288,285.40, 53.56, 49.89, 51.72,
1998,28, 0.303,286.11, 61.38, 41.56, 51.47,
1998,29, 0.323,287.11, 68.02, 34.44, 51.23,
1998,30, 0.341,288.15, 72.08, 29.47, 50.78,
1998,31, 0.359,288.98, 75.31, 27.37, 51.34,
1998,32, 0.374,289.41, 78.41, 27.52, 52.97,
1998,33, 0.390,290.12, 80.42, 26.38, 53.40,
1998,34, 0.399,290.67, 79.84, 28.76, 54.30,
1998,35, 0.405,291.47, 78.23, 29.47, 53.85,
1998,36, 0.407,292.05, 75.39, 30.50, 52.94,
1998,37, 0.410,292.65, 73.07, 29.34, 51.21,
1998,38, 0.413,293.10, 71.35, 27.39, 49.37,
1998,39, 0.421,293.93, 71.72, 24.79, 48.25,
1998,40, 0.424,294.48, 69.62, 24.82, 47.22,
1998,41, 0.422,294.92, 65.87, 26.05, 45.96,
1998,42, 0.420,295.39, 61.23, 28.04, 44.64,
1998,43, 0.414,295.62, 54.82, 31.77, 43.30,
1998,44, 0.405,295.79, 47.44, 33.54, 40.49,
1998,45, 0.397,296.01, 43.58, 32.64, 38.11,
1998,46, 0.386,296.02, 39.80, 34.18, 36.99,
1998,47, 0.375,295.87, 36.14, 40.78, 38.46,
1998,48, 0.362,295.79, 32.86, 46.39, 39.62,
1998,49, 0.352,295.94, 31.09, 47.01, 39.05,
1998,50, 0.346,296.23, 30.02, 49.64, 39.83,
1998,51, 0.344,296.44, 33.01, 51.75, 42.38,
1998,52, 0.339,296.64, 35.73, 55.91, 45.82,
1999, 1, 0.332,296.80, 32.72, 61.82, 47.27,
1999, 2, 0.323,297.11, 35.22, 63.76, 49.49,
1999, 3, 0.314,297.63, 37.47, 62.93, 50.20,
1999, 4, 0.302,298.16, 38.32, 62.38, 50.35,
1999, 5, 0.290,298.75, 39.16, 60.18, 49.67,
1999, 6, 0.281,299.46, 41.86, 54.82, 48.34,
1999, 7, 0.269,299.99, 43.59, 52.87, 48.23,
1999, 8, 0.257,300.42, 43.68, 53.75, 48.72,
1999, 9, 0.250,301.05, 45.71, 50.76, 48.23,
1999,10, 0.243,301.32, 46.08, 50.64, 48.36,
1999,11, 0.235,301.02, 46.17, 55.35, 50.76,
1999,12, 0.232,300.14, 46.78, 65.33, 56.06,
1999,13, 0.239,298.96, 49.19, 73.98, 61.59,
1999,14, 0.252,297.87, 53.25, 77.38, 65.31,
1999,15, 0.267,296.68, 56.89, 80.36, 68.63,
1999,16, 0.281,295.52, 58.25, 84.02, 71.13,
1999,17, 0.292,294.50, 58.61, 84.94, 71.77,
1999,18, 0.299,293.13, 56.84, 86.99, 71.92,
1999,19, 0.303,292.09, 55.80, 83.41, 69.61,
1999,20, 0.305,291.41, 55.85, 70.05, 62.95,
1999,21, 0.302,290.35, 53.87, 64.26, 59.06,
1999,22, 0.302,289.44, 53.73, 59.72, 56.73,
1999,23, 0.298,288.68, 53.24, 55.77, 54.51,
1999,24, 0.295,288.15, 53.68, 51.14, 52.41,
1999,25, 0.288,287.07, 51.31, 51.24, 51.27,
1999,26, 0.285,286.28, 50.86, 49.96, 50.41,
1999,27, 0.286,285.84, 52.40, 47.36, 49.88,
1999,28, 0.283,285.13, 52.47, 46.53, 49.50,
1999,29, 0.284,284.34, 52.10, 48.29, 50.19,
1999,30, 0.291,284.02, 51.95, 51.38, 51.67,
1999,31, 0.301,284.16, 52.15, 54.73, 53.44,
1999,32, 0.320,285.37, 56.49, 52.54, 54.52,
1999,33, 0.341,286.67, 60.31, 49.90, 55.10,
1999,34, 0.359,287.61, 62.16, 52.20, 57.18,
1999,35, 0.372,288.44, 62.32, 55.77, 59.04,
1999,36, 0.382,289.41, 62.54, 56.80, 59.67,
1999,37, 0.393,290.46, 63.75, 54.66, 59.21,
1999,38, 0.400,291.13, 63.88, 53.08, 58.48,
1999,39, 0.411,292.21, 65.29, 49.87, 57.58,
1999,40, 0.417,293.02, 64.75, 49.53, 57.14,
1999,41, 0.412,292.97, 59.23, 58.76, 59.00,
1999,42, 0.405,292.88, 52.08, 69.86, 60.97,
1999,43, 0.399,292.96, 45.67, 76.74, 61.21,
1999,44, 0.394,293.15, 41.27, 78.93, 60.10,
1999,45, 0.390,293.53, 39.77, 76.14, 57.96,
1999,46, 0.385,294.00, 39.17, 71.60, 55.39,
1999,47, 0.376,294.28, 37.03, 70.66, 53.84,
1999,48, 0.364,294.20, 34.87, 75.71, 55.29,
1999,49, 0.353,293.98, 32.54, 82.22, 57.38,
1999,50, 0.345,294.22, 30.01, 87.90, 58.95,
1999,51, 0.336,294.91, 29.02, 81.84, 55.43,
1999,52, 0.330,296.22, 31.76, 64.82, 48.29,
2000, 1, 0.325,297.45, 31.98, 49.87, 40.93,
2000, 2, 0.318,298.11, 34.80, 45.91, 40.35,
2000, 3, 0.307,298.70, 36.12, 44.05, 40.08,
2000, 4, 0.295,299.09, 37.02, 46.60, 41.81,
2000, 5, 0.282,299.27, 36.00, 51.48, 43.74,
2000, 6, 0.268,299.13, 35.24, 58.94, 47.09,
2000, 7, 0.256,299.17, 35.86, 63.92, 49.89,
2000, 8, 0.242,299.19, 33.97, 70.16, 52.06,
2000, 9, 0.233,299.03, 34.69, 77.57, 56.13,
2000,10, 0.228,298.82, 36.65, 83.53, 60.09,
2000,11, 0.230,298.82, 42.80, 84.36, 63.58,
2000,12, 0.237,298.86, 48.57, 82.44, 65.51,
2000,13, 0.244,298.36, 51.60, 81.59, 66.59,
2000,14, 0.257,297.23, 55.57, 83.94, 69.75,
2000,15, 0.276,295.89, 60.97, 88.19, 74.58,
2000,16, 0.296,294.84, 65.78, 89.84, 77.81,
2000,17, 0.314,293.95, 69.63, 88.94, 79.29,
2000,18, 0.326,293.11, 70.16, 84.81, 77.48,
2000,19, 0.336,292.55, 71.65, 76.70, 74.17,
2000,20, 0.340,292.04, 71.79, 62.91, 67.35,
2000,21, 0.329,291.00, 66.64, 58.03, 62.33,
2000,22, 0.315,289.84, 60.23, 56.15, 58.19,
2000,23, 0.308,289.50, 57.80, 49.37, 53.59,
2000,24, 0.303,289.32, 57.39, 42.76, 50.08,
2000,25, 0.301,289.15, 56.65, 37.60, 47.12,
2000,26, 0.296,288.96, 54.43, 34.48, 44.45,
2000,27, 0.291,288.85, 52.41, 31.66, 42.04,
2000,28, 0.288,288.70, 52.59, 28.59, 40.59,
2000,29, 0.283,288.08, 50.42, 29.83, 40.13,
2000,30, 0.286,288.04, 48.96, 30.63, 39.79,
2000,31, 0.297,288.49, 49.76, 30.52, 40.14,
2000,32, 0.308,288.78, 50.93, 31.63, 41.28,
2000,33, 0.311,288.61, 47.61, 37.14, 42.37,
2000,34, 0.309,288.24, 40.95, 46.82, 43.89,
2000,35, 0.308,288.15, 35.19, 56.45, 45.82,
2000,36, 0.318,289.11, 35.00, 57.78, 46.39,
2000,37, 0.334,290.04, 37.54, 56.86, 47.20,
2000,38, 0.349,290.90, 41.58, 53.26, 47.42,
2000,39, 0.364,291.75, 43.89, 53.52, 48.70,
2000,40, 0.377,292.42, 44.81, 56.04, 50.42,
2000,41, 0.388,292.93, 46.69, 58.67, 52.68,
2000,42, 0.392,293.41, 45.69, 61.58, 53.64,
2000,43, 0.395,294.43, 44.81, 53.29, 49.05,
2000,44, 0.396,295.51, 45.41, 39.74, 42.58,
2000,45, 0.394,296.20, 45.98, 32.10, 39.04,
2000,46, 0.387,296.85, 45.31, 24.96, 35.14,
2000,47, 0.379,297.60, 44.72, 19.93, 32.33,
2000,48, 0.370,297.97, 43.58, 18.47, 31.03,
2000,49, 0.367,298.52, 45.41, 15.18, 30.30,
2000,50, 0.363,298.99, 45.47, 12.76, 29.11,
2000,51, 0.355,299.09, 43.40, 13.20, 28.30,
2000,52, 0.348,299.04, 43.99, 16.49, 30.24,
2001, 1, 0.343,298.95, 43.16, 23.88, 33.52,
2001, 2, 0.336,299.04, 45.82, 29.99, 37.91,
2001, 3, 0.327,299.25, 47.05, 34.86, 40.96,
2001, 4, 0.316,299.50, 48.73, 39.64, 44.18,
2001, 5, 0.309,299.83, 52.39, 42.13, 47.26,
2001, 6, 0.296,300.08, 52.11, 45.50, 48.80,
2001, 7, 0.282,300.24, 52.65, 49.40, 51.03,
2001, 8, 0.269,300.32, 51.56, 55.06, 53.31,
2001, 9, 0.260,300.15, 52.16, 62.92, 57.54,
2001,10, 0.258,299.91, 55.00, 69.68, 62.34,
2001,11, 0.261,299.59, 61.10, 74.15, 67.62,
2001,12, 0.271,299.42, 67.53, 75.36, 71.44,
2001,13, 0.281,299.28, 71.07, 70.99, 71.03,
2001,14, 0.287,299.26, 71.07, 60.34, 65.70,
2001,15, 0.292,298.96, 69.17, 52.50, 60.83,
2001,16, 0.295,297.97, 64.55, 54.76, 59.65,
2001,17, 0.298,296.68, 60.66, 58.68, 59.67,
2001,18, 0.300,295.21, 56.07, 62.18, 59.13,
2001,19, 0.295,293.27, 50.34, 68.16, 59.25,
2001,20, 0.287,291.02, 45.56, 73.00, 59.28,
2001,21, 0.284,289.49, 44.28, 70.68, 57.48,
2001,22, 0.282,288.79, 43.40, 64.07, 53.74,
2001,23, 0.277,287.82, 42.02, 61.63, 51.82,
2001,24, 0.272,286.91, 41.19, 59.73, 50.46,
2001,25, 0.265,285.96, 38.96, 58.87, 48.91,
2001,26, 0.256,285.30, 35.33, 56.26, 45.80,
2001,27, 0.250,284.94, 33.68, 52.88, 43.28,
2001,28, 0.244,284.03, 32.80, 52.74, 42.77,
2001,29, 0.242,283.51, 32.70, 52.90, 42.80,
2001,30, 0.258,284.94, 36.26, 46.50, 41.38,
2001,31, 0.276,286.10, 39.27, 44.09, 41.68,
2001,32, 0.286,286.45, 39.72, 46.82, 43.27,
2001,33, 0.292,286.12, 37.91, 54.35, 46.13,
2001,34, 0.304,286.70, 36.69, 58.91, 47.80,
2001,35, 0.326,288.57, 40.58, 54.70, 47.64,
2001,36, 0.343,289.79, 43.27, 52.68, 47.97,
2001,37, 0.362,291.00, 48.09, 48.43, 48.26,
2001,38, 0.379,291.94, 54.16, 43.03, 48.59,
2001,39, 0.392,292.85, 56.75, 40.85, 48.80,
2001,40, 0.402,293.74, 57.19, 38.34, 47.76,
2001,41, 0.399,293.44, 52.22, 50.24, 51.23,
2001,42, 0.397,293.49, 46.92, 59.51, 53.21,
2001,43, 0.401,294.27, 47.20, 55.50, 51.35,
2001,44, 0.404,294.72, 48.69, 52.07, 50.38,
2001,45, 0.406,294.99, 51.15, 50.89, 51.02,
2001,46, 0.406,295.30, 54.54, 47.80, 51.17,
2001,47, 0.401,295.39, 55.21, 50.60, 52.91,
2001,48, 0.394,295.51, 55.29, 53.10, 54.20,
2001,49, 0.383,295.39, 52.94, 59.00, 55.97,
2001,50, 0.373,295.37, 49.84, 67.72, 58.78,
2001,51, 0.364,295.65, 48.47, 68.64, 58.56,
2001,52, 0.355,295.99, 47.86, 70.21, 59.03,
2002, 1, 0.347,296.48, 44.60, 70.58, 57.59,
2002, 2, 0.336,297.14, 45.24, 65.75, 55.50,
2002, 3, 0.325,297.86, 46.06, 60.64, 53.35,
2002, 4, 0.315,298.50, 48.46, 57.64, 53.05,
2002, 5, 0.308,299.20, 52.72, 52.89, 52.81,
2002, 6, 0.301,299.91, 56.80, 47.53, 52.16,
2002, 7, 0.291,300.53, 58.87, 44.74, 51.80,
2002, 8, 0.280,300.75, 58.65, 48.79, 53.72,
2002, 9, 0.272,300.96, 59.18, 52.00, 55.59,
2002,10, 0.265,301.21, 59.60, 52.85, 56.22,
2002,11, 0.259,301.15, 60.01, 54.48, 57.24,
2002,12, 0.255,301.11, 59.51, 53.67, 56.59,
2002,13, 0.254,300.82, 57.51, 51.00, 54.25,
2002,14, 0.262,300.76, 57.85, 40.52, 49.18,
2002,15, 0.271,300.40, 57.81, 33.64, 45.73,
2002,16, 0.277,299.16, 55.13, 39.21, 47.17,
2002,17, 0.279,297.60, 50.58, 46.83, 48.71,
2002,18, 0.288,296.77, 49.59, 43.37, 46.48,
2002,19, 0.294,295.74, 49.28, 39.76, 44.52,
2002,20, 0.288,293.79, 45.08, 43.52, 44.30,
2002,21, 0.277,291.61, 39.49, 50.42, 44.96,
2002,22, 0.269,289.76, 35.35, 54.64, 45.00,
2002,23, 0.262,287.95, 32.83, 59.51, 46.17,
2002,24, 0.250,286.20, 29.16, 64.19, 46.67,
2002,25, 0.228,284.03, 21.06, 71.36, 46.21,
2002,26, 0.217,282.62, 17.87, 72.52, 45.20,
2002,27, 0.218,282.31, 20.50, 68.24, 44.37,
2002,28, 0.220,282.02, 23.85, 64.59, 44.22,
2002,29, 0.218,281.32, 23.51, 66.22, 44.87,
2002,30, 0.225,281.48, 23.33, 68.36, 45.85,
2002,31, 0.245,282.75, 26.97, 65.69, 46.33,
2002,32, 0.269,284.27, 32.31, 60.79, 46.55,
2002,33, 0.288,285.18, 35.58, 59.35, 47.47,
2002,34, 0.306,286.46, 37.63, 58.76, 48.19,
2002,35, 0.326,287.97, 40.69, 57.64, 49.16,
2002,36, 0.342,289.14, 43.15, 56.55, 49.85,
2002,37, 0.360,290.52, 47.56, 50.62, 49.09,
2002,38, 0.375,291.40, 53.07, 45.94, 49.50,
2002,39, 0.393,292.35, 57.99, 43.98, 50.98,
2002,40, 0.409,293.38, 61.44, 41.38, 51.41,
2002,41, 0.418,293.96, 63.31, 42.15, 52.73,
2002,42, 0.420,294.15, 61.25, 48.29, 54.77,
2002,43, 0.420,294.41, 59.24, 52.20, 55.72,
2002,44, 0.419,294.65, 57.60, 53.75, 55.67,
2002,45, 0.417,294.90, 57.80, 52.96, 55.38,
2002,46, 0.413,295.13, 58.61, 52.03, 55.32,
2002,47, 0.410,295.43, 60.31, 51.11, 55.71,
2002,48, 0.404,295.62, 60.54, 52.34, 56.44,
2002,49, 0.395,295.60, 59.73, 56.49, 58.11,
2002,50, 0.389,295.61, 60.09, 64.98, 62.54,
2002,51, 0.385,295.74, 62.58, 68.94, 65.76,
2002,52, 0.381,295.96, 64.99, 72.36, 68.68,
2003, 1, 0.377,296.40, 66.10, 71.87, 68.99,
2003, 2, 0.373,296.99, 69.70, 68.20, 68.95,
2003, 3, 0.367,297.63, 72.72, 64.10, 68.41,
2003, 4, 0.359,298.20, 75.19, 62.33, 68.76,
2003, 5, 0.351,298.86, 78.11, 58.56, 68.33,
2003, 6, 0.341,299.31, 79.62, 57.36, 68.49,
2003, 7, 0.330,299.66, 81.27, 57.94, 69.60,
2003, 8, 0.319,300.01, 81.27, 60.00, 70.63,
2003, 9, 0.310,300.01, 80.55, 65.77, 73.16,
2003,10, 0.304,299.94, 79.97, 70.47, 75.22,
2003,11, 0.300,299.93, 80.46, 70.84, 75.65,
2003,12, 0.297,299.94, 79.55, 69.25, 74.40,
2003,13, 0.293,299.84, 76.78, 64.07, 70.42,
2003,14, 0.294,299.66, 74.24, 55.01, 64.62,
2003,15, 0.300,299.73, 73.30, 42.27, 57.78,
2003,16, 0.306,299.42, 70.63, 36.10, 53.36,
2003,17, 0.311,298.83, 68.32, 31.60, 49.96,
2003,18, 0.317,297.92, 65.50, 29.75, 47.63,
2003,19, 0.318,296.69, 62.59, 29.23, 45.91,
2003,20, 0.321,295.63, 61.80, 26.00, 43.90,
2003,21, 0.320,294.50, 60.58, 25.64, 43.11,
2003,22, 0.316,293.08, 57.99, 28.20, 43.09,
2003,23, 0.313,291.69, 57.34, 31.70, 44.52,
2003,24, 0.314,290.91, 59.84, 30.42, 45.13,
2003,25, 0.320,290.83, 63.58, 25.14, 44.36,
2003,26, 0.325,290.40, 65.74, 24.44, 45.09,
2003,27, 0.330,289.96, 68.47, 24.13, 46.30,
2003,28, 0.337,289.85, 72.36, 21.00, 46.68,
2003,29, 0.343,289.70, 73.57, 19.94, 46.76,
2003,30, 0.342,289.21, 70.51, 23.21, 46.86,
2003,31, 0.342,289.06, 67.35, 26.44, 46.90,
2003,32, 0.339,288.78, 63.31, 31.36, 47.33,
2003,33, 0.343,288.76, 59.91, 35.70, 47.80,
2003,34, 0.345,288.59, 55.16, 44.08, 49.62,
2003,35, 0.348,288.50, 50.89, 53.45, 52.17,
2003,36, 0.355,288.82, 49.70, 59.56, 54.63,
2003,37, 0.372,290.17, 53.48, 55.30, 54.39,
2003,38, 0.388,291.75, 59.03, 43.55, 51.29,
2003,39, 0.401,292.88, 61.39, 39.81, 50.60,
2003,40, 0.410,293.76, 61.25, 37.47, 49.36,
2003,41, 0.415,294.84, 61.04, 30.49, 45.76,
2003,42, 0.415,295.51, 57.17, 28.53, 42.85,
2003,43, 0.412,296.00, 52.92, 27.21, 40.06,
2003,44, 0.412,296.70, 51.69, 20.05, 35.87,
2003,45, 0.408,297.11, 49.86, 15.76, 32.81,
2003,46, 0.402,297.32, 49.36, 13.17, 31.26,
2003,47, 0.397,297.33, 50.18, 16.97, 33.57,
2003,48, 0.389,297.21, 50.10, 23.77, 36.93,
2003,49, 0.381,297.20, 49.50, 28.45, 38.98,
2003,50, 0.373,297.35, 47.95, 32.38, 40.17,
2003,51, 0.372,297.66, 51.83, 32.20, 42.02,
2003,52, 0.376,298.09, 60.14, 31.71, 45.93,
2004, 1, 0.376,298.70, 64.05, 28.70, 46.37,
2004, 2,-1.000, -1.00, -1.00, -1.00, -1.00,
2004, 3,-1.000, -1.00, -1.00, -1.00, -1.00,
2004, 4,-1.000, -1.00, -1.00, -1.00, -1.00,
2004, 5, 0.343,299.53, 70.97, 47.33, 59.15,
2004, 6, 0.324,299.69, 67.88, 51.00, 59.44,
2004, 7, 0.311,300.02, 68.75, 52.15, 60.45,
2004, 8, 0.304,300.48, 71.02, 52.71, 61.86,
2004, 9, 0.301,301.05, 73.26, 51.12, 62.19,
2004,10, 0.301,301.11, 75.36, 54.66, 65.01,
2004,11,-1.000, -1.00, -1.00, -1.00, -1.00,
2004,12,-1.000, -1.00, -1.00, -1.00, -1.00,
2004,13,-1.000, -1.00, -1.00, -1.00, -1.00,
2004,14,-1.000, -1.00, -1.00, -1.00, -1.00,
2004,15,-1.000, -1.00, -1.00, -1.00, -1.00,
2004,16,-1.000, -1.00, -1.00, -1.00, -1.00,
2004,17,-1.000, -1.00, -1.00, -1.00, -1.00,
2004,18,-1.000, -1.00, -1.00, -1.00, -1.00,
2004,19,-1.000, -1.00, -1.00, -1.00, -1.00,
2004,20,-1.000, -1.00, -1.00, -1.00, -1.00,
2004,21,-1.000, -1.00, -1.00, -1.00, -1.00,
2004,22,-1.000, -1.00, -1.00, -1.00, -1.00,
2004,23,-1.000, -1.00, -1.00, -1.00, -1.00,
2004,24,-1.000, -1.00, -1.00, -1.00, -1.00,
2004,25, 0.251,283.34, 33.13, 69.46, 51.29,
2004,26, 0.249,282.95, 33.82, 65.72, 49.77,
2004,27, 0.237,281.09, 30.06, 68.52, 49.29,
2004,28, 0.232,279.73, 29.83, 70.03, 49.93,
2004,29,-1.000, -1.00, -1.00, -1.00, -1.00,
2004,30, 0.236,279.29, 28.86, 73.23, 51.04,
2004,31, 0.254,281.47, 32.02, 69.11, 50.56,
2004,32, 0.273,283.53, 36.16, 64.28, 50.22,
2004,33, 0.286,284.85, 36.88, 61.37, 49.12,
2004,34, 0.288,285.29, 31.67, 67.28, 49.48,
2004,35, 0.290,285.80, 26.54, 73.68, 50.11,
2004,36, 0.307,287.59, 28.00, 69.59, 48.80,
2004,37, 0.319,288.60, 28.53, 70.52, 49.53,
2004,38, 0.335,290.62, 33.59, 56.92, 45.26,
2004,39, 0.345,292.64, 33.98, 44.57, 39.28,
2004,40, 0.350,293.96, 30.25, 37.72, 33.99,
2004,41, 0.346,294.60, 23.35, 36.40, 29.88,
2004,42, 0.346,295.34, 19.65, 33.40, 26.53,
2004,43, 0.350,296.08, 18.88, 28.39, 23.63,
2004,44, 0.359,296.70, 21.64, 22.15, 21.90,
2004,45, 0.368,297.26, 26.81, 15.83, 21.32,
2004,46, 0.368,297.32, 28.69, 15.68, 22.19,
2004,47, 0.361,297.23, 27.85, 21.08, 24.46,
2004,48, 0.354,297.21, 28.01, 26.35, 27.18,
2004,49, 0.350,297.40, 30.25, 27.11, 28.68,
2004,50, 0.345,297.65, 29.62, 28.30, 28.96,
2004,51, 0.337,297.78, 29.31, 31.21, 30.26,
2004,52, 0.329,297.99, 29.43, 34.45, 31.94,
2005, 1, 0.317,298.23, 24.39, 38.71, 31.55,
2005, 2, 0.303,298.46, 24.11, 41.94, 33.03,
2005, 3, 0.290,298.95, 24.46, 40.93, 32.70,
2005, 4, 0.277,299.53, 25.14, 39.75, 32.45,
2005, 5, 0.264,300.18, 25.21, 37.00, 31.10,
2005, 6, 0.250,300.64, 24.51, 36.63, 30.57,
2005, 7, 0.239,300.93, 25.36, 39.13, 32.24,
2005, 8, 0.228,301.16, 26.04, 43.74, 34.89,
2005, 9, 0.222,301.33, 28.17, 47.33, 37.75,
2005,10, 0.221,301.58, 32.81, 47.78, 40.29,
2005,11, 0.223,301.73, 39.09, 46.31, 42.70,
2005,12, 0.230,301.67, 44.92, 45.93, 45.43,
2005,13, 0.238,301.48, 48.35, 42.21, 45.28,
2005,14, 0.245,301.13, 48.20, 36.20, 42.20,
2005,15, 0.248,300.50, 45.41, 33.70, 39.56,
2005,16, 0.253,299.77, 41.65, 32.65, 37.15,
2005,17, 0.257,298.74, 38.96, 32.88, 35.92,
2005,18, 0.265,297.52, 37.71, 33.78, 35.75,
2005,19, 0.268,295.51, 36.18, 42.04, 39.11,
2005,20, 0.269,293.54, 35.08, 46.17, 40.62,
2005,21, 0.262,291.42, 31.96, 52.41, 42.19,
2005,22, 0.248,288.84, 25.67, 61.72, 43.70,
2005,23, 0.239,286.70, 22.49, 67.20, 44.85,
2005,24, 0.235,285.18, 22.69, 68.95, 45.82,
2005,25, 0.240,284.91, 26.40, 64.03, 45.22,
2005,26, 0.254,285.84, 34.06, 52.40, 43.23,
2005,27, 0.278,287.90, 46.69, 36.68, 41.69,
2005,28, 0.295,289.21, 54.96, 25.84, 40.40,
2005,29, 0.297,288.30, 54.55, 29.11, 41.83,
2005,30, 0.287,288.74, 47.81, 26.97, 37.39,
2005,31, 0.276,287.81, 39.51, 34.51, 37.01,
2005,32, 0.270,286.78, 33.59, 44.15, 38.87,
2005,33, 0.280,287.17, 33.31, 45.55, 39.43,
2005,34, 0.301,288.40, 35.71, 44.73, 40.22,
2005,35, 0.324,289.99, 39.82, 41.70, 40.76,
2005,36, 0.348,291.38, 46.33, 37.28, 41.80,
2005,37, 0.369,292.40, 52.42, 33.36, 42.89,
2005,38, 0.384,293.04, 57.14, 30.73, 43.93,
2005,39, 0.396,293.79, 58.59, 29.54, 44.06,
2005,40, 0.404,294.94, 57.95, 22.99, 40.47,
2005,41, 0.406,295.66, 55.43, 19.20, 37.31,
2005,42, 0.401,295.81, 48.48, 24.15, 36.31,
2005,43, 0.395,295.73, 42.19, 32.13, 37.16,
2005,44, 0.390,295.69, 38.72, 37.02, 37.87,
2005,45, 0.386,295.66, 38.27, 40.09, 39.18,
2005,46, 0.388,295.83, 41.98, 38.89, 40.43,
2005,47, 0.388,295.96, 46.06, 40.32, 43.19,
2005,48, 0.386,296.16, 49.41, 40.93, 45.17,
2005,49, 0.383,296.34, 52.09, 41.27, 46.68,
2005,50, 0.381,296.55, 55.23, 44.27, 49.75,
2005,51, 0.381,296.97, 60.21, 42.48, 51.35,
2005,52, 0.381,297.53, 65.18, 39.69, 52.44,
2006, 1, 0.380,298.20, 70.37, 35.57, 52.97,
2006, 2, 0.377,298.83, 74.60, 32.67, 53.63,
2006, 3, 0.369,299.29, 76.39, 33.35, 54.87,
2006, 4, 0.358,299.55, 76.72, 39.01, 57.86,
2006, 5, 0.343,299.63, 75.48, 46.32, 60.90,
2006, 6, 0.328,299.67, 73.45, 52.64, 63.05,
2006, 7, 0.313,299.82, 72.85, 56.59, 64.72,
2006, 8, 0.298,299.99, 69.86, 60.86, 65.36,
2006, 9, 0.284,300.17, 66.67, 63.94, 65.31,
2006,10, 0.274,300.11, 64.76, 68.18, 66.47,
2006,11, 0.267,299.92, 64.83, 70.60, 67.71,
2006,12, 0.267,299.64, 65.46, 71.98, 68.72,
2006,13, 0.269,299.07, 64.97, 71.87, 68.42,
2006,14, 0.275,298.24, 65.00, 71.37, 68.19,
2006,15, 0.285,297.36, 65.94, 71.23, 68.58,
2006,16, 0.298,296.87, 67.51, 67.19, 67.35,
2006,17, 0.309,296.15, 68.16, 63.85, 66.00,
2006,18, 0.313,294.93, 64.76, 64.30, 64.53,
2006,19, 0.310,293.43, 59.20, 66.68, 62.94,
2006,20, 0.299,291.61, 51.66, 67.34, 59.50,
2006,21, 0.289,289.89, 45.49, 67.75, 56.62,
2006,22, 0.281,288.48, 41.48, 67.05, 54.26,
2006,23, 0.279,287.55, 41.24, 64.41, 52.82,
2006,24, 0.277,286.84, 42.12, 61.27, 51.69,
2006,25, 0.274,286.38, 41.95, 57.39, 49.67,
2006,26, 0.268,285.96, 40.17, 53.48, 46.82,
2006,27, 0.261,285.59, 39.16, 50.24, 44.70,
2006,28, 0.260,285.74, 41.07, 43.99, 42.53,
2006,29, 0.267,286.58, 44.16, 37.02, 40.59,
2006,30, 0.275,287.27, 44.41, 34.36, 39.38,
2006,31, 0.282,287.83, 43.59, 34.12, 38.85,
2006,32, 0.292,288.47, 44.36, 33.44, 38.90,
2006,33, 0.302,289.09, 43.87, 34.00, 38.93,
2006,34, 0.315,290.13, 43.30, 33.88, 38.59,
2006,35, 0.333,291.53, 45.29, 29.91, 37.60,
2006,36, 0.348,292.65, 46.87, 25.60, 36.23,
2006,37, 0.357,293.34, 47.08, 23.54, 35.31,
2006,38, 0.361,293.82, 46.21, 22.89, 34.55,
2006,39, 0.364,294.36, 43.45, 23.57, 33.51,
2006,40, 0.370,295.05, 40.64, 21.66, 31.15,
2006,41, 0.382,296.08, 42.11, 12.86, 27.48,
2006,42, 0.393,296.96, 44.30,  5.80, 25.05,
2006,43, 0.398,297.45, 44.08,  3.72, 23.90,
2006,44, 0.397,297.67, 41.58,  3.65, 22.62,
2006,45, 0.394,297.75, 40.87,  4.24, 22.55,
2006,46, 0.387,297.75, 39.11,  4.81, 21.96,
2006,47, 0.381,297.81, 39.20,  8.16, 23.68,
2006,48, 0.377,297.89, 41.64, 11.53, 26.59,
2006,49, 0.371,297.79, 43.29, 17.67, 30.48,
2006,50, 0.365,297.65, 42.62, 26.26, 34.44,
2006,51, 0.359,297.72, 43.85, 30.75, 37.30,
2006,52, 0.353,297.93, 45.61, 34.49, 40.05,
2007, 1, 0.347,298.21, 44.45, 37.62, 41.03,
2007, 2, 0.339,298.47, 46.85, 40.81, 43.83,
2007, 3, 0.329,298.79, 48.31, 43.25, 45.78,
2007, 4, 0.318,299.46, 49.69, 40.40, 45.04,
2007, 5, 0.307,300.11, 50.43, 37.67, 44.05,
2007, 6, 0.294,300.68, 50.51, 35.90, 43.21,
2007, 7, 0.281,301.09, 50.93, 36.79, 43.86,
2007, 8, 0.267,301.11, 49.36, 44.63, 47.00,
2007, 9, 0.256,301.11, 48.53, 50.85, 49.69,
2007,10, 0.246,301.03, 47.12, 55.40, 51.26,
2007,11, 0.239,300.54, 47.09, 62.02, 54.55,
2007,12, 0.238,300.33, 48.80, 63.15, 55.97,
2007,13, 0.240,300.21, 49.17, 58.71, 53.94,
2007,14, 0.245,299.77, 48.34, 54.38, 51.36,
2007,15, 0.252,299.01, 47.64, 52.49, 50.06,
2007,16, 0.260,298.08, 45.10, 53.65, 49.37,
2007,17, 0.273,297.47, 46.45, 48.95, 47.70,
2007,18, 0.284,296.78, 47.66, 42.95, 45.30,
2007,19, 0.293,295.80, 48.78, 38.58, 43.68,
2007,20, 0.296,294.66, 48.86, 35.29, 42.07,
2007,21, 0.305,294.15, 53.55, 28.34, 40.95,
2007,22, 0.309,293.29, 55.94, 25.84, 40.89,
2007,23, 0.314,292.78, 60.00, 21.95, 40.98,
2007,24, 0.315,291.84, 61.83, 22.57, 42.20,
2007,25, 0.310,290.71, 60.34, 25.93, 43.13,
2007,26, 0.304,290.04, 57.76, 27.11, 42.43,
2007,27, 0.301,289.70, 56.74, 26.43, 41.58,
2007,28, 0.299,289.06, 57.14, 26.31, 41.72,
2007,29, 0.299,288.53, 56.55, 27.12, 41.84,
2007,30, 0.296,288.07, 52.30, 30.30, 41.30,
2007,31, 0.297,288.17, 49.07, 32.39, 40.73,
2007,32, 0.303,288.42, 47.90, 34.03, 40.96,
2007,33, 0.300,287.85, 42.04, 42.65, 42.35,
2007,34, 0.304,288.17, 37.58, 48.44, 43.01,
2007,35, 0.315,289.07, 36.29, 50.81, 43.55,
2007,36, 0.332,289.98, 38.87, 51.25, 45.06,
2007,37, 0.348,290.77, 41.88, 50.26, 46.07,
2007,38, 0.353,290.87, 41.98, 52.38, 47.18,
2007,39, 0.366,291.97, 43.95, 48.50, 46.22,
2007,40, 0.379,293.38, 45.10, 40.87, 42.98,
2007,41, 0.386,294.17, 44.55, 37.69, 41.12,
2007,42, 0.389,294.70, 42.18, 38.22, 40.20,
2007,43, 0.392,295.32, 40.86, 35.74, 38.30,
2007,44, 0.399,296.21, 43.93, 25.24, 34.58,
2007,45, 0.400,296.80, 46.07, 18.27, 32.17,
2007,46, 0.390,296.31, 42.89, 29.14, 36.02,
2007,47, 0.384,296.64, 42.67, 28.20, 35.44,
2007,48, 0.381,297.43, 45.38, 18.98, 32.18,
2007,49, 0.377,297.68, 47.25, 19.15, 33.20,
2007,50, 0.369,297.62, 45.80, 26.13, 35.97,
2007,51, 0.367,297.69, 49.04, 30.77, 39.91,
2007,52, 0.365,297.90, 54.06, 34.39, 44.23,
2008, 1, 0.359,297.94, 53.94, 42.67, 48.30,
2008, 2, 0.358,298.16, 60.55, 46.69, 53.62,
2008, 3, 0.350,298.11, 63.02, 55.90, 59.46,
2008, 4, 0.338,297.97, 63.55, 66.80, 65.18,
2008, 5, 0.325,297.79, 63.14, 76.19, 69.67,
2008, 6, 0.314,297.72, 64.59, 81.77, 73.18,
2008, 7, 0.309,297.97, 70.16, 82.74, 76.45,
2008, 8, 0.308,298.79, 76.47, 76.94, 76.71,
2008, 9, 0.306,299.53, 79.69, 72.28, 75.99,
2008,10, 0.304,299.87, 81.20, 71.89, 76.55,
2008,11, 0.296,299.52, 80.00, 77.45, 78.72,
2008,12, 0.295,299.14, 80.21, 81.04, 80.62,
2008,13, 0.297,298.57, 79.61, 81.27, 80.44,
2008,14, 0.299,297.72, 78.15, 81.06, 79.61,
2008,15, 0.305,296.74, 76.88, 80.90, 78.89,
2008,16, 0.306,295.68, 71.77, 82.88, 77.32,
2008,17, 0.303,294.46, 63.95, 85.95, 74.95,
2008,18, 0.297,293.35, 55.15, 84.59, 69.87,
2008,19, 0.290,292.23, 47.58, 81.30, 64.44,
2008,20, 0.281,290.85, 41.30, 75.09, 58.20,
2008,21, 0.273,289.84, 37.00, 68.07, 52.54,
2008,22, 0.262,288.88, 31.29, 63.85, 47.57,
2008,23, 0.255,288.23, 28.79, 58.93, 43.86,
2008,24, 0.251,287.64, 29.27, 54.42, 41.85,
2008,25, 0.243,286.61, 27.71, 54.14, 40.92,
2008,26, 0.240,286.13, 28.14, 50.93, 39.54,
2008,27, 0.239,285.65, 29.74, 48.75, 39.25,
2008,28, 0.239,285.04, 32.36, 47.13, 39.75,
2008,29, 0.239,284.53, 33.32, 47.47, 40.40,
2008,30, 0.241,284.24, 31.21, 50.92, 41.07,
2008,31, 0.253,284.77, 31.50, 52.98, 42.24,
2008,32, 0.271,285.83, 35.11, 51.71, 43.41,
2008,33, 0.286,286.45, 36.96, 52.97, 44.96,
2008,34, 0.306,287.65, 38.69, 52.92, 45.81,
2008,35, 0.324,288.67, 40.09, 54.76, 47.42,
2008,36, 0.340,289.74, 42.54, 53.45, 48.00,
2008,37, 0.352,290.48, 43.99, 52.51, 48.25,
2008,38, 0.357,290.59, 44.17, 54.16, 49.16,
2008,39, 0.365,291.40, 43.88, 52.99, 48.44,
2008,40, 0.366,292.00, 38.58, 56.33, 47.46,
2008,41, 0.367,292.41, 34.28, 61.49, 47.89,
2008,42, 0.371,292.95, 31.62, 64.76, 48.19,
2008,43, 0.376,293.56, 31.35, 64.28, 47.81,
2008,44, 0.381,294.10, 32.51, 60.80, 46.66,
2008,45, 0.386,294.47, 36.55, 57.91, 47.23,
2008,46, 0.390,294.83, 43.15, 54.46, 48.81,
2008,47, 0.392,295.31, 48.82, 50.41, 49.61,
2008,48, 0.386,295.59, 49.12, 49.65, 49.39,
2008,49, 0.377,295.82, 48.12, 49.58, 48.85,
2008,50, 0.371,296.05, 47.79, 54.43, 51.11,
2008,51, 0.367,296.39, 50.34, 54.37, 52.35,
2008,52, 0.365,296.89, 54.71, 53.04, 53.87,
2009, 1, 0.357,297.20, 53.18, 56.42, 54.80,
2009, 2, 0.353,297.68, 57.63, 55.51, 56.57,
2009, 3, 0.348,298.38, 61.99, 50.97, 56.48,
2009, 4, 0.336,299.14, 62.51, 46.42, 54.46,
2009, 5, 0.323,299.88, 62.36, 41.83, 52.09,
2009, 6, 0.312,300.58, 63.26, 37.79, 50.53,
2009, 7, 0.300,301.11, 64.21, 36.84, 50.52,
2009, 8, 0.288,301.46, 63.37, 39.99, 51.68,
2009, 9, 0.279,301.63, 62.70, 43.72, 53.21,
2009,10, 0.273,301.53, 63.12, 48.29, 55.71,
2009,11, 0.270,301.21, 65.50, 52.51, 59.01,
2009,12, 0.272,300.92, 67.71, 54.73, 61.22,
2009,13, 0.276,300.50, 68.58, 53.75, 61.17,
2009,14, 0.281,299.93, 68.11, 50.45, 59.28,
2009,15, 0.284,299.29, 64.96, 47.54, 56.25,
2009,16, 0.286,298.66, 59.88, 45.29, 52.58,
2009,17, 0.291,298.07, 57.14, 40.41, 48.77,
2009,18, 0.298,297.29, 55.45, 36.23, 45.84,
2009,19, 0.301,295.92, 52.96, 37.30, 45.13,
2009,20, 0.300,294.65, 51.15, 35.37, 43.26,
2009,21, 0.300,293.82, 51.08, 30.99, 41.04,
2009,22, 0.297,292.61, 49.82, 31.50, 40.66,
2009,23, 0.287,291.22, 45.92, 34.66, 40.29,
2009,24, 0.275,289.66, 42.07, 39.29, 40.68,
2009,25, 0.269,288.70, 40.82, 39.94, 40.38,
2009,26, 0.271,288.52, 42.71, 36.25, 39.48,
2009,27, 0.275,288.38, 45.50, 33.23, 39.36,
2009,28, 0.276,288.15, 47.30, 31.04, 39.17,
2009,29, 0.280,288.22, 48.31, 29.27, 38.79,
2009,30, 0.290,288.59, 49.03, 28.15, 38.59,
2009,31, 0.304,289.29, 51.29, 26.07, 38.68,
2009,32, 0.322,289.68, 55.26, 25.91, 40.59,
2009,33, 0.345,290.87, 60.61, 21.04, 40.83,
2009,34, 0.370,292.71, 65.95, 12.84, 39.39,
2009,35, 0.384,293.67, 67.64, 10.10, 38.87,
2009,36, 0.393,294.35, 68.19,  8.39, 38.29,
2009,37, 0.394,294.72, 65.20,  8.39, 36.79,
2009,38, 0.391,295.11, 60.71,  8.07, 34.39,
2009,39, 0.388,295.79, 54.83,  6.85, 30.84,
2009,40, 0.386,296.06, 48.01,  8.84, 28.43,
2009,41, 0.387,296.22, 43.94, 10.72, 27.33,
2009,42, 0.390,296.47, 41.23, 12.84, 27.03,
2009,43, 0.398,296.76, 42.76, 14.07, 28.41,
2009,44, 0.406,297.01, 46.47, 14.17, 30.32,
2009,45, 0.408,297.05, 49.61, 15.75, 32.68,
2009,46, 0.405,297.27, 50.62, 13.06, 31.84,
2009,47, 0.400,297.62, 52.54, 12.07, 32.30,
2009,48, 0.394,297.61, 53.27, 17.29, 35.28,
2009,49, 0.387,297.73, 54.33, 19.73, 37.03,
2009,50, 0.382,298.02, 54.91, 20.14, 37.53,
2009,51, 0.376,298.20, 55.80, 21.90, 38.85,
2009,52, 0.369,298.44, 56.86, 24.70, 40.78,
2010, 1, 0.354,298.55, 48.71, 31.88, 40.29,
2010, 2, 0.348,298.84, 51.73, 34.68, 43.20,
2010, 3, 0.341,299.41, 55.27, 32.50, 43.88,
2010, 4, 0.337,300.16, 60.61, 28.48, 44.55,
2010, 5, 0.331,301.22, 64.40, 20.60, 42.50,
2010, 6, 0.322,302.12, 66.01, 16.86, 41.44,
2010, 7, 0.311,303.06, 67.66, 13.30, 40.48,
2010, 8, 0.299,303.91, 67.44, 11.74, 39.59,
2010, 9, 0.286,304.33, 64.60, 13.23, 38.91,
2010,10, 0.271,304.36, 60.25, 15.31, 37.78,
2010,11, 0.260,304.31, 58.30, 15.77, 37.03,
2010,12, 0.254,304.24, 56.91, 14.83, 35.87,
2010,13, 0.252,303.84, 54.90, 13.47, 34.18,
2010,14, 0.251,302.77, 51.19, 15.66, 33.42,
2010,15, 0.254,301.94, 48.62, 16.34, 32.48,
2010,16, 0.259,301.06, 44.52, 17.17, 30.85,
2010,17, 0.262,299.60, 40.87, 22.39, 31.63,
2010,18, 0.269,298.25, 38.86, 25.38, 32.12,
2010,19, 0.272,296.59, 36.73, 29.59, 33.16,
2010,20, 0.280,295.38, 39.15, 27.34, 33.25,
2010,21, 0.287,294.28, 42.80, 26.41, 34.60,
2010,22, 0.289,292.54, 43.93, 31.90, 37.92,
2010,23, 0.291,290.89, 46.17, 36.90, 41.54,
2010,24, 0.291,289.77, 48.28, 38.30, 43.29,
2010,25, 0.294,289.19, 51.26, 36.41, 43.84,
2010,26, 0.295,288.46, 52.10, 36.62, 44.36,
2010,27, 0.285,286.72, 48.65, 42.58, 45.62,
2010,28, 0.274,285.35, 45.35, 45.56, 45.46,
2010,29, 0.268,284.78, 42.77, 46.87, 44.82,
2010,30, 0.268,284.54, 39.38, 50.26, 44.82,
2010,31, 0.274,285.00, 37.91, 51.88, 44.90,
2010,32, 0.283,285.73, 38.57, 52.13, 45.35,
2010,33, 0.297,287.09, 39.84, 48.07, 43.95,
2010,34, 0.313,288.42, 40.99, 46.45, 43.72,
2010,35, 0.322,288.82, 38.70, 52.35, 45.53,
2010,36, 0.331,289.16, 37.56, 58.11, 47.84,
2010,37, 0.345,289.88, 40.33, 58.91, 49.62,
2010,38, 0.357,290.55, 44.07, 55.77, 49.92,
2010,39, 0.368,291.07, 44.94, 58.58, 51.76,
2010,40, 0.373,291.18, 41.40, 67.63, 54.51,
2010,41, 0.375,291.54, 37.30, 72.44, 54.87,
2010,42, 0.381,292.44, 36.27, 70.98, 53.63,
2010,43, 0.387,293.32, 35.88, 67.80, 51.84,
2010,44, 0.394,294.24, 38.94, 59.88, 49.41,
2010,45, 0.402,295.20, 45.34, 47.21, 46.28,
2010,46, 0.400,295.79, 48.21, 39.39, 43.80,
2010,47, 0.396,296.15, 49.78, 37.18, 43.48,
2010,48, 0.389,296.33, 49.68, 39.03, 44.36,
2010,49, 0.383,296.61, 50.97, 38.35, 44.66,
2010,50, 0.381,296.87, 53.95, 41.32, 47.64,
2010,51, 0.373,296.87, 53.63, 47.26, 50.45,
2010,52, 0.365,296.98, 54.50, 52.81, 53.66,
2011, 1, 0.360,297.16, 55.21, 58.31, 56.76,
2011, 2, 0.353,297.41, 57.16, 60.84, 59.00,
2011, 3, 0.347,297.75, 60.64, 62.25, 61.44,
2011, 4, 0.338,298.05, 62.80, 65.26, 64.03,
2011, 5, 0.334,298.70, 68.02, 61.37, 64.69,
2011, 6, 0.331,299.61, 74.64, 53.14, 63.89,
2011, 7, 0.320,300.09, 76.84, 52.09, 64.47,
2011, 8, 0.311,300.45, 77.71, 53.91, 65.81,
2011, 9, 0.305,300.54, 78.70, 57.98, 68.34,
2011,10, 0.301,300.37, 79.78, 63.84, 71.81,
2011,11, 0.299,299.85, 82.17, 71.69, 76.93,
2011,12, 0.298,299.46, 82.34, 75.40, 78.87,
2011,13, 0.296,299.29, 79.16, 70.91, 75.04,
2011,14, 0.295,299.14, 75.91, 62.01, 68.96,
2011,15, 0.294,298.84, 70.49, 54.19, 62.34,
2011,16, 0.292,298.25, 63.81, 51.55, 57.68,
2011,17, 0.290,297.03, 56.79, 55.42, 56.11,
2011,18, 0.294,296.15, 53.52, 51.89, 52.70,
2011,19, 0.294,294.83, 49.84, 51.34, 50.59,
2011,20, 0.293,293.82, 47.26, 44.72, 45.99,
2011,21, 0.294,293.39, 46.79, 35.80, 41.30,
2011,22, 0.284,291.92, 42.04, 37.72, 39.88,
2011,23, 0.278,290.77, 40.08, 38.39, 39.23,
2011,24, 0.271,289.71, 39.11, 39.00, 39.05,
2011,25, 0.262,288.63, 36.34, 40.33, 38.33,
2011,26, 0.261,288.10, 36.97, 38.86, 37.91,
2011,27, 0.262,288.02, 38.78, 35.51, 37.14,
2011,28, 0.263,288.01, 41.07, 31.56, 36.32,
2011,29, 0.261,287.54, 40.53, 32.05, 36.29,
2011,30, 0.253,286.42, 34.69, 39.32, 37.00,
2011,31, 0.256,286.25, 31.98, 43.99, 37.98,
2011,32, 0.265,286.31, 32.02, 48.16, 40.09,
2011,33, 0.274,286.69, 30.95, 51.27, 41.11,
2011,34, 0.284,287.43, 28.59, 54.61, 41.60,
2011,35, 0.285,287.23, 22.44, 66.33, 44.39,
2011,36, 0.289,287.40, 18.06, 74.32, 46.19,
2011,37, 0.289,287.45, 13.20, 81.17, 47.18,
2011,38, 0.283,287.15,  9.65, 87.16, 48.40,
2011,39, 0.294,287.96,  9.79, 89.19, 49.49,
2011,40, 0.312,289.51, 11.55, 87.07, 49.31,
2011,41, 0.332,291.06, 15.03, 80.99, 48.01,
2011,42, 0.351,292.41, 20.30, 73.70, 47.00,
2011,43, 0.365,293.36, 24.33, 68.56, 46.45,
2011,44, 0.378,294.55, 30.70, 54.57, 42.63,
2011,45, 0.387,295.47, 37.85, 42.18, 40.02,
2011,46, 0.387,295.77, 40.73, 39.39, 40.06,
2011,47, 0.390,296.14, 46.28, 37.50, 41.89,
2011,48, 0.388,296.33, 50.06, 38.94, 44.50,
2011,49, 0.382,296.42, 51.05, 41.27, 46.16,
2011,50, 0.375,296.37, 50.41, 49.19, 49.80,
2011,51, 0.367,296.46, 49.73, 53.12, 51.42,
2011,52, 0.361,296.80, 51.46, 53.92, 52.69,
2012, 1, 0.352,297.04, 48.48, 58.12, 53.30,
2012, 2, 0.343,297.41, 49.05, 58.67, 53.86,
2012, 3, 0.337,297.96, 52.95, 56.46, 54.71,
2012, 4, 0.333,298.53, 59.42, 55.14, 57.28,
2012, 5, 0.328,299.08, 65.27, 53.68, 59.47,
2012, 6, 0.321,299.57, 69.62, 52.11, 60.87,
2012, 7, 0.314,300.01, 74.39, 51.79, 63.09,
2012, 8, 0.310,300.39, 77.99, 53.69, 65.84,
2012, 9, 0.305,300.59, 78.96, 56.76, 67.86,
2012,10, 0.299,300.52, 78.61, 61.09, 69.85,
2012,11, 0.297,300.31, 80.08, 64.02, 72.05,
2012,12, 0.299,300.11, 81.04, 64.58, 72.81,
2012,13, 0.301,299.84, 80.30, 61.38, 70.84,
2012,14, 0.304,299.45, 78.98, 56.01, 67.50,
2012,15, 0.306,299.05, 76.39, 50.44, 63.42,
2012,16, 0.309,298.58, 72.72, 46.35, 59.54,
2012,17, 0.311,297.82, 68.66, 43.49, 56.07,
2012,18, 0.309,296.68, 62.27, 43.04, 52.65,
2012,19, 0.303,295.13, 55.21, 45.75, 50.48,
2012,20, 0.292,293.23, 47.29, 48.97, 48.13,
2012,21, 0.277,291.21, 39.09, 53.91, 46.50,
2012,22, 0.259,289.12, 29.76, 61.74, 45.75,
2012,23, 0.241,286.99, 22.59, 68.11, 45.35,
2012,24, 0.231,285.45, 20.10, 70.20, 45.15,
2012,25, 0.224,284.21, 19.32, 69.79, 44.55,
2012,26, 0.222,283.35, 20.32, 67.22, 43.77,
2012,27, 0.221,283.19, 21.77, 62.86, 42.32,
2012,28, 0.222,282.55, 24.31, 61.27, 42.79,
2012,29, 0.222,281.99, 25.38, 62.21, 43.79,
2012,30, 0.230,281.97, 25.39, 64.78, 45.09,
2012,31, 0.241,282.43, 25.65, 66.45, 46.05,
2012,32, 0.258,283.47, 28.34, 65.54, 46.94,
2012,33, 0.280,285.07, 32.81, 61.01, 46.91,
2012,34, 0.307,287.21, 38.49, 54.88, 46.68,
2012,35, 0.335,289.15, 45.26, 49.37, 47.32,
2012,36, 0.356,290.33, 50.34, 47.45, 48.89,
2012,37, 0.370,291.35, 53.17, 44.01, 48.59,
2012,38, 0.382,292.72, 56.51, 34.39, 45.45,
2012,39, 0.391,293.99, 56.72, 28.45, 42.59,
2012,40, 0.396,295.07, 54.32, 22.50, 38.41,
2012,41, 0.398,295.79, 51.17, 17.96, 34.56,
2012,42, 0.398,296.17, 46.89, 18.37, 32.63,
2012,43, 0.398,296.51, 43.86, 19.32, 31.59,
2012,44, 0.393,296.60, 40.07, 21.72, 30.89,
2012,45, 0.384,296.30, 36.37, 29.12, 32.75,
2012,46, 0.376,296.22, 34.37, 32.18, 33.28,
2012,47, 0.373,296.48, 36.48, 31.94, 34.21,
2012,48, 0.373,296.72, 40.82, 32.43, 36.63,
2012,49, 0.376,297.14, 47.18, 29.41, 38.29,
2012,50, 0.377,297.48, 51.24, 30.21, 40.73,
2012,51, 0.374,298.00, 54.77, 25.99, 40.38,
2012,52, 0.367,298.42, 55.29, 25.91, 40.60,
2013, 1, 0.354,298.36, 48.98, 35.06, 42.02,
2013, 2, 0.346,298.62, 50.37, 37.95, 44.16,
2013, 3, 0.339,299.05, 53.59, 38.17, 45.88,
2013, 4, 0.336,299.69, 60.39, 36.18, 48.28,
2013, 5, 0.329,300.35, 63.75, 34.15, 48.95,
2013, 6, 0.319,300.67, 65.21, 36.61, 50.91,
2013, 7, 0.306,301.23, 65.16, 35.56, 50.36,
2013, 8, 0.291,301.72, 62.10, 36.31, 49.21,
2013, 9, 0.274,302.02, 57.77, 37.83, 47.80,
2013,10, 0.263,302.35, 55.41, 36.30, 45.86,
2013,11, 0.262,302.08, 58.56, 40.58, 49.57,
2013,12, 0.256,303.07, 57.13, 29.92, 43.52,
2013,13, 0.251,302.90, 54.28, 27.05, 40.65,
2013,14, 0.253,302.13, 52.00, 27.59, 39.80,
2013,15, 0.259,301.06, 51.17, 31.20, 41.19,
2013,16, 0.271,299.82, 52.13, 36.80, 44.48,
2013,17, 0.284,298.57, 54.47, 39.51, 47.01,
2013,18, 0.296,297.51, 55.34, 38.13, 46.73,
2013,19, 0.307,296.47, 57.34, 34.04, 45.69,
2013,20, 0.318,295.93, 61.56, 23.64, 42.60,
2013,21, 0.323,295.19, 63.14, 20.13, 41.63,
2013,22, 0.324,294.39, 63.27, 19.06, 41.17,
2013,23, 0.320,293.42, 62.76, 18.99, 40.84,
2013,24, 0.320,292.85, 64.47, 17.35, 40.89,
2013,25, 0.320,292.29, 64.88, 17.91, 41.30,
2013,26, 0.312,290.71, 60.88, 23.72, 42.30,
2013,27, 0.299,288.57, 56.33, 31.60, 43.96,
2013,28, 0.296,287.24, 56.15, 34.40, 45.18,
2013,29, 0.302,286.90, 57.14, 34.68, 45.82,
2013,30, 0.304,286.44, 54.99, 38.43, 46.63,
2013,31, 0.310,286.32, 53.11, 42.08, 47.54,
2013,32, 0.319,286.88, 53.23, 42.71, 47.92,
2013,33, 0.332,288.01, 54.55, 39.71, 47.13,
2013,34, 0.338,288.69, 51.93, 41.84, 46.89,
2013,35, 0.342,288.93, 48.46, 48.69, 48.58,
2013,36, 0.349,289.50, 46.85, 51.85, 49.35,
2013,37, 0.368,291.29, 51.82, 41.75, 46.78,
2013,38, 0.387,293.03, 58.35, 28.17, 43.23,
2013,39, 0.394,293.82, 58.19, 26.51, 42.31,
2013,40, 0.396,294.16, 54.32, 30.93, 42.53,
2013,41, 0.398,294.75, 51.62, 30.65, 41.14,
2013,42, 0.401,295.50, 49.13, 27.70, 38.42,
2013,43, 0.398,295.57, 44.85, 34.07, 39.46,
2013,44, 0.394,295.39, 41.00, 41.43, 41.22,
2013,45, 0.386,295.47, 38.44, 42.87, 40.66,
2013,46, 0.379,295.55, 36.72, 43.93, 40.32,
2013,47, 0.373,295.60, 36.68, 46.92, 41.81,
2013,48, 0.366,295.53, 36.37, 52.54, 44.46,
2013,49, 0.362,295.54, 37.62, 56.21, 46.91,
2013,50, 0.360,295.87, 38.63, 59.36, 48.99,
2013,51, 0.357,296.28, 41.57, 57.65, 49.61,
2013,52, 0.351,296.48, 43.52, 61.55, 52.53,
2014, 1, 0.345,297.11, 41.52, 58.00, 49.76,
2014, 2, 0.337,297.96, 44.62, 49.42, 47.02,
2014, 3, 0.331,298.81, 48.51, 42.07, 45.29,
2014, 4, 0.326,299.59, 53.89, 37.50, 45.69,
2014, 5, 0.315,300.24, 54.63, 35.70, 45.17,
2014, 6, 0.302,301.05, 54.46, 31.38, 42.92,
2014, 7, 0.289,301.79, 54.51, 27.94, 41.22,
2014, 8, 0.274,302.31, 52.38, 28.54, 40.46,
2014, 9, 0.260,302.65, 49.66, 29.54, 39.60,
2014,10, 0.252,302.75, 49.48, 31.07, 40.28,
2014,11, 0.254,302.12, 54.92, 39.96, 47.44,
2014,12, 0.251,302.17, 54.79, 40.77, 47.78,
2014,13, 0.250,301.36, 53.72, 45.85, 49.75,
2014,14, 0.253,300.52, 51.82, 47.15, 49.49,
2014,15, 0.258,299.68, 50.12, 47.31, 48.73,
2014,16, 0.264,298.73, 47.82, 49.46, 48.66,
2014,17, 0.271,297.80, 46.88, 48.77, 47.85,
2014,18, 0.282,297.02, 47.26, 44.41, 45.84,
2014,19, 0.294,296.07, 49.97, 39.27, 44.62,
2014,20, 0.301,295.08, 51.93, 32.56, 42.25,
2014,21, 0.302,293.78, 51.71, 32.75, 42.23,
2014,22, 0.297,292.59, 48.94, 33.55, 41.25,
2014,23, 0.292,291.39, 47.84, 34.19, 40.99,
2014,24, 0.286,290.27, 47.10, 35.74, 41.40,
2014,25, 0.277,288.87, 43.80, 40.02, 41.95,
2014,26, 0.271,287.63, 42.22, 42.28, 42.25,
2014,27, 0.268,286.62, 42.29, 43.30, 42.81,
2014,28, 0.270,285.84, 44.19, 42.93, 43.60,
2014,29, 0.275,285.57, 45.47, 42.58, 44.04,
2014,30, 0.279,285.67, 44.74, 42.87, 43.82,
2014,31, 0.289,285.94, 45.17, 44.13, 44.68,
2014,32, 0.308,287.13, 49.60, 40.83, 45.24,
2014,33, 0.327,288.36, 53.53, 37.64, 45.58,
2014,34, 0.339,289.42, 53.27, 36.79, 45.03,
2014,35, 0.351,290.29, 52.98, 37.86, 45.42,
2014,36, 0.367,291.33, 55.75, 35.87, 45.81,
2014,37, 0.382,292.49, 59.09, 30.79, 44.94,
2014,38, 0.391,293.37, 60.69, 26.35, 43.51,
2014,39, 0.398,294.34, 59.92, 23.03, 41.46,
2014,40, 0.403,295.24, 58.27, 19.23, 38.74,
2014,41, 0.405,295.56, 55.66, 20.29, 37.98,
2014,42, 0.408,296.00, 53.62, 20.82, 37.22,
2014,43, 0.408,296.30, 51.42, 22.99, 37.20,
2014,44, 0.406,296.36, 49.13, 26.04, 37.59,
2014,45, 0.404,296.67, 50.42, 23.26, 36.84,
2014,46, 0.403,297.06, 52.53, 17.63, 35.08,
2014,47, 0.396,297.09, 52.36, 20.76, 36.58,
2014,48, 0.390,297.08, 52.75, 25.38, 39.08,
2014,49, 0.387,297.17, 54.46, 27.84, 41.18,
2014,50, 0.381,297.18, 53.63, 34.65, 44.14,
2014,51, 0.373,297.17, 53.23, 41.03, 47.13,
2014,52, 0.365,297.38, 53.66, 44.70, 49.18,
2015, 1, 0.356,297.61, 50.72, 48.87, 49.80,
2015, 2, 0.347,298.10, 51.94, 47.31, 49.62,
2015, 3, 0.337,298.60, 53.15, 45.91, 49.53,
2015, 4, 0.331,299.10, 57.28, 46.00, 51.64,
2015, 5, 0.319,299.57, 57.39, 46.17, 51.78,
2015, 6, 0.308,300.10, 58.00, 44.87, 51.44,
2015, 7, 0.297,300.83, 59.50, 41.07, 50.28,
2015, 8, 0.283,301.51, 57.50, 38.73, 48.11,
2015, 9, 0.269,302.15, 54.93, 35.63, 45.28,
2015,10, 0.261,302.72, 54.75, 31.09, 42.92,
2015,11, 0.264,302.34, 60.45, 36.63, 48.54,
2015,12, 0.260,302.85, 59.58, 31.89, 45.74,
2015,13, 0.258,302.48, 57.67, 32.01, 44.80,
2015,14, 0.259,301.80, 54.99, 32.23, 43.61,
2015,15, 0.263,301.17, 53.07, 30.82, 41.96,
2015,16, 0.266,300.55, 49.09, 29.88, 39.50,
2015,17, 0.268,299.33, 45.08, 32.35, 38.72,
2015,18, 0.271,298.21, 41.38, 31.36, 36.37,
2015,19, 0.279,297.25, 41.92, 25.99, 33.95,
2015,20, 0.288,296.46, 44.49, 18.40, 31.44,
2015,21, 0.294,295.74, 47.03, 15.07, 31.05,
2015,22, 0.298,295.03, 49.07, 13.31, 31.19,
2015,23, 0.299,294.01, 51.60, 13.99, 32.76,
2015,24, 0.303,293.60, 55.49, 11.90, 33.67,
2015,25, 0.306,293.57, 57.64,  9.36, 33.51,
2015,26, 0.305,292.86, 57.55, 10.91, 34.23,
2015,27, 0.296,291.31, 54.56, 15.99, 35.29,
2015,28, 0.283,289.27, 50.15, 23.17, 36.72,
2015,29, 0.269,287.09, 44.37, 32.67, 38.55,
2015,30, 0.268,286.26, 41.77, 37.88, 39.86,
2015,31, 0.278,286.37, 42.01, 40.41, 41.25,
2015,32, 0.304,288.06, 49.31, 34.40, 41.88,
2015,33, 0.324,289.29, 52.90, 31.16, 42.03,
2015,34, 0.337,290.20, 52.84, 30.77, 41.81,
2015,35, 0.345,290.40, 50.92, 36.62, 43.77,
2015,36, 0.353,290.63, 49.73, 42.78, 46.25,
2015,37, 0.367,291.51, 51.97, 42.20, 47.06,
2015,38, 0.386,292.71, 58.29, 34.98, 46.59,
2015,39, 0.400,293.70, 61.31, 31.59, 46.39,
2015,40, 0.409,294.46, 61.38, 30.49, 45.87,
2015,41, 0.411,294.68, 59.33, 33.76, 46.55,
2015,42, 0.413,295.18, 57.25, 34.30, 45.77,
2015,43, 0.417,295.94, 57.43, 29.66, 43.55,
2015,44, 0.418,296.41, 57.20, 26.00, 41.60,
2015,45, 0.417,296.81, 59.29, 21.24, 40.27,
2015,46, 0.414,297.03, 60.78, 18.45, 39.62,
2015,47, 0.409,296.93, 61.22, 23.58, 42.40,
2015,48, 0.404,296.97, 62.27, 27.29, 44.80,
2015,49, 0.399,296.88, 62.59, 32.72, 47.67,
2015,50, 0.392,296.81, 61.75, 42.42, 52.08,
2015,51, 0.387,297.01, 63.31, 44.99, 54.15,
2015,52, 0.378,297.34, 62.88, 46.11, 54.50,
2016, 1, 0.367,297.41, 58.91, 53.16, 56.04,
2016, 2, 0.356,297.55, 58.28, 57.66, 57.97,
2016, 3, 0.346,297.88, 59.27, 58.83, 59.05,
2016, 4, 0.342,298.29, 65.36, 59.84, 62.60,
2016, 5, 0.335,298.76, 68.28, 59.95, 64.12,
2016, 6, 0.327,299.33, 70.99, 57.42, 64.20,
2016, 7, 0.318,299.89, 73.60, 54.99, 64.30,
2016, 8, 0.305,300.32, 72.12, 55.53, 63.82,
2016, 9, 0.291,300.58, 68.16, 57.18, 62.67,
2016,10, 0.277,300.79, 64.10, 57.22, 60.66,
2016,11, 0.247,301.62, 50.36, 46.57, 48.47,
2016,12, 0.242,303.07, 48.96, 30.43, 39.70,
2016,13, 0.235,303.48, 45.17, 20.52, 32.88,
2016,14, 0.234,303.41, 41.10, 13.45, 27.30,
2016,15, 0.237,302.95, 38.62, 11.12, 24.89,
2016,16, 0.242,302.43, 35.55,  9.36, 22.47,
2016,17, 0.247,301.48, 33.05,  8.62, 20.85,
2016,18, 0.255,300.33, 32.09,  8.51, 20.30,
2016,19, 0.264,298.75, 33.04,  9.75, 21.39,
2016,20, 0.271,296.73, 35.19, 15.93, 25.56,
2016,21, 0.277,295.02, 37.78, 21.32, 29.55,
2016,22, 0.285,293.90, 42.68, 22.28, 32.48,
2016,23, 0.295,292.72, 49.49, 23.67, 36.53,
2016,24, 0.304,291.72, 55.80, 24.95, 40.33,
2016,25, 0.309,291.06, 59.17, 25.42, 42.30,
2016,26, 0.313,290.24, 61.58, 26.36, 43.97,
2016,27, 0.319,289.90, 64.80, 23.80, 44.32,
2016,28, 0.335,290.15, 72.06, 18.01, 45.02,
2016,29, 0.345,290.19, 73.96, 15.97, 44.93,
2016,30, 0.351,290.17, 73.94, 16.04, 44.94,
2016,31, 0.361,290.51, 74.84, 16.01, 45.37,
2016,32, 0.370,291.04, 75.65, 15.19, 45.35,
2016,33, 0.365,290.42, 69.44, 22.94, 46.19,
2016,34, 0.357,290.02, 61.39, 31.74, 46.57,
2016,35, 0.353,289.90, 54.94, 40.60, 47.77,
2016,36, 0.361,290.43, 53.72, 43.85, 48.78,
2016,37, 0.371,291.16, 54.14, 44.41, 49.29,
2016,38, 0.381,291.98, 55.70, 40.39, 48.04,
2016,39, 0.387,292.57, 54.85, 42.00, 48.39,
2016,40, 0.398,293.48, 55.47, 40.64, 48.01,
2016,41, 0.406,294.16, 56.23, 39.08, 47.66,
2016,42, 0.407,294.46, 53.67, 43.42, 48.54,
2016,43, 0.410,294.81, 53.00, 46.32, 49.66,
2016,44, 0.416,295.58, 56.57, 37.94, 47.26,
2016,45, 0.420,296.19, 61.63, 29.72, 45.67,
2016,46, 0.417,296.34, 62.96, 28.82, 45.89,
2016,47, 0.412,296.36, 63.70, 31.93, 47.82,
2016,48, 0.409,296.58, 65.77, 31.92, 48.85,
2016,49, 0.406,296.75, 67.55, 32.58, 50.06,
2016,50, 0.398,296.84, 67.03, 38.16, 52.59,
2016,51, 0.391,297.00, 66.61, 41.01, 53.81,
2016,52, 0.384,297.30, 67.62, 43.33, 55.47,
2017, 1, 0.377,297.57, 66.87, 46.92, 56.89,
2017, 2, 0.369,297.97, 67.69, 47.45, 57.57,
2017, 3, 0.361,298.47, 69.27, 46.98, 58.13,
2017, 4, 0.356,299.40, 74.30, 40.34, 57.32,
2017, 5, 0.347,300.21, 75.89, 35.98, 55.94,
2017, 6, 0.335,300.75, 76.03, 35.40, 55.71,
2017, 7, 0.320,301.06, 74.93, 37.94, 56.44,
2017, 8, 0.304,301.25, 71.04, 42.33, 56.68,
2017, 9, 0.290,301.45, 67.44, 45.05, 56.25,
2017,10, 0.281,301.31, 65.85, 49.82, 57.84,
2017,11, 0.282,300.19, 69.90, 64.96, 67.43,
2017,12, 0.279,300.45, 69.41, 63.45, 66.43,
2017,13, 0.274,299.37, 66.06, 71.42, 68.72,
2017,14, 0.276,298.76, 64.26, 69.51, 66.91,
2017,15, 0.284,298.60, 63.88, 60.48, 62.21,
2017,16, 0.288,298.06, 60.69, 57.39, 59.05,
2017,17, 0.293,297.40, 57.94, 53.89, 55.91,
2017,18, 0.299,296.48, 55.43, 50.29, 52.86,
2017,19, 0.305,295.40, 55.23, 46.35, 50.79,
2017,20, 0.308,293.88, 54.56, 44.07, 49.32,
2017,21, 0.307,292.62, 53.41, 42.36, 47.89,
2017,22, 0.306,291.76, 52.71, 39.84, 46.27,
2017,23, 0.300,290.50, 51.09, 40.80, 45.88,
2017,24, 0.290,289.10, 48.26, 43.83, 45.97,
2017,25, 0.278,287.53, 43.79, 48.43, 46.12,
2017,26, 0.264,285.39, 38.26, 55.53, 46.90,
2017,27, 0.260,284.31, 37.65, 56.52, 47.13,
2017,28, 0.265,284.00, 41.43, 53.19, 47.34,
2017,29, 0.273,284.07, 44.65, 50.25, 47.38,
2017,30, 0.286,284.72, 47.13, 47.57, 47.27,
2017,31, 0.307,286.13, 52.42, 42.40, 47.34,
2017,32, 0.330,287.95, 58.56, 35.23, 46.82,
2017,33, 0.342,288.93, 59.58, 33.64, 46.61,
2017,34, 0.352,289.81, 58.79, 33.61, 46.20,
2017,35, 0.364,290.64, 58.88, 34.36, 46.62,
2017,36, 0.375,291.44, 59.92, 34.42, 47.17,
2017,37, 0.387,292.38, 61.96, 31.89, 46.91,
2017,38, 0.397,292.74, 63.18, 33.23, 48.19,
2017,39, 0.404,293.26, 63.16, 35.24, 49.17,
2017,40, 0.411,293.98, 62.18, 35.03, 48.56,
2017,41, 0.412,294.32, 59.47, 37.99, 48.73,
2017,42, 0.411,294.58, 55.32, 43.27, 49.30,
2017,43, 0.409,294.74, 51.88, 48.91, 50.40,
2017,44, 0.412,295.47, 52.82, 41.57, 47.20,
2017,45, 0.409,295.72, 53.30, 39.70, 46.50,
2017,46, 0.402,295.62, 52.38, 43.43, 47.91,
2017,47, 0.396,295.58, 52.39, 47.20, 49.80,
2017,48, 0.392,295.89, 54.23, 45.43, 49.84,
2017,49, 0.386,295.93, 54.17, 48.10, 51.13,
2017,50, 0.382,296.17, 54.84, 52.37, 53.61,
2017,51, 0.373,296.26, 53.45, 56.93, 55.19,
2017,52, 0.359,296.22, 52.64, 59.80, 56.22,
2018, 1, 0.352,296.63, 48.59, 67.35, 57.97,
2018, 2, 0.343,297.01, 50.78, 63.98, 57.38,
2018, 3, 0.336,297.60, 54.00, 62.12, 58.06,
2018, 4, 0.330,298.30, 58.65, 57.74, 58.20,
2018, 5, 0.323,298.99, 60.74, 54.55, 57.65,
2018, 6, 0.314,299.39, 62.57, 53.97, 58.27,
2018, 7, 0.302,299.57, 64.05, 56.69, 60.37,
2018, 8, 0.291,299.95, 63.27, 59.61, 61.44,
2018, 9, 0.281,300.30, 61.76, 59.97, 60.87,
2018,10, 0.274,300.42, 60.71, 60.83, 60.78,
2018,11, 0.271,299.54, 64.78, 72.19, 68.49,
2018,12, 0.267,300.02, 64.51, 67.69, 66.10,
2018,13, 0.268,299.94, 63.71, 66.43, 65.13,
2018,14, 0.274,299.57, 64.07, 60.64, 62.44,
2018,15, 0.281,298.68, 64.04, 58.25, 61.22,
2018,16, 0.288,297.71, 62.57, 61.56, 62.13,
2018,17, 0.296,296.66, 61.18, 62.87, 62.10,
2018,18, 0.303,295.70, 59.62, 60.17, 59.89,
2018,19, 0.310,294.62, 59.70, 56.04, 57.87,
2018,20, 0.312,293.35, 59.42, 50.20, 54.81,
2018,21, 0.311,292.43, 58.25, 44.76, 51.50,
2018,22, 0.306,291.52, 55.90, 42.41, 49.16,
2018,23, 0.294,289.68, 51.56, 47.10, 49.33,
2018,24, 0.283,288.44, 47.90, 48.42, 48.17,
2018,25, 0.276,287.65, 45.81, 46.96, 46.42,
2018,26, 0.275,286.94, 45.67, 45.02, 45.34,
2018,27, 0.276,286.57, 46.73, 42.53, 44.65,
2018,28, 0.274,285.68, 46.36, 43.02, 44.71,
2018,29, 0.273,285.23, 45.50, 43.31, 44.40,
2018,30, 0.274,285.37, 43.33, 43.08, 43.20,
2018,31, 0.277,285.73, 41.34, 43.39, 42.36,
2018,32, 0.285,286.39, 40.98, 43.43, 42.18,
2018,33, 0.295,287.22, 40.83, 43.12, 41.98,
2018,34, 0.309,288.75, 41.13, 38.92, 40.02,
2018,35, 0.326,290.11, 42.57, 36.49, 39.53,
2018,36, 0.344,291.27, 46.05, 34.01, 40.03,
2018,37, 0.363,292.73, 50.65, 26.77, 38.65,
2018,38, 0.379,293.89, 55.51, 19.30, 37.34,
2018,39, 0.390,294.83, 57.10, 16.00, 36.48,
2018,40, 0.394,295.48, 54.64, 15.11, 34.80,
2018,41, 0.395,295.73, 51.06, 17.04, 34.05,
2018,42, 0.398,296.35, 48.79, 14.43, 31.61,
2018,43, 0.402,296.93, 47.92, 11.50, 29.71,
2018,44, 0.402,297.18, 47.42, 10.52, 28.97,
2018,45, 0.399,297.36, 48.17,  9.40, 28.78,
2018,46, 0.394,297.36, 48.09, 10.33, 29.21,
2018,47, 0.389,297.28, 49.05, 15.11, 32.07,
2018,48, 0.386,297.29, 51.70, 19.16, 35.42,
2018,49, 0.383,297.34, 54.17, 22.55, 38.35,
2018,50, 0.379,297.50, 54.60, 26.29, 40.44,
2018,51, 0.373,297.63, 55.91, 29.81, 42.86,
2018,52, 0.366,297.98, 56.77, 30.71, 43.74,
2019, 1, 0.357,298.26, 53.45, 34.46, 43.96,
2019, 2, 0.348,298.68, 54.37, 34.68, 44.53,
2019, 3, 0.340,299.27, 57.00, 32.29, 44.65,
2019, 4, 0.335,300.05, 61.82, 28.50, 45.16,
2019, 5, 0.324,300.61, 62.06, 28.60, 45.33,
2019, 6, 0.312,301.19, 62.25, 27.67, 44.96,
2019, 7, 0.302,301.84, 64.04, 25.73, 44.89,
2019, 8, 0.289,302.16, 62.44, 28.97, 45.71,
2019, 9, 0.275,302.44, 59.59, 30.67, 45.13,
2019,10, 0.269,302.96, 60.15, 26.87, 43.51,
2019,11, 0.269,302.62, 64.15, 31.98, 48.06,
2019,12, 0.263,303.24, 62.28, 25.64, 43.96,
2019,13, 0.259,303.01, 59.06, 23.48, 41.31,
2019,14, 0.259,302.64, 56.33, 19.19, 37.80,
2019,15, 0.261,302.05, 52.64, 17.73, 35.22,
2019,16, 0.262,301.15, 47.70, 19.87, 33.81,
2019,17, 0.265,300.21, 44.13, 19.21, 31.68,
2019,18, 0.266,298.77, 39.22, 22.43, 30.83,
2019,19, 0.271,297.30, 38.21, 22.98, 30.59,
2019,20, 0.276,295.87, 39.53, 22.54, 31.03,
2019,21, 0.274,293.96, 38.50, 29.10, 33.80,
2019,22, 0.277,292.61, 40.20, 31.88, 36.04,
2019,23, 0.281,291.52, 43.97, 31.94, 37.93,
2019,24, 0.282,290.61, 46.64, 31.83, 39.22,
2019,25, 0.277,289.46, 45.76, 34.56, 40.18,
2019,26, 0.279,288.55, 47.60, 34.85, 41.23,
2019,27, 0.285,288.12, 51.54, 32.30, 41.96,
2019,28, 0.284,286.79, 52.01, 35.12, 43.61,
2019,29, 0.289,286.44, 52.84, 35.35, 44.10,
2019,30, 0.297,286.82, 53.29, 33.92, 43.60,
2019,31, 0.301,286.71, 51.57, 36.65, 44.12,
2019,32, 0.305,286.91, 49.80, 39.15, 44.48,
2019,33, 0.310,287.48, 47.32, 40.82, 44.07,
2019,34, 0.321,288.71, 46.24, 39.26, 42.75,
2019,35, 0.336,289.93, 46.87, 37.63, 42.25,
2019,36, 0.356,291.66, 51.61, 29.80, 40.70,
2019,37, 0.375,293.36, 56.78, 19.04, 37.90,
2019,38, 0.389,294.37, 60.77, 12.34, 36.53,
2019,39, 0.400,295.28, 62.00,  9.10, 35.53,
2019,40, 0.406,295.95, 60.31,  7.96, 34.14,
2019,41, 0.406,296.19, 56.67,  9.67, 33.17,
2019,42, 0.406,296.65, 52.83,  9.13, 30.98,
2019,43, 0.405,296.92, 49.30, 11.61, 30.46,
2019,44, 0.402,297.12, 46.88, 12.25, 29.57,
2019,45, 0.397,297.45, 45.97,  8.64, 27.30,
2019,46, 0.391,297.64, 45.59,  6.04, 25.82,
2019,47, 0.385,297.78, 46.33,  6.97, 26.63,
2019,48, 0.381,298.06, 47.92,  6.62, 27.26,
2019,49, 0.376,298.32, 48.69,  6.62, 27.65,
2019,50, 0.368,298.52, 46.43,  8.02, 27.23,
2019,51, 0.360,298.78, 45.42,  8.32, 26.87,
2019,52, 0.350,299.21, 44.54,  8.13, 26.33,
2020, 1, 0.341,299.64, 40.57,  9.12, 24.84,
2020, 2, 0.329,299.99, 40.22, 11.13, 25.68,
2020, 3, 0.316,300.31, 39.92, 14.52, 27.22,
2020, 4, 0.308,300.72, 43.39, 17.61, 30.50,
2020, 5, 0.298,301.11, 44.55, 20.67, 32.61,
2020, 6, 0.287,301.48, 45.08, 23.22, 34.15,
2020, 7, 0.275,301.82, 45.83, 25.70, 35.77,
2020, 8, 0.262,302.17, 44.74, 28.23, 36.49,
2020, 9, 0.249,302.37, 43.06, 31.26, 37.16,
2020,10, 0.240,302.49, 42.66, 32.74, 37.70,
2020,11, 0.236,302.11, 44.84, 38.52, 41.68,
2020,12, 0.231,302.54, 44.01, 34.44, 39.22,
2020,13, 0.229,302.17, 42.72, 34.18, 38.43,
2020,14, 0.232,301.65, 41.24, 31.83, 36.53,
2020,15, 0.238,300.96, 40.23, 31.10, 35.68,
2020,16, 0.246,300.15, 38.41, 32.31, 35.38,
2020,17, 0.255,299.35, 38.37, 29.95, 34.17,
2020,18, 0.267,298.68, 38.93, 24.09, 31.51,
2020,19, 0.277,297.84, 40.52, 17.15, 28.83,
2020,20, 0.283,296.72, 41.76, 14.12, 27.94,
2020,21, 0.285,295.48, 42.59, 15.75, 29.17,
2020,22, 0.290,294.80, 45.31, 13.68, 29.49,
2020,23, 0.297,294.09, 50.61, 11.92, 31.23,
2020,24, 0.304,293.45, 56.60, 11.31, 33.94,
2020,25, 0.311,293.09, 60.98, 10.86, 35.92,
2020,26, 0.316,292.40, 63.35, 11.76, 37.55,
2020,27, 0.317,291.51, 64.95, 13.05, 38.98,
2020,28, 0.324,291.04, 68.71, 11.44, 40.04,
2020,29, 0.334,291.14, 71.42,  9.61, 40.49,
2020,30, 0.339,291.08, 70.70, 10.02, 40.31,
2020,31, 0.343,290.89, 69.03, 12.67, 40.81,
2020,32, 0.345,290.80, 66.87, 15.55, 41.15,
2020,33, 0.345,290.66, 62.56, 20.39, 41.48,
2020,34, 0.348,290.82, 58.50, 24.93, 41.71,
2020,35, 0.353,290.92, 55.12, 30.82, 42.97,
2020,36, 0.350,290.14, 48.66, 46.02, 47.34,
2020,37, 0.356,290.07, 46.39, 55.79, 51.12,
2020,38, 0.368,290.54, 50.13, 55.80, 52.98,
2020,39, 0.372,290.55, 47.76, 64.89, 56.33,
2020,40, 0.375,290.78, 44.28, 74.60, 59.39,
2020,41, 0.383,291.48, 44.05, 77.42, 60.74,
2020,42, 0.391,292.36, 44.49, 76.14, 60.32,
2020,43, 0.396,293.06, 44.92, 74.41, 59.67,
2020,44, 0.402,293.92, 47.70, 65.42, 56.56,
2020,45, 0.404,294.69, 51.51, 55.12, 53.31,
2020,46, 0.402,295.21, 53.42, 48.50, 50.96,
2020,47, 0.400,295.76, 56.68, 41.98, 49.31,
2020,48, 0.396,296.06, 57.84, 40.35, 49.07,
2020,49, 0.388,296.03, 56.78, 44.61, 50.67,
2020,50, 0.382,296.26, 56.62, 48.48, 52.55,
2020,51, 0.375,296.63, 56.89, 47.66, 52.28,
2020,52, 0.367,296.93, 56.73, 50.23, 53.48,
2021, 1, 0.358,297.41, 53.75, 50.16, 51.96,
2021, 2, 0.347,298.16, 53.34, 43.55, 48.44,
2021, 3, 0.337,298.93, 53.86, 37.74, 45.80,
2021, 4, 0.330,299.56, 57.76, 36.56, 47.16,
2021, 5, 0.321,300.01, 59.45, 38.05, 48.75,
2021, 6, 0.311,300.34, 61.28, 40.35, 50.82,
2021, 7, 0.301,300.66, 63.38, 42.29, 52.83,
2021, 8, 0.288,300.93, 61.70, 45.08, 53.39,
2021, 9, 0.274,300.95, 58.42, 50.02, 54.22,
2021,10, 0.266,301.05, 57.95, 51.90, 54.93,
2021,11, 0.264,300.09, 61.22, 65.86, 63.54,
2021,12, 0.261,300.06, 61.11, 67.61, 64.36,
2021,13, 0.264,299.59, 61.92, 67.28, 64.63,
2021,14, 0.270,299.04, 62.29, 64.22, 63.31,
2021,15, 0.277,298.40, 62.17, 60.87, 61.57,
2021,16, 0.287,297.89, 62.03, 57.64, 59.89,
2021,17, 0.294,297.01, 60.65, 56.74, 58.74,
2021,18, 0.299,296.32, 58.15, 51.08, 54.62,
2021,19, 0.310,296.37, 59.89, 34.06, 46.97,
2021,20, 0.311,295.29, 58.40, 28.78, 43.59,
2021,21, 0.305,293.91, 54.34, 30.11, 42.22,
2021,22, 0.307,293.42, 55.31, 25.19, 40.25,
2021,23, 0.305,292.42, 56.25, 24.88, 40.55,
2021,24, 0.300,291.15, 55.71, 27.96, 41.83,
2021,25, 0.301,290.72, 57.21, 26.42, 41.82,
2021,26, 0.311,290.83, 61.76, 21.37, 41.56,
2021,27, 0.317,290.66, 65.21, 18.02, 41.62,
2021,28, 0.320,290.10, 67.35, 16.95, 42.13,
2021,29, 0.325,289.86, 67.79, 16.91, 42.33,
2021,30, 0.327,289.50, 66.16, 19.18, 42.64,
2021,31, 0.330,289.28, 64.06, 22.40, 43.21,
2021,32, 0.335,289.56, 63.07, 23.64, 43.33,
2021,33, 0.339,289.91, 60.24, 25.56, 42.90,
2021,34,-1.000, -1.00, -1.00, -1.00, -1.00,
2021,35,-1.000, -1.00, -1.00, -1.00, -1.00,
2021,36,-1.000, -1.00, -1.00, -1.00, -1.00,
2021,37,-1.000, -1.00, -1.00, -1.00, -1.00,
2021,38,-1.000, -1.00, -1.00, -1.00, -1.00,
2021,39,-1.000, -1.00, -1.00, -1.00, -1.00,
2021,40,-1.000, -1.00, -1.00, -1.00, -1.00,
2021,41,-1.000, -1.00, -1.00, -1.00, -1.00,
2021,42,-1.000, -1.00, -1.00, -1.00, -1.00,
2021,43,-1.000, -1.00, -1.00, -1.00, -1.00,
2021,44,-1.000, -1.00, -1.00, -1.00, -1.00,
2021,45,-1.000, -1.00, -1.00, -1.00, -1.00,
2021,46,-1.000, -1.00, -1.00, -1.00, -1.00,
2021,47,-1.000, -1.00, -1.00, -1.00, -1.00,
2021,48,-1.000, -1.00, -1.00, -1.00, -1.00,
2021,49,-1.000, -1.00, -1.00, -1.00, -1.00,
2021,50,-1.000, -1.00, -1.00, -1.00, -1.00,
2021,51,-1.000, -1.00, -1.00, -1.00, -1.00,
2021,52,-1.000, -1.00, -1.00, -1.00, -1.00,
