1982, 1, 0.312,288.34, 57.81, 26.35, 42.08,
1982, 2, 0.305,288.33, 54.79, 27.47, 41.13,
1982, 3, 0.297,288.18, 51.56, 30.11, 40.83,
1982, 4, 0.296,288.45, 50.31, 31.29, 40.80,
1982, 5, 0.302,289.20, 50.08, 30.92, 40.50,
1982, 6, 0.311,289.95, 50.63, 30.56, 40.60,
1982, 7, 0.320,290.39, 50.60, 32.78, 41.69,
1982, 8, 0.328,290.65, 50.57, 36.14, 43.36,
1982, 9, 0.336,290.94, 51.27, 38.48, 44.87,
1982,10, 0.341,290.95, 51.23, 40.68, 45.96,
1982,11, 0.341,290.61, 49.97, 44.10, 47.04,
1982,12, 0.346,290.54, 50.08, 45.89, 47.99,
1982,13, 0.348,290.19, 49.35, 49.30, 49.33,
1982,14, 0.347,289.66, 48.65, 53.83, 51.24,
1982,15, 0.348,289.40, 48.39, 55.34, 51.87,
1982,16, 0.345,288.96, 46.55, 58.53, 52.54,
1982,17, 0.342,288.67, 44.80, 59.78, 52.29,
1982,18, 0.337,288.41, 41.06, 61.44, 51.25,
1982,19, 0.334,288.48, 37.66, 60.94, 49.30,
1982,20, 0.331,288.65, 34.29, 60.00, 47.15,
1982,21, 0.332,288.91, 33.25, 58.78, 46.02,
1982,22, 0.334,289.16, 33.01, 57.50, 45.25,
1982,23, 0.341,289.84, 34.52, 53.32, 43.92,
1982,24, 0.345,290.51, 34.90, 47.95, 41.43,
1982,25, 0.347,291.00, 35.33, 43.23, 39.28,
1982,26, 0.348,291.22, 36.29, 40.18, 38.23,
1982,27, 0.347,291.26, 37.41, 38.42, 37.92,
1982,28, 0.347,291.58, 39.28, 34.29, 36.78,
1982,29, 0.344,291.92, 40.59, 29.89, 35.24,
1982,30, 0.338,291.83, 41.19, 28.86, 35.03,
1982,31, 0.330,291.66, 41.63, 28.46, 35.05,
1982,32, 0.315,291.04, 38.96, 32.07, 35.52,
1982,33, 0.297,290.20, 35.14, 36.94, 36.04,
1982,34, 0.281,289.56, 33.16, 39.53, 36.35,
1982,35, 0.267,288.79, 32.42, 41.83, 37.12,
1982,36, 0.256,288.50, 33.07, 39.51, 36.29,
1982,37, 0.246,288.11, 32.21, 37.77, 34.99,
1982,38, 0.241,287.85, 32.27, 35.99, 34.13,
1982,39, 0.241,287.77, 33.62, 33.67, 33.64,
1982,40, 0.242,287.40, 33.64, 33.36, 33.50,
1982,41, 0.246,287.20, 34.70, 32.33, 33.52,
1982,42, 0.256,287.53, 37.64, 28.50, 33.07,
1982,43, 0.264,287.51, 41.61, 26.13, 33.87,
1982,44, 0.272,287.48, 45.31, 23.71, 34.51,
1982,45, 0.278,287.28, 47.45, 23.16, 35.30,
1982,46, 0.290,287.90, 51.94, 19.53, 35.73,
1982,47, 0.299,288.43, 55.57, 16.75, 36.16,
1982,48, 0.303,288.53, 57.11, 16.49, 36.80,
1982,49, 0.304,288.50, 57.93, 16.28, 37.11,
1982,50, 0.305,288.36, 56.64, 20.15, 38.40,
1982,51, 0.308,288.58, 56.95, 21.14, 39.04,
1982,52, 0.311,289.07, 56.94, 21.16, 39.05,
1983, 1, 0.315,289.58, 57.84, 20.96, 39.40,
1983, 2, 0.323,290.42, 60.17, 18.70, 39.44,
1983, 3, 0.336,291.57, 64.04, 15.53, 39.78,
1983, 4, 0.346,292.46, 66.34, 13.55, 39.94,
1983, 5, 0.354,293.08, 66.62, 13.43, 40.02,
1983, 6, 0.361,293.91, 67.05, 11.61, 39.33,
1983, 7, 0.366,294.82, 66.60,  9.19, 37.89,
1983, 8, 0.364,295.31, 63.17,  8.83, 36.00,
1983, 9, 0.356,295.65, 57.83,  9.28, 33.56,
1983,10, 0.347,295.77, 52.38,  9.58, 30.98,
1983,11, 0.338,295.82, 46.71,  9.57, 28.14,
1983,12, 0.323,295.85, 38.67,  9.20, 23.94,
1983,13, 0.305,295.64, 30.00,  9.97, 19.98,
1983,14, 0.289,295.33, 23.68, 11.38, 17.53,
1983,15, 0.278,294.91, 19.88, 13.08, 16.48,
1983,16, 0.273,294.17, 17.70, 16.93, 17.31,
1983,17, 0.274,293.23, 17.49, 22.34, 19.92,
1983,18, 0.286,292.49, 20.63, 27.19, 23.91,
1983,19, 0.302,291.93, 25.13, 31.03, 28.08,
1983,20, 0.315,291.54, 28.35, 34.23, 31.29,
1983,21, 0.323,291.03, 30.45, 39.35, 34.90,
1983,22, 0.329,290.62, 32.17, 44.09, 38.13,
1983,23, 0.333,290.01, 32.45, 51.76, 42.10,
1983,24, 0.333,289.27, 31.61, 60.05, 45.83,
1983,25, 0.333,288.85, 31.51, 63.57, 47.54,
1983,26, 0.332,288.58, 31.81, 64.23, 48.02,
1983,27, 0.330,288.29, 32.47, 64.98, 48.73,
1983,28, 0.325,288.15, 32.56, 63.74, 48.15,
1983,29, 0.317,287.59, 31.06, 65.94, 48.50,
1983,30, 0.306,286.82, 29.48, 68.84, 49.16,
1983,31, 0.297,286.17, 29.22, 70.46, 49.84,
1983,32, 0.289,285.84, 28.91, 70.21, 49.56,
1983,33, 0.286,286.08, 30.62, 66.03, 48.33,
1983,34, 0.287,286.46, 34.91, 59.94, 47.42,
1983,35, 0.286,286.25, 38.50, 56.97, 47.73,
1983,36, 0.281,285.75, 40.96, 54.83, 47.89,
1983,37, 0.277,285.21, 42.20, 53.74, 47.97,
1983,38, 0.274,284.77, 42.79, 52.91, 47.85,
1983,39, 0.270,284.56, 42.75, 51.80, 47.27,
1983,40, 0.268,284.32, 42.36, 51.10, 46.73,
1983,41, 0.269,284.27, 42.88, 48.90, 45.89,
1983,42, 0.264,283.30, 40.54, 51.16, 45.85,
1983,43, 0.252,281.64, 37.14, 56.51, 46.83,
1983,44, 0.244,280.99, 35.03, 56.80, 45.92,
1983,45, 0.234,280.12, 31.24, 58.71, 44.97,
1983,46, 0.225,279.52, 27.90, 59.74, 43.82,
1983,47, 0.219,279.13, 25.74, 59.83, 42.79,
1983,48, 0.211,278.53, 23.23, 61.23, 42.23,
1983,49, 0.208,278.42, 22.80, 60.06, 41.43,
1983,50, 0.202,278.10, 18.58, 69.61, 44.09,
1983,51, 0.197,278.01, 16.42, 72.01, 44.22,
1983,52, 0.196,278.54, 15.42, 72.60, 44.01,
1984, 1, 0.195,278.74, 14.50, 74.83, 44.66,
1984, 2, 0.192,278.60, 14.04, 75.62, 44.83,
1984, 3, 0.187,277.96, 12.82, 79.27, 46.05,
1984, 4, 0.187,277.78, 11.48, 83.14, 47.31,
1984, 5, 0.196,278.80, 11.39, 83.93, 47.66,
1984, 6, 0.206,279.77, 11.81, 84.16, 47.98,
1984, 7, 0.223,281.30, 13.94, 83.01, 48.47,
1984, 8, 0.245,283.16, 17.86, 80.41, 49.13,
1984, 9, 0.265,284.65, 22.28, 76.95, 49.62,
1984,10, 0.287,286.18, 28.84, 71.12, 49.98,
1984,11, 0.303,287.12, 34.01, 66.85, 50.43,
1984,12, 0.314,287.71, 37.02, 64.37, 50.69,
1984,13, 0.321,287.97, 39.47, 63.08, 51.28,
1984,14, 0.329,288.10, 42.58, 62.73, 52.66,
1984,15, 0.333,288.07, 43.90, 62.25, 53.08,
1984,16, 0.336,288.06, 44.49, 62.52, 53.51,
1984,17, 0.337,287.91, 44.20, 63.05, 53.63,
1984,18, 0.340,287.94, 44.11, 62.78, 53.44,
1984,19, 0.343,287.95, 43.26, 62.99, 53.12,
1984,20, 0.346,287.95, 41.68, 63.14, 52.41,
1984,21, 0.345,287.75, 40.00, 65.99, 52.99,
1984,22, 0.345,287.69, 38.70, 67.99, 53.34,
1984,23, 0.351,288.15, 39.86, 66.62, 53.24,
1984,24, 0.361,288.82, 43.25, 61.97, 52.61,
1984,25, 0.361,288.79, 43.64, 62.51, 53.08,
1984,26, 0.361,288.76, 43.90, 61.86, 52.88,
1984,27, 0.357,288.71, 43.23, 60.29, 51.76,
1984,28, 0.346,288.06, 40.30, 63.03, 51.67,
1984,29, 0.337,287.64, 38.93, 63.50, 51.21,
1984,30, 0.329,287.31, 38.41, 63.20, 50.81,
1984,31, 0.323,287.18, 39.44, 61.46, 50.45,
1984,32, 0.319,287.19, 41.31, 58.72, 50.02,
1984,33, 0.314,287.02, 42.21, 57.61, 49.91,
1984,34, 0.302,286.11, 40.68, 60.58, 50.63,
1984,35, 0.287,284.87, 39.13, 63.76, 51.45,
1984,36, 0.274,283.62, 38.26, 65.55, 51.91,
1984,37, 0.267,282.73, 38.27, 66.10, 52.18,
1984,38, 0.262,282.29, 38.37, 65.47, 51.92,
1984,39, 0.259,282.33, 38.64, 63.23, 50.93,
1984,40, 0.259,282.67, 39.10, 59.64, 49.37,
1984,41, 0.257,282.49, 38.53, 58.45, 48.49,
1984,42, 0.252,281.72, 36.57, 59.90, 48.23,
1984,43, 0.244,280.61, 34.51, 62.52, 48.51,
1984,44, 0.236,279.41, 32.24, 64.89, 48.57,
1984,45, 0.237,279.16, 32.57, 63.27, 47.92,
1984,46, 0.232,278.10, 30.81, 65.43, 48.12,
1984,47, 0.225,276.56, 28.29, 69.24, 48.77,
1984,48, 0.220,274.70, 26.79, 73.20, 49.99,
1984,49, 0.207,272.58, 22.76, 76.22, 49.49,
1984,50,-1.000, -1.00, -1.00, -1.00, -1.00,
1984,51,-1.000, -1.00, -1.00, -1.00, -1.00,
1984,52,-1.000, -1.00, -1.00, -1.00, -1.00,
1985, 1,-1.000, -1.00, -1.00, -1.00, -1.00,
1985, 2,-1.000, -1.00, -1.00, -1.00, -1.00,
1985, 3,-1.000, -1.00, -1.00, -1.00, -1.00,
1985, 4,-1.000, -1.00, -1.00, -1.00, -1.00,
1985, 5,-1.000, -1.00, -1.00, -1.00, -1.00,
1985, 6,-1.000, -1.00, -1.00, -1.00, -1.00,
1985, 7,-1.000, -1.00, -1.00, -1.00, -1.00,
1985, 8,-1.000, -1.00, -1.00, -1.00, -1.00,
1985, 9, 0.317,280.74, 43.74, 73.59, 58.67,
1985,10, 0.314,280.37, 40.35, 74.36, 57.35,
1985,11, 0.335,283.81, 46.45, 71.21, 58.83,
1985,12, 0.350,286.25, 50.90, 67.14, 59.02,
1985,13, 0.361,287.84, 54.56, 62.50, 58.53,
1985,14, 0.367,288.62, 56.60, 59.63, 58.11,
1985,15, 0.370,288.86, 56.87, 59.27, 58.07,
1985,16, 0.373,289.04, 57.49, 57.91, 57.70,
1985,17, 0.373,288.97, 57.13, 58.18, 57.65,
1985,18, 0.380,289.52, 58.99, 53.70, 56.34,
1985,19, 0.386,289.77, 59.56, 51.59, 55.57,
1985,20, 0.390,290.08, 59.05, 49.22, 54.13,
1985,21, 0.397,290.40, 61.03, 46.48, 53.76,
1985,22, 0.405,290.72, 63.69, 44.25, 53.97,
1985,23, 0.414,291.33, 67.17, 40.19, 53.68,
1985,24, 0.423,292.20, 71.20, 31.94, 51.57,
1985,25, 0.422,292.38, 71.09, 30.27, 50.68,
1985,26, 0.416,292.13, 68.91, 32.29, 50.60,
1985,27, 0.408,291.79, 66.38, 34.24, 50.31,
1985,28, 0.399,291.29, 64.08, 36.62, 50.35,
1985,29, 0.389,290.63, 61.38, 40.07, 50.72,
1985,30, 0.379,289.89, 59.48, 43.56, 51.52,
1985,31, 0.376,289.74, 61.12, 42.51, 51.81,
1985,32, 0.377,290.07, 64.38, 38.65, 51.51,
1985,33, 0.376,290.16, 66.15, 36.88, 51.51,
1985,34, 0.372,289.91, 67.04, 37.28, 52.16,
1985,35, 0.367,289.53, 67.82, 36.84, 52.33,
1985,36, 0.360,288.97, 68.16, 36.18, 52.17,
1985,37, 0.349,288.00, 66.72, 38.58, 52.65,
1985,38, 0.335,286.66, 63.44, 43.54, 53.49,
1985,39, 0.322,285.45, 60.05, 47.53, 53.79,
1985,40, 0.312,284.66, 57.55, 49.28, 53.41,
1985,41, 0.305,284.05, 55.22, 49.65, 52.43,
1985,42, 0.299,283.59, 52.81, 48.79, 50.80,
1985,43, 0.296,283.42, 52.96, 46.86, 49.91,
1985,44, 0.298,283.88, 54.61, 42.10, 48.35,
1985,45, 0.303,284.51, 56.49, 37.38, 46.94,
1985,46, 0.298,284.34, 55.10, 37.16, 46.13,
1985,47, 0.290,283.78, 52.43, 38.88, 45.65,
1985,48, 0.287,283.87, 51.66, 38.03, 44.84,
1985,49, 0.286,284.23, 51.62, 36.15, 43.88,
1985,50, 0.279,284.09, 47.00, 43.10, 45.05,
1985,51, 0.265,283.66, 41.38, 46.28, 43.83,
1985,52, 0.247,282.57, 34.00, 52.58, 43.29,
1986, 1, 0.231,281.47, 28.28, 58.44, 43.36,
1986, 2, 0.220,280.60, 25.15, 61.94, 43.54,
1986, 3, 0.218,280.34, 25.16, 63.41, 44.28,
1986, 4, 0.233,281.83, 29.64, 59.01, 44.32,
1986, 5, 0.259,284.52, 36.33, 50.30, 43.31,
1986, 6, 0.279,286.50, 41.07, 44.02, 42.55,
1986, 7, 0.284,287.11, 39.49, 45.87, 42.68,
1986, 8, 0.284,287.12, 36.41, 51.00, 43.70,
1986, 9, 0.287,287.36, 34.25, 53.94, 44.09,
1986,10, 0.290,287.64, 32.94, 55.78, 44.36,
1986,11, 0.294,287.96, 31.93, 56.87, 44.40,
1986,12, 0.308,288.88, 34.67, 54.47, 44.57,
1986,13, 0.326,289.80, 39.56, 51.32, 45.44,
1986,14, 0.338,290.27, 43.61, 49.92, 46.77,
1986,15, 0.344,290.14, 44.79, 50.83, 47.81,
1986,16, 0.350,289.83, 46.71, 52.55, 49.63,
1986,17, 0.362,290.33, 51.58, 47.70, 49.64,
1986,18, 0.374,290.98, 55.29, 41.91, 48.60,
1986,19, 0.380,291.14, 55.84, 39.40, 47.62,
1986,20, 0.386,291.33, 56.39, 36.79, 46.59,
1986,21, 0.392,291.58, 58.77, 34.63, 46.70,
1986,22, 0.396,291.86, 59.64, 32.72, 46.18,
1986,23, 0.398,292.12, 59.57, 31.56, 45.56,
1986,24, 0.396,291.98, 57.90, 33.76, 45.83,
1986,25, 0.397,292.24, 58.63, 31.72, 45.17,
1986,26, 0.396,292.58, 59.20, 28.13, 43.67,
1986,27, 0.394,292.64, 59.24, 26.65, 42.94,
1986,28, 0.391,292.48, 59.85, 26.58, 43.22,
1986,29, 0.387,292.22, 60.14, 27.61, 43.88,
1986,30, 0.379,291.94, 59.04, 29.07, 44.06,
1986,31, 0.366,291.47, 56.55, 31.48, 44.02,
1986,32, 0.349,290.64, 52.93, 36.12, 44.52,
1986,33, 0.337,289.84, 50.77, 40.56, 45.66,
1986,34, 0.326,289.15, 50.03, 43.63, 46.83,
1986,35, 0.319,288.50, 50.96, 44.78, 47.87,
1986,36, 0.315,287.86, 53.35, 44.49, 48.92,
1986,37, 0.310,286.96, 53.90, 45.89, 49.89,
1986,38, 0.305,286.27, 53.59, 46.69, 50.14,
1986,39, 0.301,285.84, 53.56, 46.20, 49.88,
1986,40, 0.301,285.69, 53.89, 44.23, 49.06,
1986,41, 0.297,284.98, 52.91, 45.45, 49.18,
1986,42, 0.294,284.45, 51.10, 45.54, 48.32,
1986,43, 0.294,284.55, 52.05, 42.43, 47.24,
1986,44, 0.293,284.51, 52.77, 39.81, 46.29,
1986,45, 0.293,284.50, 53.06, 37.66, 45.36,
1986,46, 0.295,284.79, 54.26, 34.65, 44.46,
1986,47, 0.298,285.33, 55.80, 31.11, 43.46,
1986,48, 0.308,286.45, 59.75, 25.94, 42.85,
1986,49, 0.319,287.66, 64.20, 20.35, 42.28,
1986,50, 0.328,288.63, 66.20, 19.47, 42.83,
1986,51, 0.332,289.26, 66.58, 18.82, 42.70,
1986,52, 0.333,289.63, 65.60, 18.97, 42.29,
1987, 1, 0.332,289.84, 65.03, 19.56, 42.29,
1987, 2, 0.323,289.19, 60.90, 24.48, 42.69,
1987, 3, 0.320,289.14, 58.93, 27.17, 43.05,
1987, 4, 0.327,289.98, 60.03, 25.41, 42.72,
1987, 5, 0.338,291.04, 61.78, 23.19, 42.48,
1987, 6, 0.350,292.16, 63.97, 20.17, 42.07,
1987, 7, 0.362,293.13, 65.78, 18.15, 41.97,
1987, 8, 0.366,293.32, 65.15, 20.56, 42.86,
1987, 9, 0.373,293.70, 66.00, 21.45, 43.72,
1987,10, 0.379,293.88, 66.55, 21.86, 44.21,
1987,11, 0.381,293.78, 66.22, 23.30, 44.76,
1987,12, 0.383,293.80, 65.40, 23.48, 44.44,
1987,13, 0.386,293.87, 65.33, 22.54, 43.94,
1987,14, 0.387,293.81, 65.04, 23.02, 44.03,
1987,15, 0.383,293.17, 62.09, 26.90, 44.50,
1987,16, 0.380,292.59, 60.37, 29.83, 45.10,
1987,17, 0.378,292.15, 59.34, 31.80, 45.57,
1987,18, 0.376,291.50, 57.48, 35.95, 46.71,
1987,19, 0.373,290.91, 53.96, 40.07, 47.02,
1987,20, 0.372,290.66, 51.25, 41.72, 46.48,
1987,21, 0.375,290.70, 51.31, 41.31, 46.31,
1987,22, 0.380,290.94, 52.30, 40.66, 46.48,
1987,23, 0.384,291.00, 52.47, 42.18, 47.33,
1987,24, 0.387,291.17, 53.11, 41.22, 47.16,
1987,25, 0.388,291.38, 54.03, 38.85, 46.44,
1987,26, 0.387,291.52, 54.45, 36.44, 45.44,
1987,27, 0.383,291.64, 53.73, 34.33, 44.03,
1987,28, 0.375,291.31, 51.64, 34.92, 43.28,
1987,29, 0.365,290.91, 49.90, 36.16, 43.03,
1987,30, 0.350,290.00, 46.57, 41.41, 43.99,
1987,31, 0.337,289.16, 44.37, 45.54, 44.96,
1987,32, 0.328,288.90, 44.36, 45.74, 45.05,
1987,33, 0.320,288.87, 44.21, 44.70, 44.46,
1987,34, 0.312,288.82, 44.67, 43.31, 43.99,
1987,35, 0.303,288.48, 45.13, 42.71, 43.92,
1987,36, 0.294,288.04, 46.12, 41.23, 43.68,
1987,37, 0.290,287.68, 47.23, 39.50, 43.36,
1987,38, 0.286,287.18, 47.56, 39.45, 43.51,
1987,39, 0.284,286.66, 48.03, 39.83, 43.93,
1987,40, 0.285,286.60, 49.03, 37.83, 43.43,
1987,41, 0.283,286.06, 48.07, 38.58, 43.33,
1987,42, 0.276,284.99, 44.82, 42.18, 43.50,
1987,43, 0.270,283.95, 43.20, 45.20, 44.20,
1987,44, 0.274,284.10, 45.26, 42.07, 43.66,
1987,45, 0.284,284.71, 49.10, 37.66, 43.38,
1987,46, 0.291,285.20, 52.21, 33.99, 43.10,
1987,47, 0.298,285.67, 55.17, 31.10, 43.13,
1987,48, 0.301,285.98, 56.45, 29.32, 42.88,
1987,49, 0.299,286.18, 56.47, 27.47, 41.97,
1987,50, 0.301,286.65, 55.20, 30.50, 42.85,
1987,51, 0.309,287.70, 57.29, 27.75, 42.52,
1987,52, 0.321,288.71, 60.31, 25.08, 42.69,
1988, 1, 0.330,289.51, 62.56, 22.90, 42.73,
1988, 2, 0.332,289.75, 62.43, 23.11, 42.77,
1988, 3, 0.326,289.01, 59.76, 28.72, 44.24,
1988, 4, 0.324,288.67, 58.21, 32.69, 45.45,
1988, 5, 0.329,288.92, 57.79, 34.73, 46.26,
1988, 6, 0.333,289.10, 56.92, 37.22, 47.07,
1988, 7, 0.342,289.76, 57.91, 38.02, 47.96,
1988, 8, 0.348,290.09, 57.78, 41.01, 49.40,
1988, 9, 0.350,290.24, 56.08, 43.77, 49.93,
1988,10, 0.348,290.19, 53.56, 45.68, 49.62,
1988,11, 0.341,289.55, 49.33, 50.21, 49.77,
1988,12, 0.337,289.18, 45.98, 53.87, 49.92,
1988,13, 0.335,288.97, 43.65, 56.50, 50.08,
1988,14, 0.333,288.91, 42.32, 57.21, 49.76,
1988,15, 0.334,289.10, 42.16, 54.49, 48.33,
1988,16, 0.327,288.44, 39.03, 57.79, 48.41,
1988,17, 0.324,288.06, 36.94, 59.51, 48.22,
1988,18, 0.325,287.97, 35.64, 60.23, 47.93,
1988,19, 0.326,287.99, 34.14, 60.66, 47.40,
1988,20, 0.333,288.26, 34.51, 59.26, 46.89,
1988,21, 0.336,288.34, 34.65, 60.51, 47.58,
1988,22, 0.343,288.92, 36.79, 57.14, 46.96,
1988,23, 0.351,289.60, 39.39, 51.93, 45.66,
1988,24, 0.348,289.37, 37.65, 53.83, 45.74,
1988,25, 0.344,289.13, 35.99, 55.89, 45.94,
1988,26, 0.338,288.69, 34.07, 59.11, 46.59,
1988,27, 0.333,288.40, 33.64, 60.09, 46.86,
1988,28, 0.330,288.41, 34.18, 57.42, 45.80,
1988,29, 0.325,288.31, 34.47, 56.02, 45.25,
1988,30, 0.321,288.24, 35.78, 54.17, 44.97,
1988,31, 0.316,287.84, 37.21, 54.11, 45.66,
1988,32, 0.303,286.89, 35.90, 57.88, 46.89,
1988,33, 0.290,285.84, 34.23, 61.87, 48.05,
1988,34, 0.277,284.73, 33.18, 65.23, 49.20,
1988,35, 0.269,283.98, 33.64, 65.43, 49.54,
1988,36, 0.260,283.27, 34.37, 64.59, 49.48,
1988,37, 0.251,282.52, 33.74, 65.30, 49.52,
1988,38, 0.244,282.05, 33.09, 65.43, 49.26,
1988,39, 0.234,281.13, 30.77, 67.45, 49.11,
1988,40, 0.224,280.11, 28.13, 69.49, 48.81,
1988,41, 0.215,279.66, 24.82, 70.18, 47.50,
1988,42, 0.215,279.61, 24.57, 67.50, 46.03,
1988,43, 0.218,279.59, 26.30, 65.24, 45.77,
1988,44, 0.222,279.67, 28.56, 62.37, 45.46,
1988,45, 0.225,279.60, 29.29, 61.06, 45.17,
1988,46, 0.233,280.24, 32.14, 57.22, 44.68,
1988,47, 0.243,281.17, 36.01, 52.34, 44.18,
1988,48, 0.254,282.32, 39.85, 46.84, 43.35,
1988,49, 0.264,283.41, 43.67, 41.24, 42.46,
1988,50, 0.277,284.63, 46.34, 41.92, 44.13,
1988,51, 0.286,285.71, 49.14, 37.73, 43.44,
1988,52, 0.296,286.64, 51.73, 34.44, 43.09,
1989, 1, 0.300,287.01, 52.83, 34.20, 43.52,
1989, 2, 0.306,287.57, 54.29, 32.62, 43.46,
1989, 3, 0.313,288.28, 56.21, 31.06, 43.64,
1989, 4, 0.318,288.76, 56.67, 31.27, 43.97,
1989, 5, 0.322,289.21, 55.86, 32.44, 44.15,
1989, 6, 0.325,289.52, 54.69, 34.00, 44.34,
1989, 7, 0.327,289.84, 52.82, 36.55, 44.68,
1989, 8, 0.330,290.09, 51.07, 39.71, 45.39,
1989, 9, 0.335,290.49, 50.42, 41.20, 45.81,
1989,10, 0.342,290.87, 51.31, 41.06, 46.19,
1989,11, 0.349,291.04, 52.82, 41.20, 47.01,
1989,12, 0.357,291.18, 54.37, 41.27, 47.82,
1989,13, 0.365,291.28, 56.31, 41.21, 48.76,
1989,14, 0.375,291.50, 60.05, 39.75, 49.90,
1989,15, 0.386,291.84, 63.96, 36.16, 50.06,
1989,16, 0.394,291.85, 66.43, 35.08, 50.75,
1989,17, 0.398,291.74, 67.75, 34.76, 51.25,
1989,18, 0.398,291.37, 66.81, 36.96, 51.88,
1989,19, 0.397,290.96, 65.10, 39.94, 52.52,
1989,20, 0.400,290.85, 64.00, 41.23, 52.62,
1989,21, 0.401,290.66, 63.86, 43.18, 53.52,
1989,22, 0.406,290.87, 65.27, 41.71, 53.49,
1989,23, 0.411,291.29, 66.53, 39.33, 52.93,
1989,24, 0.412,291.42, 66.13, 39.20, 52.66,
1989,25, 0.412,291.39, 65.95, 40.44, 53.20,
1989,26, 0.409,291.26, 65.02, 41.68, 53.35,
1989,27, 0.409,291.42, 66.18, 38.81, 52.49,
1989,28, 0.412,291.76, 68.81, 33.52, 51.17,
1989,29, 0.411,291.75, 70.50, 31.78, 51.14,
1989,30, 0.409,291.66, 71.96, 30.72, 51.34,
1989,31, 0.406,291.55, 73.34, 29.62, 51.48,
1989,32, 0.403,291.49, 74.85, 28.59, 51.72,
1989,33, 0.402,291.44, 76.40, 27.90, 52.15,
1989,34, 0.399,291.28, 77.45, 27.46, 52.46,
1989,35, 0.397,291.19, 78.66, 25.51, 52.09,
1989,36, 0.393,291.09, 79.71, 22.68, 51.19,
1989,37, 0.385,290.66, 79.21, 22.30, 50.76,
1989,38, 0.375,289.90, 77.31, 24.71, 51.01,
1989,39, 0.364,289.19, 74.85, 26.77, 50.81,
1989,40, 0.356,288.71, 72.89, 27.23, 50.06,
1989,41, 0.348,288.17, 70.92, 27.98, 49.45,
1989,42, 0.338,287.57, 67.31, 28.74, 48.02,
1989,43, 0.333,287.29, 66.57, 27.81, 47.19,
1989,44, 0.329,287.24, 66.38, 25.75, 46.07,
1989,45, 0.324,287.23, 65.17, 24.44, 44.81,
1989,46, 0.324,287.51, 65.50, 22.38, 43.94,
1989,47, 0.325,288.04, 66.22, 19.80, 43.01,
1989,48, 0.328,288.61, 67.12, 17.68, 42.40,
1989,49, 0.332,289.18, 68.85, 15.27, 42.06,
1989,50, 0.336,289.73, 68.90, 15.54, 42.22,
1989,51, 0.340,290.16, 69.45, 14.74, 42.10,
1989,52, 0.337,290.08, 67.27, 16.73, 42.00,
1990, 1, 0.335,290.00, 66.25, 18.48, 42.37,
1990, 2, 0.333,289.97, 64.80, 20.25, 42.52,
1990, 3, 0.335,290.29, 64.48, 20.92, 42.70,
1990, 4, 0.340,290.94, 65.06, 20.50, 42.78,
1990, 5, 0.350,291.82, 66.34, 19.43, 42.88,
1990, 6, 0.359,292.48, 67.20, 19.01, 43.10,
1990, 7, 0.370,293.22, 69.05, 18.24, 43.65,
1990, 8, 0.377,293.69, 69.40, 18.73, 44.06,
1990, 9, 0.382,294.09, 69.59, 19.32, 44.45,
1990,10, 0.386,294.39, 69.89, 18.74, 44.31,
1990,11, 0.388,294.44, 69.70, 18.88, 44.29,
1990,12, 0.389,294.34, 68.79, 20.07, 44.43,
1990,13, 0.392,294.09, 68.57, 21.67, 45.12,
1990,14, 0.398,293.88, 70.40, 22.79, 46.59,
1990,15, 0.403,293.72, 71.83, 23.02, 47.42,
1990,16, 0.405,293.31, 71.81, 25.13, 48.47,
1990,17, 0.405,292.92, 71.31, 26.54, 48.92,
1990,18, 0.406,292.55, 70.50, 28.44, 49.47,
1990,19, 0.409,292.40, 70.32, 28.98, 49.65,
1990,20, 0.412,292.28, 69.08, 29.68, 49.38,
1990,21, 0.415,292.23, 69.56, 29.58, 49.57,
1990,22, 0.418,292.30, 69.99, 28.66, 49.32,
1990,23, 0.421,292.49, 70.51, 27.78, 49.14,
1990,24, 0.422,292.53, 70.49, 27.98, 49.24,
1990,25, 0.423,292.60, 71.14, 27.92, 49.53,
1990,26, 0.424,292.62, 72.43, 27.41, 49.92,
1990,27, 0.427,292.90, 74.88, 23.85, 49.37,
1990,28, 0.427,293.14, 76.37, 20.68, 48.52,
1990,29, 0.422,292.82, 75.63, 22.51, 49.07,
1990,30, 0.413,292.46, 73.99, 24.25, 49.12,
1990,31, 0.402,292.17, 72.24, 24.66, 48.45,
1990,32, 0.395,292.24, 71.80, 22.53, 47.16,
1990,33, 0.391,292.67, 72.33, 18.17, 45.25,
1990,34, 0.387,292.86, 73.05, 14.59, 43.82,
1990,35, 0.380,292.67, 72.84, 13.63, 43.24,
1990,36, 0.373,292.27, 73.01, 13.78, 43.39,
1990,37, 0.365,291.57, 72.20, 15.46, 43.83,
1990,38, 0.359,290.93, 71.82, 17.19, 44.51,
1990,39, 0.355,290.42, 71.68, 18.31, 45.00,
1990,40, 0.351,290.08, 71.34, 18.31, 44.82,
1990,41, 0.348,289.86, 71.24, 17.88, 44.56,
1990,42, 0.345,289.48, 69.64, 18.29, 43.97,
1990,43, 0.339,288.87, 68.77, 19.66, 44.22,
1990,44, 0.332,288.21, 67.35, 20.75, 44.05,
1990,45, 0.332,288.18, 68.11, 19.54, 43.82,
1990,46, 0.336,288.56, 70.24, 17.00, 43.62,
1990,47, 0.338,288.79, 71.24, 15.35, 43.30,
1990,48, 0.335,288.72, 70.33, 15.71, 43.02,
1990,49, 0.336,288.69, 70.43, 15.97, 43.20,
1990,50, 0.339,288.91, 70.48, 18.52, 44.50,
1990,51, 0.345,289.35, 71.54, 18.69, 45.11,
1990,52, 0.348,289.57, 71.02, 19.61, 45.32,
1991, 1, 0.344,289.49, 69.24, 21.48, 45.36,
1991, 2, 0.336,289.22, 65.47, 24.58, 45.02,
1991, 3, 0.327,288.79, 61.07, 29.01, 45.04,
1991, 4, 0.319,288.31, 56.73, 34.09, 45.41,
1991, 5, 0.319,288.54, 54.18, 36.86, 45.52,
1991, 6, 0.333,289.82, 56.87, 33.40, 45.13,
1991, 7, 0.351,291.33, 60.88, 29.04, 44.96,
1991, 8, 0.366,292.63, 64.57, 25.33, 44.95,
1991, 9, 0.375,293.34, 66.37, 24.21, 45.29,
1991,10, 0.382,293.64, 67.89, 23.84, 45.86,
1991,11, 0.389,293.91, 69.73, 22.94, 46.33,
1991,12, 0.395,293.98, 70.48, 23.14, 46.81,
1991,13, 0.396,293.81, 69.97, 24.17, 47.07,
1991,14, 0.395,293.42, 68.97, 26.44, 47.70,
1991,15, 0.393,292.96, 67.27, 28.58, 47.92,
1991,16, 0.391,292.61, 65.66, 30.11, 47.88,
1991,17, 0.387,292.25, 63.39, 31.39, 47.39,
1991,18, 0.376,291.47, 57.73, 36.64, 47.18,
1991,19, 0.367,290.69, 52.05, 41.78, 46.91,
1991,20, 0.362,290.23, 48.00, 44.84, 46.42,
1991,21, 0.364,290.57, 47.79, 42.03, 44.91,
1991,22, 0.370,291.25, 49.24, 36.46, 42.85,
1991,23, 0.378,292.10, 50.85, 30.15, 40.50,
1991,24, 0.385,292.80, 52.94, 23.98, 38.46,
1991,25, 0.389,293.17, 54.62, 20.82, 37.72,
1991,26, 0.384,293.04, 53.29, 21.50, 37.39,
1991,27, 0.380,292.74, 52.87, 23.37, 38.12,
1991,28, 0.375,292.43, 52.45, 25.02, 38.73,
1991,29, 0.370,292.51, 52.48, 23.26, 37.87,
1991,30, 0.360,292.57, 50.66, 21.55, 36.11,
1991,31, 0.339,291.87, 44.70, 25.41, 35.06,
1991,32, 0.318,291.02, 39.50, 30.24, 34.87,
1991,33, 0.297,290.15, 34.32, 35.58, 34.95,
1991,34, 0.273,289.25, 29.22, 39.83, 34.53,
1991,35, 0.255,288.62, 27.27, 40.53, 33.90,
1991,36, 0.239,288.32, 26.09, 38.26, 32.18,
1991,37, 0.225,288.10, 24.47, 35.74, 30.11,
1991,38, 0.214,287.81, 22.68, 34.43, 28.55,
1991,39, 0.205,287.15, 20.55, 35.25, 27.90,
1991,40, 0.203,286.79, 20.02, 34.99, 27.50,
1991,41, 0.199,286.39, 18.06, 35.52, 26.79,
1991,42, 0.197,285.82, 16.78, 36.31, 26.54,
1991,43, 0.195,285.03, 17.01, 37.93, 27.47,
1991,44, 0.199,284.46, 18.75, 38.27, 28.51,
1991,45, 0.206,283.98, 20.89, 38.56, 29.73,
1991,46, 0.212,283.81, 22.84, 38.20, 30.52,
1991,47, 0.216,283.22, 24.32, 39.66, 31.99,
1991,48, 0.220,283.03, 26.02, 39.77, 32.89,
1991,49, 0.223,283.21, 27.94, 38.25, 33.09,
1991,50, 0.236,284.30, 30.26, 39.73, 35.00,
1991,51, 0.249,285.49, 34.77, 36.45, 35.61,
1991,52, 0.271,287.21, 41.90, 30.89, 36.40,
1992, 1, 0.288,288.80, 48.00, 25.34, 36.67,
1992, 2, 0.300,290.00, 51.67, 21.25, 36.46,
1992, 3, 0.306,290.70, 53.04, 20.23, 36.63,
1992, 4, 0.310,291.23, 52.99, 20.41, 36.70,
1992, 5, 0.314,291.72, 51.82, 21.34, 36.58,
1992, 6, 0.321,292.14, 51.79, 21.92, 36.86,
1992, 7, 0.329,292.58, 51.97, 22.92, 37.45,
1992, 8, 0.341,293.07, 53.66, 23.43, 38.54,
1992, 9, 0.351,293.49, 55.53, 23.72, 39.63,
1992,10, 0.359,293.80, 57.48, 23.27, 40.38,
1992,11, 0.365,293.92, 58.85, 23.01, 40.93,
1992,12, 0.365,293.71, 57.47, 24.84, 41.16,
1992,13, 0.367,293.87, 57.23, 23.75, 40.49,
1992,14, 0.368,294.04, 56.88, 22.19, 39.54,
1992,15, 0.363,293.94, 54.30, 21.72, 38.01,
1992,16, 0.359,293.75, 52.07, 21.55, 36.81,
1992,17, 0.357,293.40, 50.35, 22.70, 36.53,
1992,18, 0.356,293.31, 48.49, 22.55, 35.52,
1992,19, 0.352,292.95, 44.33, 24.34, 34.33,
1992,20, 0.346,292.22, 39.43, 29.55, 34.49,
1992,21, 0.341,291.39, 35.98, 35.96, 35.97,
1992,22, 0.337,290.86, 33.53, 40.71, 37.12,
1992,23, 0.340,290.86, 33.41, 41.58, 37.49,
1992,24, 0.343,290.84, 34.05, 42.46, 38.26,
1992,25, 0.347,290.94, 35.92, 41.94, 38.93,
1992,26, 0.351,291.03, 38.15, 40.72, 39.44,
1992,27, 0.352,290.99, 40.31, 39.76, 40.04,
1992,28, 0.353,290.86, 42.68, 38.34, 40.51,
1992,29, 0.352,290.62, 45.04, 38.42, 41.73,
1992,30, 0.350,290.26, 47.19, 39.52, 43.35,
1992,31, 0.353,290.37, 51.38, 36.77, 44.08,
1992,32, 0.350,290.24, 52.87, 35.95, 44.41,
1992,33, 0.343,289.86, 52.47, 37.51, 44.99,
1992,34, 0.332,289.09, 51.11, 41.25, 46.18,
1992,35, 0.323,288.60, 51.39, 41.69, 46.54,
1992,36, 0.314,288.18, 51.87, 40.48, 46.18,
1992,37, 0.304,287.58, 51.02, 40.82, 45.92,
1992,38, 0.294,286.94, 49.41, 42.05, 45.73,
1992,39, 0.285,286.21, 47.31, 43.39, 45.35,
1992,40, 0.274,285.29, 44.06, 45.79, 44.93,
1992,41, 0.264,284.34, 40.44, 48.27, 44.36,
1992,42, 0.255,283.64, 36.69, 49.18, 42.94,
1992,43, 0.249,283.07, 35.29, 49.26, 42.28,
1992,44, 0.241,282.46, 33.17, 49.52, 41.35,
1992,45, 0.233,281.90, 30.37, 50.29, 40.33,
1992,46, 0.234,282.32, 30.60, 46.74, 38.67,
1992,47, 0.238,283.07, 32.31, 42.12, 37.22,
1992,48, 0.240,283.56, 33.25, 39.16, 36.20,
1992,49, 0.242,284.10, 34.94, 35.93, 35.43,
1992,50, 0.252,285.21, 36.47, 36.88, 36.67,
1992,51, 0.265,286.48, 41.10, 32.37, 36.74,
1992,52, 0.278,287.67, 45.36, 28.33, 36.85,
1993, 1, 0.290,288.55, 49.46, 25.60, 37.53,
1993, 2, 0.302,289.43, 53.70, 22.94, 38.32,
1993, 3, 0.314,290.25, 57.25, 21.35, 39.30,
1993, 4, 0.324,290.93, 59.34, 21.14, 40.24,
1993, 5, 0.338,291.81, 61.90, 20.05, 40.98,
1993, 6, 0.350,292.40, 63.91, 19.65, 41.78,
1993, 7, 0.358,292.93, 64.59, 19.97, 42.28,
1993, 8, 0.361,293.12, 63.06, 22.16, 42.61,
1993, 9, 0.356,292.72, 59.22, 27.79, 43.50,
1993,10, 0.357,292.58, 57.56, 30.24, 43.90,
1993,11, 0.357,292.52, 56.01, 31.10, 43.56,
1993,12, 0.356,292.40, 54.22, 32.45, 43.34,
1993,13, 0.357,292.27, 52.99, 33.62, 43.31,
1993,14, 0.355,292.14, 51.58, 34.55, 43.07,
1993,15, 0.350,291.76, 48.64, 36.63, 42.63,
1993,16, 0.343,291.20, 45.12, 40.05, 42.59,
1993,17, 0.342,291.06, 43.47, 39.82, 41.65,
1993,18, 0.345,291.24, 43.42, 38.05, 40.73,
1993,19, 0.349,291.35, 43.03, 37.10, 40.07,
1993,20, 0.352,291.18, 42.22, 38.56, 40.39,
1993,21, 0.357,291.33, 43.47, 37.79, 40.63,
1993,22, 0.366,291.88, 46.13, 33.38, 39.76,
1993,23, 0.369,291.85, 46.33, 35.02, 40.67,
1993,24, 0.368,291.75, 45.21, 36.50, 40.86,
1993,25, 0.365,291.72, 43.98, 36.43, 40.20,
1993,26, 0.359,291.51, 42.19, 37.50, 39.84,
1993,27, 0.351,291.04, 39.72, 40.48, 40.10,
1993,28, 0.341,290.38, 37.72, 44.08, 40.90,
1993,29, 0.333,290.07, 36.76, 44.00, 40.38,
1993,30, 0.326,290.09, 36.80, 40.98, 38.89,
1993,31, 0.315,289.69, 35.43, 41.71, 38.57,
1993,32, 0.301,289.14, 33.32, 43.82, 38.57,
1993,33, 0.285,288.28, 30.14, 48.43, 39.28,
1993,34, 0.273,287.49, 29.60, 50.48, 40.04,
1993,35, 0.267,287.08, 31.78, 48.80, 40.29,
1993,36, 0.257,286.20, 32.46, 49.57, 41.02,
1993,37, 0.245,285.25, 31.05, 51.14, 41.09,
1993,38, 0.236,284.48, 30.01, 51.80, 40.91,
1993,39, 0.230,283.85, 28.98, 51.81, 40.39,
1993,40, 0.226,283.22, 27.65, 51.86, 39.75,
1993,41, 0.223,282.55, 26.49, 52.55, 39.52,
1993,42, 0.225,282.17, 26.36, 51.44, 38.90,
1993,43, 0.230,282.23, 29.26, 48.37, 38.81,
1993,44, 0.237,282.43, 32.36, 44.92, 38.64,
1993,45, 0.239,282.50, 33.22, 43.25, 38.24,
1993,46, 0.248,283.27, 36.27, 39.14, 37.71,
1993,47, 0.257,283.94, 39.75, 35.26, 37.50,
1993,48, 0.266,284.72, 43.36, 31.73, 37.54,
1993,49, 0.267,284.99, 44.55, 30.20, 37.37,
1993,50, 0.269,285.29, 43.08, 34.38, 38.73,
1993,51, 0.274,286.05, 44.49, 33.39, 38.94,
1993,52, 0.279,286.93, 45.11, 32.17, 38.64,
1994, 1, 0.288,288.03, 48.27, 29.00, 38.63,
1994, 2, 0.295,288.63, 50.23, 27.50, 38.86,
1994, 3, 0.297,288.47, 50.28, 30.68, 40.48,
1994, 4, 0.293,287.88, 47.60, 36.59, 42.10,
1994, 5, 0.289,287.28, 43.41, 43.96, 43.68,
1994, 6, 0.287,287.13, 40.45, 47.78, 44.11,
1994, 7, 0.291,287.59, 38.90, 49.64, 44.27,
1994, 8, 0.290,287.44, 35.72, 54.49, 45.10,
1994, 9, 0.281,286.50, 30.61, 61.87, 46.24,
1994,10, 0.274,285.71, 26.74, 67.02, 46.88,
1994,11, 0.277,285.93, 25.88, 67.02, 46.45,
1994,12, 0.282,286.26, 25.76, 66.98, 46.37,
1994,13, 0.284,286.30, 25.30, 68.52, 46.91,
1994,14, 0.290,286.76, 27.39, 67.68, 47.53,
1994,15, 0.294,287.19, 28.73, 65.47, 47.10,
1994,16, 0.295,287.08, 29.14, 65.60, 47.37,
1994,17, 0.287,286.39, 26.60, 68.56, 47.58,
1994,18, 0.277,285.77, 22.67, 70.87, 46.77,
1994,19, 0.271,285.60, 20.09, 71.22, 45.65,
1994,20, 0.266,285.89, 17.80, 69.74, 43.77,
1994,21, 0.267,286.30, 16.68, 68.86, 42.77,
1994,22, 0.265,286.19, 15.55, 70.91, 43.23,
1994,23, 0.271,286.76, 16.01, 70.02, 43.01,
1994,24, 0.282,287.88, 17.40, 64.08, 40.74,
1994,25, 0.292,288.78, 19.35, 58.48, 38.91,
1994,26, 0.295,289.10, 20.84, 55.77, 38.30,
1994,27, 0.297,289.37, 22.16, 53.56, 37.86,
1994,28, 0.297,290.13, 23.58, 45.21, 34.39,
1994,29, 0.295,290.74, 24.67, 37.54, 31.10,
1994,30, 0.286,290.65, 23.89, 36.30, 30.10,
1994,31, 0.273,290.03, 22.24, 38.69, 30.46,
1994,32, 0.255,289.05, 19.49, 43.99, 31.74,
1994,33, 0.237,287.68, 16.67, 51.43, 34.05,
1994,34, 0.219,286.18, 15.29, 57.48, 36.39,
1994,35, 0.207,284.54, 15.85, 61.02, 38.44,
1994,36, 0.200,283.68, 17.29, 59.93, 38.61,
1994,37,-1.000, -1.00, -1.00, -1.00, -1.00,
1994,38,-1.000, -1.00, -1.00, -1.00, -1.00,
1994,39,-1.000, -1.00, -1.00, -1.00, -1.00,
1994,40,-1.000, -1.00, -1.00, -1.00, -1.00,
1994,41,-1.000, -1.00, -1.00, -1.00, -1.00,
1994,42,-1.000, -1.00, -1.00, -1.00, -1.00,
1994,43,-1.000, -1.00, -1.00, -1.00, -1.00,
1994,44,-1.000, -1.00, -1.00, -1.00, -1.00,
1994,45,-1.000, -1.00, -1.00, -1.00, -1.00,
1994,46,-1.000, -1.00, -1.00, -1.00, -1.00,
1994,47,-1.000, -1.00, -1.00, -1.00, -1.00,
1994,48,-1.000, -1.00, -1.00, -1.00, -1.00,
1994,49,-1.000, -1.00, -1.00, -1.00, -1.00,
1994,50,-1.000, -1.00, -1.00, -1.00, -1.00,
1994,51,-1.000, -1.00, -1.00, -1.00, -1.00,
1994,52,-1.000, -1.00, -1.00, -1.00, -1.00,
1995, 1,-1.000, -1.00, -1.00, -1.00, -1.00,
1995, 2,-1.000, -1.00, -1.00, -1.00, -1.00,
1995, 3,-1.000, -1.00, -1.00, -1.00, -1.00,
1995, 4,-1.000, -1.00, -1.00, -1.00, -1.00,
1995, 5,-1.000, -1.00, -1.00, -1.00, -1.00,
1995, 6,-1.000, -1.00, -1.00, -1.00, -1.00,
1995, 7, 0.349,290.59, 60.58, 33.51, 47.04,
1995, 8, 0.352,290.77, 59.24, 36.75, 48.00,
1995, 9, 0.357,291.11, 59.25, 38.33, 48.79,
1995,10, 0.366,291.63, 61.14, 37.20, 49.17,
1995,11, 0.376,292.15, 64.00, 35.07, 49.54,
1995,12, 0.384,292.52, 65.58, 33.76, 49.67,
1995,13, 0.391,292.70, 67.07, 33.01, 50.04,
1995,14, 0.396,292.82, 68.67, 32.25, 50.46,
1995,15, 0.396,292.53, 67.58, 34.02, 50.80,
1995,16, 0.399,292.49, 68.01, 33.93, 50.97,
1995,17, 0.405,292.64, 69.48, 31.47, 50.47,
1995,18, 0.410,292.65, 70.82, 30.49, 50.66,
1995,19, 0.418,292.72, 72.26, 28.98, 50.62,
1995,20, 0.422,292.70, 72.16, 28.47, 50.32,
1995,21, 0.424,292.46, 72.08, 29.86, 50.97,
1995,22, 0.424,292.28, 71.95, 30.98, 51.46,
1995,23, 0.421,291.93, 70.10, 35.26, 52.68,
1995,24, 0.415,291.46, 66.92, 40.43, 53.68,
1995,25, 0.407,291.00, 63.29, 45.29, 54.29,
1995,26, 0.402,290.94, 61.79, 44.92, 53.36,
1995,27, 0.397,290.89, 60.81, 43.89, 52.35,
1995,28, 0.385,290.32, 57.06, 47.03, 52.04,
1995,29, 0.374,289.66, 53.92, 49.88, 51.90,
1995,30, 0.362,288.99, 51.51, 52.19, 51.85,
1995,31, 0.349,288.20, 49.33, 55.28, 52.30,
1995,32, 0.338,287.59, 48.05, 57.58, 52.81,
1995,33, 0.328,287.12, 46.87, 59.32, 53.09,
1995,34, 0.325,287.10, 48.93, 56.75, 52.84,
1995,35, 0.328,287.37, 53.71, 51.33, 52.52,
1995,36, 0.332,287.48, 58.57, 46.21, 52.39,
1995,37, 0.334,287.59, 61.66, 41.82, 51.74,
1995,38, 0.338,287.91, 64.90, 37.31, 51.11,
1995,39, 0.342,288.15, 67.54, 33.49, 50.52,
1995,40, 0.342,288.02, 68.43, 32.07, 50.25,
1995,41, 0.338,287.72, 67.69, 31.48, 49.58,
1995,42, 0.329,287.01, 63.89, 32.89, 48.39,
1995,43, 0.320,286.25, 61.41, 34.34, 47.88,
1995,44, 0.307,285.37, 57.82, 36.13, 46.98,
1995,45, 0.291,284.14, 52.21, 40.38, 46.30,
1995,46, 0.280,283.47, 47.99, 42.67, 45.33,
1995,47, 0.273,283.51, 45.69, 42.16, 43.93,
1995,48, 0.270,283.75, 44.78, 40.65, 42.72,
1995,49, 0.265,283.83, 43.29, 39.27, 41.28,
1995,50, 0.255,283.34, 37.74, 47.86, 42.80,
1995,51, 0.251,283.29, 35.77, 49.40, 42.59,
1995,52, 0.255,283.91, 36.35, 47.94, 42.15,
1996, 1, 0.256,284.15, 36.60, 48.31, 42.45,
1996, 2, 0.258,284.31, 37.33, 48.03, 42.68,
1996, 3, 0.258,284.30, 37.12, 49.42, 43.27,
1996, 4, 0.261,284.58, 36.66, 51.10, 43.88,
1996, 5, 0.268,285.26, 36.29, 52.67, 44.48,
1996, 6, 0.274,285.78, 35.69, 54.67, 45.18,
1996, 7, 0.293,287.48, 39.15, 50.52, 44.83,
1996, 8, 0.317,289.61, 45.18, 43.34, 44.26,
1996, 9, 0.337,291.06, 50.30, 38.63, 44.47,
1996,10, 0.346,291.57, 51.93, 37.86, 44.89,
1996,11, 0.349,291.42, 51.65, 40.33, 45.99,
1996,12, 0.356,291.49, 52.55, 41.16, 46.86,
1996,13, 0.366,291.86, 55.70, 39.31, 47.51,
1996,14, 0.371,291.77, 57.16, 40.16, 48.66,
1996,15, 0.376,291.68, 58.57, 39.69, 49.13,
1996,16, 0.378,291.48, 59.04, 40.03, 49.53,
1996,17, 0.378,291.12, 58.50, 41.76, 50.13,
1996,18, 0.379,290.95, 58.14, 42.38, 50.26,
1996,19, 0.383,291.09, 57.95, 40.70, 49.32,
1996,20, 0.386,291.13, 56.80, 39.87, 48.33,
1996,21, 0.387,291.03, 56.30, 40.73, 48.51,
1996,22, 0.388,290.95, 55.59, 42.08, 48.83,
1996,23, 0.386,290.76, 53.93, 45.45, 49.69,
1996,24, 0.386,290.65, 52.65, 48.01, 50.33,
1996,25, 0.386,290.55, 52.27, 49.81, 51.04,
1996,26, 0.385,290.44, 52.47, 50.35, 51.41,
1996,27, 0.385,290.51, 53.62, 48.20, 50.91,
1996,28, 0.382,290.42, 54.16, 46.57, 50.36,
1996,29, 0.376,290.10, 53.67, 46.92, 50.29,
1996,30, 0.372,290.05, 55.18, 44.53, 49.86,
1996,31, 0.371,290.07, 57.78, 41.45, 49.61,
1996,32, 0.366,289.81, 58.84, 41.21, 50.02,
1996,33, 0.357,289.01, 57.76, 45.87, 51.81,
1996,34, 0.349,288.18, 57.46, 49.99, 53.72,
1996,35, 0.347,287.95, 59.86, 48.13, 54.00,
1996,36, 0.343,287.72, 61.90, 45.34, 53.62,
1996,37, 0.342,287.71, 63.90, 41.71, 52.80,
1996,38, 0.342,287.76, 65.65, 38.51, 52.08,
1996,39, 0.338,287.53, 65.67, 37.23, 51.45,
1996,40, 0.331,286.99, 63.73, 37.95, 50.84,
1996,41, 0.320,286.14, 60.30, 40.65, 50.47,
1996,42, 0.310,285.26, 56.02, 43.23, 49.63,
1996,43, 0.302,284.48, 54.39, 44.92, 49.65,
1996,44, 0.299,284.11, 54.05, 43.78, 48.91,
1996,45, 0.297,284.17, 54.00, 41.34, 47.67,
1996,46, 0.296,283.90, 53.95, 40.82, 47.38,
1996,47, 0.287,283.11, 51.15, 42.87, 47.01,
1996,48, 0.275,282.04, 46.57, 46.13, 46.35,
1996,49, 0.269,281.65, 44.89, 46.22, 45.55,
1996,50, 0.273,282.48, 44.45, 49.34, 46.90,
1996,51, 0.281,283.85, 46.67, 45.31, 45.99,
1996,52, 0.293,285.55, 50.39, 39.38, 44.88,
1997, 1, 0.302,286.62, 53.64, 35.86, 44.75,
1997, 2, 0.312,287.72, 56.98, 31.37, 44.18,
1997, 3, 0.320,288.56, 59.25, 29.19, 44.22,
1997, 4, 0.316,288.19, 56.67, 33.97, 45.32,
1997, 5, 0.315,288.19, 53.88, 37.69, 45.79,
1997, 6, 0.317,288.54, 52.23, 39.03, 45.63,
1997, 7, 0.322,288.98, 51.22, 41.13, 46.17,
1997, 8, 0.328,289.43, 50.24, 43.58, 46.91,
1997, 9, 0.336,290.20, 51.11, 42.75, 46.93,
1997,10, 0.350,291.23, 54.93, 38.30, 46.61,
1997,11, 0.365,292.18, 59.92, 33.18, 46.55,
1997,12, 0.375,292.58, 62.63, 31.39, 47.01,
1997,13, 0.383,292.74, 64.87, 30.86, 47.86,
1997,14, 0.390,292.72, 67.08, 31.63, 49.36,
1997,15, 0.402,293.16, 70.70, 27.53, 49.11,
1997,16, 0.412,293.57, 73.79, 23.13, 48.46,
1997,17, 0.413,293.41, 73.41, 23.08, 48.25,
1997,18, 0.413,293.33, 72.42, 22.90, 47.66,
1997,19, 0.412,293.25, 70.23, 22.88, 46.55,
1997,20, 0.412,293.19, 67.21, 22.94, 45.07,
1997,21, 0.410,293.19, 65.26, 22.42, 43.84,
1997,22, 0.407,293.40, 63.20, 20.18, 41.69,
1997,23, 0.402,293.38, 60.19, 20.73, 40.46,
1997,24, 0.398,293.40, 57.72, 20.58, 39.15,
1997,25, 0.392,293.34, 55.08, 21.62, 38.35,
1997,26, 0.382,293.00, 50.81, 24.26, 37.53,
1997,27, 0.366,292.54, 45.20, 27.03, 36.11,
1997,28, 0.354,292.46, 41.45, 25.81, 33.63,
1997,29, 0.342,292.64, 38.37, 22.53, 30.45,
1997,30, 0.325,292.45, 33.87, 23.07, 28.47,
1997,31, 0.304,292.05, 28.59, 25.23, 26.91,
1997,32, 0.285,291.76, 25.17, 26.06, 25.62,
1997,33, 0.271,291.52, 23.61, 26.64, 25.12,
1997,34, 0.252,291.02, 21.12, 28.80, 24.96,
1997,35, 0.227,290.10, 17.19, 31.89, 24.54,
1997,36, 0.205,289.11, 14.57, 34.03, 24.30,
1997,37, 0.194,288.59, 13.96, 33.27, 23.61,
1997,38, 0.191,288.14, 14.78, 33.04, 23.91,
1997,39, 0.194,287.84, 17.12, 32.56, 24.84,
1997,40, 0.201,287.32, 19.29, 33.52, 26.40,
1997,41, 0.215,287.57, 23.90, 30.33, 27.12,
1997,42, 0.232,288.07, 29.51, 25.93, 27.72,
1997,43, 0.241,287.96, 33.45, 24.69, 29.07,
1997,44, 0.250,287.80, 37.21, 23.35, 30.28,
1997,45, 0.270,288.19, 44.31, 19.92, 32.12,
1997,46, 0.294,288.71, 53.69, 16.45, 35.07,
1997,47, 0.316,289.19, 62.00, 13.64, 37.82,
1997,48, 0.333,289.50, 68.51, 12.24, 40.38,
1997,49, 0.343,289.70, 72.52, 11.31, 41.92,
1997,50, 0.353,290.05, 75.07, 11.83, 43.45,
1997,51, 0.362,290.57, 77.55, 10.82, 44.19,
1997,52, 0.375,291.43, 80.86,  8.72, 44.79,
1998, 1, 0.384,292.00, 84.06,  7.60, 45.83,
1998, 2, 0.396,292.98, 86.96,  4.85, 45.90,
1998, 3, 0.403,293.78, 87.94,  3.67, 45.81,
1998, 4, 0.406,294.26, 87.40,  3.78, 45.59,
1998, 5, 0.407,294.76, 86.19,  3.78, 44.99,
1998, 6, 0.407,295.24, 84.59,  3.65, 44.12,
1998, 7, 0.405,295.59, 81.85,  4.43, 43.14,
1998, 8, 0.401,295.84, 78.14,  5.43, 41.79,
1998, 9, 0.394,296.10, 73.84,  6.49, 40.17,
1998,10, 0.386,296.17, 68.91,  7.15, 38.03,
1998,11, 0.375,296.02, 63.13,  8.58, 35.86,
1998,12, 0.363,295.69, 56.40, 10.98, 33.69,
1998,13, 0.353,295.46, 50.73, 12.39, 31.56,
1998,14, 0.344,295.34, 46.81, 12.64, 29.72,
1998,15, 0.339,295.04, 44.15, 13.80, 28.97,
1998,16, 0.337,294.59, 42.65, 15.87, 29.26,
1998,17, 0.341,294.22, 43.54, 17.15, 30.35,
1998,18, 0.351,293.91, 46.28, 18.56, 32.42,
1998,19, 0.361,293.30, 48.39, 22.84, 35.62,
1998,20, 0.372,292.73, 50.80, 27.37, 39.09,
1998,21, 0.383,292.24, 54.52, 31.52, 43.02,
1998,22, 0.390,291.73, 57.12, 36.46, 46.79,
1998,23, 0.396,291.29, 59.36, 41.20, 50.28,
1998,24, 0.401,291.00, 61.73, 43.88, 52.80,
1998,25, 0.403,290.63, 63.01, 47.58, 55.30,
1998,26, 0.403,290.27, 63.67, 49.88, 56.77,
1998,27, 0.399,289.89, 63.05, 51.31, 57.18,
1998,28, 0.392,289.33, 61.62, 53.32, 57.47,
1998,29, 0.386,288.83, 60.98, 54.75, 57.87,
1998,30, 0.380,288.35, 60.59, 56.01, 58.30,
1998,31, 0.371,287.67, 59.55, 58.31, 58.93,
1998,32, 0.363,287.05, 58.62, 60.89, 59.76,
1998,33, 0.357,286.77, 58.70, 61.22, 59.96,
1998,34, 0.353,286.71, 59.99, 58.70, 59.35,
1998,35, 0.346,286.23, 60.44, 58.13, 59.28,
1998,36, 0.339,285.71, 60.98, 56.90, 58.94,
1998,37, 0.331,285.28, 60.63, 55.49, 58.06,
1998,38, 0.326,285.08, 60.38, 53.77, 57.08,
1998,39, 0.319,284.59, 58.95, 54.07, 56.51,
1998,40, 0.309,283.77, 56.01, 56.39, 56.20,
1998,41, 0.299,283.04, 52.78, 57.18, 54.98,
1998,42, 0.291,282.47, 49.12, 56.78, 52.95,
1998,43, 0.283,281.96, 47.13, 56.53, 51.83,
1998,44, 0.277,281.38, 45.65, 56.33, 50.99,
1998,45, 0.271,280.74, 43.77, 57.31, 50.54,
1998,46, 0.265,280.37, 41.99, 57.59, 49.79,
1998,47, 0.266,280.86, 42.84, 54.37, 48.61,
1998,48, 0.264,280.62, 42.45, 54.12, 48.29,
1998,49, 0.257,279.92, 40.78, 54.44, 47.61,
1998,50, 0.251,279.42, 36.58, 64.32, 50.45,
1998,51, 0.252,279.83, 36.11, 64.02, 50.06,
1998,52, 0.254,280.42, 36.18, 63.51, 49.85,
1999, 1, 0.256,280.75, 36.39, 64.69, 50.54,
1999, 2, 0.256,280.82, 36.42, 65.06, 50.74,
1999, 3, 0.259,281.32, 37.78, 64.34, 51.06,
1999, 4, 0.267,282.15, 39.25, 63.80, 51.52,
1999, 5, 0.277,283.07, 40.06, 64.94, 52.50,
1999, 6, 0.287,283.64, 40.65, 66.84, 53.75,
1999, 7, 0.297,284.36, 41.16, 68.64, 54.90,
1999, 8, 0.311,285.42, 42.83, 68.81, 55.82,
1999, 9, 0.317,285.59, 42.76, 71.41, 57.08,
1999,10, 0.320,285.46, 42.07, 74.17, 58.12,
1999,11, 0.324,285.51, 42.11, 75.11, 58.61,
1999,12, 0.326,285.47, 41.30, 77.01, 59.15,
1999,13, 0.329,285.48, 41.15, 78.80, 59.97,
1999,14, 0.334,285.76, 42.81, 78.87, 60.84,
1999,15, 0.342,286.34, 45.55, 75.24, 60.39,
1999,16, 0.350,286.96, 48.11, 71.12, 59.62,
1999,17, 0.354,287.27, 49.35, 67.56, 58.46,
1999,18, 0.356,287.46, 49.40, 64.57, 56.98,
1999,19, 0.358,287.60, 48.40, 62.94, 55.67,
1999,20, 0.361,287.95, 47.50, 61.05, 54.28,
1999,21, 0.366,288.49, 48.50, 57.95, 53.22,
1999,22, 0.371,289.11, 49.93, 53.88, 51.91,
1999,23, 0.380,290.10, 52.90, 47.43, 50.17,
1999,24, 0.383,290.32, 53.07, 46.97, 50.02,
1999,25, 0.381,290.06, 51.72, 50.74, 51.23,
1999,26, 0.379,289.88, 51.54, 51.90, 51.72,
1999,27, 0.376,289.80, 51.37, 51.81, 51.59,
1999,28, 0.375,290.17, 52.60, 46.75, 49.68,
1999,29, 0.372,290.48, 53.47, 42.25, 47.86,
1999,30, 0.369,290.69, 54.92, 38.68, 46.80,
1999,31, 0.363,290.66, 55.52, 36.70, 46.11,
1999,32, 0.351,290.00, 53.48, 39.89, 46.68,
1999,33, 0.339,289.30, 51.70, 43.58, 47.64,
1999,34, 0.333,288.76, 52.24, 44.66, 48.45,
1999,35, 0.328,288.52, 54.15, 42.77, 48.46,
1999,36, 0.325,288.22, 56.28, 40.65, 48.46,
1999,37, 0.318,287.33, 55.77, 42.40, 49.09,
1999,38, 0.312,286.68, 55.72, 43.22, 49.47,
1999,39, 0.304,285.62, 53.99, 46.18, 50.09,
1999,40, 0.291,284.26, 49.95, 51.22, 50.59,
1999,41, 0.278,283.08, 45.30, 55.24, 50.27,
1999,42, 0.265,282.01, 40.22, 58.32, 49.27,
1999,43, 0.260,281.79, 38.96, 57.24, 48.10,
1999,44, 0.252,281.22, 36.42, 57.35, 46.89,
1999,45, 0.242,280.49, 33.05, 58.76, 45.91,
1999,46, 0.237,280.15, 31.17, 58.51, 44.84,
1999,47, 0.235,279.78, 30.58, 58.30, 44.44,
1999,48, 0.237,279.93, 32.01, 55.69, 43.85,
1999,49, 0.235,279.76, 32.15, 54.32, 43.23,
1999,50, 0.235,279.98, 29.83, 62.12, 45.97,
1999,51, 0.240,281.02, 31.35, 59.95, 45.65,
1999,52, 0.251,282.44, 34.62, 55.69, 45.16,
2000, 1, 0.259,283.31, 37.49, 52.85, 45.17,
2000, 2, 0.262,283.72, 38.43, 51.69, 45.06,
2000, 3, 0.264,284.00, 38.96, 51.77, 45.37,
2000, 4, 0.268,284.45, 39.15, 52.28, 45.71,
2000, 5, 0.265,284.12, 35.35, 58.54, 46.94,
2000, 6, 0.265,284.05, 32.68, 62.89, 47.79,
2000, 7, 0.271,284.27, 31.65, 66.64, 49.14,
2000, 8, 0.285,285.13, 33.47, 67.92, 50.70,
2000, 9, 0.297,285.78, 35.25, 68.25, 51.75,
2000,10, 0.297,285.56, 33.53, 71.33, 52.43,
2000,11, 0.295,285.08, 31.39, 74.18, 52.78,
2000,12, 0.293,284.89, 29.78, 75.45, 52.62,
2000,13, 0.296,285.23, 29.62, 75.00, 52.31,
2000,14, 0.297,285.55, 29.74, 75.45, 52.59,
2000,15, 0.297,285.79, 29.44, 75.02, 52.23,
2000,16, 0.302,286.48, 30.61, 72.13, 51.37,
2000,17, 0.306,287.09, 31.21, 68.64, 49.93,
2000,18, 0.307,287.61, 30.06, 65.56, 47.81,
2000,19, 0.305,287.79, 27.12, 64.32, 45.72,
2000,20, 0.303,287.91, 24.73, 63.41, 44.07,
2000,21, 0.305,288.41, 24.32, 60.71, 42.51,
2000,22, 0.305,288.58, 23.41, 60.45, 41.93,
2000,23, 0.301,288.18, 21.27, 65.85, 43.56,
2000,24, 0.299,287.89, 19.59, 69.13, 44.36,
2000,25, 0.304,288.32, 20.54, 66.06, 43.30,
2000,26, 0.313,289.20, 23.64, 58.83, 41.24,
2000,27, 0.317,289.75, 26.23, 53.43, 39.83,
2000,28, 0.318,290.08, 28.46, 48.37, 38.41,
2000,29, 0.316,290.01, 29.74, 46.26, 38.00,
2000,30, 0.311,289.81, 31.09, 45.17, 38.13,
2000,31, 0.303,289.35, 31.12, 46.32, 38.72,
2000,32, 0.293,288.95, 31.04, 47.81, 39.42,
2000,33, 0.285,288.84, 30.82, 47.70, 39.26,
2000,34, 0.277,288.82, 31.21, 45.86, 38.54,
2000,35, 0.265,288.33, 31.32, 45.31, 38.32,
2000,36, 0.252,287.10, 30.99, 48.25, 39.62,
2000,37, 0.242,285.96, 30.18, 50.89, 40.53,
2000,38, 0.232,284.92, 28.82, 53.30, 41.06,
2000,39, 0.223,283.64, 26.82, 57.24, 42.03,
2000,40, 0.216,282.25, 24.99, 61.72, 43.36,
2000,41, 0.212,281.34, 23.53, 63.30, 43.41,
2000,42, 0.211,280.77, 22.98, 62.93, 42.95,
2000,43, 0.208,280.19, 22.83, 62.64, 42.74,
2000,44, 0.201,278.97, 21.00, 64.31, 42.66,
2000,45, 0.200,278.44, 20.61, 64.12, 42.36,
2000,46, 0.207,278.85, 22.68, 61.06, 41.87,
2000,47, 0.219,279.64, 26.73, 56.48, 41.61,
2000,48, 0.230,280.08, 30.53, 53.37, 41.95,
2000,49, 0.238,280.35, 34.19, 50.73, 42.46,
2000,50, 0.249,281.11, 35.85, 55.98, 45.92,
2000,51, 0.255,281.55, 37.21, 56.16, 46.68,
2000,52, 0.257,281.52, 36.94, 58.61, 47.78,
2001, 1, 0.262,281.87, 38.35, 59.79, 49.07,
2001, 2, 0.271,282.53, 41.12, 57.77, 49.45,
2001, 3, 0.277,283.03, 43.13, 56.76, 49.95,
2001, 4, 0.279,283.18, 42.68, 58.68, 50.68,
2001, 5, 0.282,283.44, 40.90, 62.09, 51.49,
2001, 6, 0.292,284.40, 41.65, 61.67, 51.66,
2001, 7, 0.306,286.02, 43.86, 58.80, 51.33,
2001, 8, 0.322,287.47, 47.01, 56.53, 51.77,
2001, 9, 0.338,288.60, 51.17, 53.76, 52.47,
2001,10, 0.350,289.31, 54.65, 51.38, 53.01,
2001,11, 0.358,289.57, 56.64, 50.79, 53.71,
2001,12, 0.364,289.64, 57.45, 51.57, 54.51,
2001,13, 0.373,290.07, 59.48, 49.46, 54.47,
2001,14, 0.381,290.77, 62.52, 44.69, 53.60,
2001,15, 0.385,290.90, 62.96, 43.12, 53.04,
2001,16, 0.386,290.74, 62.57, 44.09, 53.33,
2001,17, 0.389,290.82, 63.26, 42.45, 52.86,
2001,18, 0.393,290.85, 63.44, 41.83, 52.63,
2001,19, 0.398,290.96, 63.89, 40.58, 52.23,
2001,20, 0.405,291.45, 64.87, 36.23, 50.55,
2001,21, 0.408,291.62, 65.16, 34.67, 49.92,
2001,22, 0.409,291.68, 64.89, 34.45, 49.67,
2001,23, 0.406,291.28, 62.54, 39.49, 51.01,
2001,24, 0.404,291.12, 61.24, 41.72, 51.48,
2001,25, 0.407,291.58, 62.73, 37.23, 49.98,
2001,26, 0.409,292.22, 64.95, 29.92, 47.44,
2001,27, 0.409,292.58, 66.30, 25.58, 45.94,
2001,28, 0.408,292.57, 67.11, 24.48, 45.80,
2001,29, 0.402,292.36, 66.73, 25.12, 45.93,
2001,30, 0.396,292.20, 66.38, 25.11, 45.75,
2001,31, 0.386,291.56, 64.90, 28.59, 46.74,
2001,32, 0.376,290.81, 63.51, 32.88, 48.19,
2001,33, 0.371,290.53, 63.87, 33.53, 48.70,
2001,34, 0.372,290.81, 66.89, 30.00, 48.44,
2001,35, 0.372,290.72, 69.95, 28.48, 49.22,
2001,36, 0.368,289.92, 71.09, 30.31, 50.70,
2001,37, 0.358,288.82, 69.78, 34.13, 51.96,
2001,38, 0.351,288.15, 69.20, 36.09, 52.64,
2001,39, 0.344,287.41, 67.94, 38.24, 53.09,
2001,40, 0.332,286.09, 64.18, 43.58, 53.88,
2001,41, 0.320,284.84, 60.55, 48.19, 54.37,
2001,42, 0.317,284.56, 58.90, 46.92, 52.91,
2001,43, 0.315,284.51, 59.10, 44.44, 51.77,
2001,44, 0.306,283.96, 56.79, 44.42, 50.60,
2001,45, 0.295,283.06, 52.98, 47.05, 50.01,
2001,46, 0.294,283.19, 53.03, 45.47, 49.25,
2001,47, 0.302,284.35, 56.13, 39.69, 47.91,
2001,48, 0.307,285.28, 58.32, 34.81, 46.57,
2001,49, 0.312,285.85, 60.54, 30.69, 45.62,
2001,50, 0.318,286.76, 61.94, 30.74, 46.34,
2001,51, 0.327,287.94, 64.49, 26.14, 45.31,
2001,52, 0.326,288.31, 63.02, 25.88, 44.45,
2002, 1, 0.321,288.11, 60.56, 28.74, 44.65,
2002, 2, 0.321,288.15, 59.81, 29.96, 44.89,
2002, 3, 0.330,288.98, 61.99, 28.13, 45.06,
2002, 4, 0.337,289.74, 63.11, 27.40, 45.26,
2002, 5, 0.342,290.21, 62.11, 28.76, 45.44,
2002, 6, 0.346,290.61, 61.30, 29.78, 45.54,
2002, 7, 0.353,291.24, 61.54, 29.67, 45.61,
2002, 8, 0.358,291.85, 61.11, 30.04, 45.58,
2002, 9, 0.364,292.36, 61.26, 30.49, 45.88,
2002,10, 0.370,292.58, 62.56, 31.02, 46.79,
2002,11, 0.380,292.99, 65.59, 29.49, 47.54,
2002,12, 0.391,293.51, 68.77, 26.70, 47.73,
2002,13, 0.397,293.63, 70.16, 25.88, 48.02,
2002,14, 0.400,293.39, 70.50, 27.53, 49.02,
2002,15, 0.403,293.15, 70.72, 28.39, 49.56,
2002,16, 0.404,293.01, 70.64, 28.39, 49.52,
2002,17, 0.404,292.74, 69.86, 29.47, 49.66,
2002,18, 0.406,292.69, 69.68, 29.09, 49.38,
2002,19, 0.413,293.09, 71.20, 24.81, 48.00,
2002,20, 0.418,293.14, 70.41, 23.41, 46.91,
2002,21, 0.420,293.14, 70.76, 22.03, 46.39,
2002,22, 0.419,293.03, 69.84, 22.28, 46.06,
2002,23, 0.415,292.66, 67.40, 26.57, 46.98,
2002,24, 0.411,292.33, 64.90, 30.41, 47.66,
2002,25, 0.408,292.15, 63.43, 32.60, 48.02,
2002,26, 0.406,292.24, 63.26, 31.28, 47.27,
2002,27, 0.406,292.32, 64.25, 29.66, 46.96,
2002,28, 0.403,292.07, 64.70, 30.63, 47.66,
2002,29, 0.400,291.82, 65.30, 31.30, 48.30,
2002,30, 0.393,291.49, 64.66, 32.15, 48.40,
2002,31, 0.386,291.52, 64.44, 29.84, 47.14,
2002,32, 0.375,291.28, 62.98, 30.06, 46.52,
2002,33, 0.361,290.70, 60.16, 33.07, 46.61,
2002,34, 0.346,290.05, 57.21, 35.84, 46.53,
2002,35, 0.333,289.57, 55.84, 35.99, 45.91,
2002,36, 0.321,289.14, 55.45, 35.17, 45.31,
2002,37, 0.315,288.79, 55.74, 33.86, 44.80,
2002,38, 0.310,288.61, 56.10, 32.20, 44.15,
2002,39, 0.307,288.68, 56.11, 29.51, 42.81,
2002,40, 0.302,288.48, 54.91, 28.74, 41.82,
2002,41, 0.303,288.40, 55.40, 27.28, 41.34,
2002,42, 0.309,288.56, 57.22, 24.33, 40.77,
2002,43, 0.310,288.16, 58.46, 24.23, 41.35,
2002,44, 0.311,287.74, 59.48, 24.16, 41.82,
2002,45, 0.314,287.22, 60.53, 25.36, 42.95,
2002,46, 0.321,287.18, 63.36, 24.52, 43.94,
2002,47, 0.326,287.34, 65.69, 23.16, 44.42,
2002,48, 0.329,287.54, 66.81, 21.97, 44.39,
2002,49, 0.333,287.88, 68.35, 19.85, 44.10,
2002,50, 0.330,287.48, 65.85, 25.06, 45.45,
2002,51, 0.323,287.00, 62.28, 29.30, 45.79,
2002,52, 0.318,287.05, 59.35, 31.38, 45.36,
2003, 1, 0.313,287.04, 57.19, 33.82, 45.51,
2003, 2, 0.316,287.59, 57.73, 32.52, 45.12,
2003, 3, 0.320,288.27, 58.64, 31.39, 45.01,
2003, 4, 0.322,288.62, 57.95, 32.85, 45.40,
2003, 5, 0.328,289.13, 57.51, 34.42, 45.96,
2003, 6, 0.333,289.43, 57.30, 36.14, 46.72,
2003, 7, 0.341,289.98, 57.76, 36.94, 47.35,
2003, 8, 0.354,290.92, 60.30, 35.52, 47.91,
2003, 9, 0.363,291.43, 61.90, 35.72, 48.81,
2003,10, 0.371,291.75, 63.66, 35.36, 49.51,
2003,11, 0.371,291.31, 62.31, 39.36, 50.83,
2003,12, 0.372,290.95, 60.52, 42.95, 51.74,
2003,13, 0.376,291.00, 60.55, 43.35, 51.95,
2003,14, 0.377,290.92, 60.36, 44.15, 52.25,
2003,15, 0.376,290.64, 58.76, 45.52, 52.14,
2003,16, 0.375,290.50, 57.83, 46.34, 52.08,
2003,17, 0.375,290.47, 56.69, 45.74, 51.21,
2003,18, 0.374,290.46, 55.04, 45.31, 50.17,
2003,19, 0.373,290.43, 52.42, 45.41, 48.91,
2003,20, 0.373,290.76, 50.27, 42.72, 46.50,
2003,21, 0.379,291.58, 51.78, 35.49, 43.64,
2003,22, 0.381,291.80, 51.67, 33.64, 42.65,
2003,23, 0.380,291.59, 50.04, 37.17, 43.60,
2003,24, 0.379,291.30, 48.86, 41.19, 45.02,
2003,25, 0.373,290.52, 46.33, 49.40, 47.86,
2003,26, 0.368,289.82, 44.67, 55.16, 49.92,
2003,27, 0.364,289.48, 44.66, 56.53, 50.60,
2003,28, 0.361,289.23, 45.19, 55.90, 50.54,
2003,29, 0.362,289.49, 48.04, 51.11, 49.58,
2003,30, 0.362,289.68, 50.88, 46.82, 48.85,
2003,31, 0.361,289.60, 53.65, 44.72, 49.18,
2003,32, 0.363,289.70, 57.57, 41.97, 49.77,
2003,33, 0.361,289.51, 59.28, 41.68, 50.48,
2003,34, 0.357,289.15, 60.94, 42.03, 51.49,
2003,35, 0.352,288.51, 62.14, 42.95, 52.55,
2003,36, 0.346,287.95, 63.04, 42.18, 52.61,
2003,37, 0.338,287.43, 62.78, 41.59, 52.18,
2003,38, 0.326,286.37, 60.19, 44.76, 52.47,
2003,39, 0.314,285.29, 57.41, 48.32, 52.87,
2003,40, 0.311,285.00, 57.14, 47.67, 52.41,
2003,41, 0.308,284.67, 56.73, 46.94, 51.84,
2003,42, 0.307,284.39, 55.87, 45.72, 50.80,
2003,43, 0.308,284.34, 57.43, 43.65, 50.54,
2003,44, 0.310,284.26, 58.71, 41.57, 50.14,
2003,45, 0.309,284.25, 58.70, 39.57, 49.14,
2003,46, 0.299,283.51, 55.28, 41.36, 48.32,
2003,47, 0.285,282.19, 50.11, 46.11, 48.11,
2003,48, 0.273,281.00, 45.46, 49.58, 47.52,
2003,49, 0.269,280.88, 44.25, 48.57, 46.41,
2003,50, 0.272,281.53, 43.83, 52.90, 48.36,
2003,51, 0.286,283.13, 48.76, 47.72, 48.24,
2003,52, 0.305,284.83, 54.92, 41.07, 48.00,
2004, 1, 0.323,286.43, 60.83, 34.34, 47.58,
2004, 2,-1.000, -1.00, -1.00, -1.00, -1.00,
2004, 3,-1.000, -1.00, -1.00, -1.00, -1.00,
2004, 4,-1.000, -1.00, -1.00, -1.00, -1.00,
2004, 5, 0.329,288.09, 58.12, 38.47, 48.30,
2004, 6, 0.325,288.24, 54.16, 42.10, 48.13,
2004, 7, 0.320,288.07, 49.42, 47.51, 48.47,
2004, 8, 0.315,287.52, 44.47, 54.05, 49.26,
2004, 9, 0.310,286.50, 40.23, 59.86, 50.04,
2004,10, 0.300,285.13, 35.35, 64.63, 49.99,
2004,11,-1.000, -1.00, -1.00, -1.00, -1.00,
2004,12,-1.000, -1.00, -1.00, -1.00, -1.00,
2004,13,-1.000, -1.00, -1.00, -1.00, -1.00,
2004,14,-1.000, -1.00, -1.00, -1.00, -1.00,
2004,15,-1.000, -1.00, -1.00, -1.00, -1.00,
2004,16,-1.000, -1.00, -1.00, -1.00, -1.00,
2004,17,-1.000, -1.00, -1.00, -1.00, -1.00,
2004,18,-1.000, -1.00, -1.00, -1.00, -1.00,
2004,19,-1.000, -1.00, -1.00, -1.00, -1.00,
2004,20,-1.000, -1.00, -1.00, -1.00, -1.00,
2004,21,-1.000, -1.00, -1.00, -1.00, -1.00,
2004,22,-1.000, -1.00, -1.00, -1.00, -1.00,
2004,23,-1.000, -1.00, -1.00, -1.00, -1.00,
2004,24,-1.000, -1.00, -1.00, -1.00, -1.00,
2004,25, 0.376,290.96, 48.44, 40.08, 44.26,
2004,26, 0.377,290.39, 49.66, 44.82, 47.24,
2004,27, 0.372,289.71, 48.80, 50.07, 49.43,
2004,28, 0.367,289.23, 48.93, 52.09, 50.51,
2004,29,-1.000, -1.00, -1.00, -1.00, -1.00,
2004,30, 0.358,289.32, 49.85, 48.12, 48.99,
2004,31, 0.353,289.69, 50.73, 43.89, 47.31,
2004,32, 0.348,289.99, 51.81, 40.26, 46.04,
2004,33, 0.344,290.12, 53.01, 37.67, 45.34,
2004,34, 0.339,290.05, 54.08, 35.96, 45.02,
2004,35, 0.333,289.69, 55.56, 34.91, 45.24,
2004,36, 0.333,289.58, 59.36, 31.17, 45.27,
2004,37, 0.331,289.13, 60.72, 29.98, 45.35,
2004,38, 0.327,288.79, 61.08, 29.50, 45.29,
2004,39, 0.320,288.27, 60.24, 30.49, 45.36,
2004,40, 0.314,287.78, 58.84, 31.44, 45.14,
2004,41, 0.310,287.35, 57.52, 31.79, 44.66,
2004,42, 0.308,286.97, 56.31, 31.57, 43.94,
2004,43, 0.308,286.72, 57.29, 30.78, 44.04,
2004,44, 0.312,286.73, 59.79, 28.11, 43.95,
2004,45, 0.317,286.64, 61.52, 26.95, 44.24,
2004,46, 0.322,286.81, 63.61, 25.49, 44.55,
2004,47, 0.325,287.24, 65.09, 23.42, 44.26,
2004,48, 0.324,287.36, 64.77, 23.11, 43.94,
2004,49, 0.323,287.34, 64.43, 22.90, 43.66,
2004,50, 0.319,287.13, 61.71, 27.70, 44.70,
2004,51, 0.316,287.15, 59.94, 28.87, 44.40,
2004,52, 0.320,287.68, 59.92, 28.10, 44.01,
2005, 1, 0.329,288.74, 63.19, 24.61, 43.90,
2005, 2, 0.342,290.03, 66.72, 19.95, 43.33,
2005, 3, 0.356,291.34, 70.53, 16.07, 43.30,
2005, 4, 0.369,292.58, 73.78, 12.56, 43.17,
2005, 5, 0.376,293.32, 74.28, 11.66, 42.97,
2005, 6, 0.377,293.34, 72.57, 14.19, 43.38,
2005, 7, 0.379,293.56, 71.04, 16.24, 43.64,
2005, 8, 0.384,294.28, 70.79, 15.17, 42.98,
2005, 9, 0.386,294.50, 69.96, 16.77, 43.36,
2005,10, 0.383,294.20, 67.59, 20.01, 43.80,
2005,11, 0.374,293.41, 62.38, 25.91, 44.15,
2005,12, 0.364,292.46, 56.66, 33.28, 44.97,
2005,13, 0.360,291.91, 53.48, 37.63, 45.56,
2005,14, 0.360,291.93, 53.21, 37.90, 45.56,
2005,15, 0.361,291.95, 52.77, 37.08, 44.93,
2005,16, 0.364,292.11, 53.21, 34.85, 44.03,
2005,17, 0.366,292.04, 53.49, 34.08, 43.78,
2005,18, 0.366,291.68, 52.10, 36.07, 44.09,
2005,19, 0.361,290.90, 48.08, 41.61, 44.85,
2005,20, 0.366,290.84, 47.92, 41.29, 44.61,
2005,21, 0.375,291.13, 50.65, 38.38, 44.51,
2005,22, 0.382,291.18, 53.07, 37.74, 45.41,
2005,23, 0.384,291.02, 53.12, 40.00, 46.56,
2005,24, 0.387,291.17, 53.66, 39.27, 46.47,
2005,25, 0.387,291.16, 53.96, 39.96, 46.96,
2005,26, 0.387,291.31, 54.96, 37.77, 46.36,
2005,27, 0.385,291.41, 55.17, 35.81, 45.49,
2005,28, 0.381,291.46, 54.84, 33.68, 44.26,
2005,29, 0.376,291.07, 54.48, 35.26, 44.87,
2005,30, 0.375,291.92, 56.79, 26.66, 41.73,
2005,31, 0.371,292.15, 58.24, 23.36, 40.80,
2005,32, 0.370,292.35, 60.66, 20.86, 40.76,
2005,33, 0.370,292.36, 62.91, 19.86, 41.39,
2005,34, 0.369,292.33, 65.36, 18.99, 42.17,
2005,35, 0.369,292.16, 68.58, 18.37, 43.47,
2005,36, 0.368,291.79, 71.30, 17.88, 44.59,
2005,37, 0.370,291.75, 74.03, 15.53, 44.78,
2005,38, 0.368,291.58, 75.11, 14.67, 44.89,
2005,39, 0.361,290.79, 74.21, 17.15, 45.68,
2005,40, 0.349,289.30, 70.95, 23.63, 47.29,
2005,41, 0.337,287.95, 67.19, 29.18, 48.18,
2005,42, 0.326,286.97, 62.62, 32.36, 47.49,
2005,43, 0.315,285.91, 59.47, 35.71, 47.59,
2005,44, 0.303,284.82, 55.99, 38.74, 47.36,
2005,45, 0.295,284.14, 53.42, 40.37, 46.90,
2005,46, 0.287,283.50, 50.73, 42.13, 46.43,
2005,47, 0.277,282.90, 47.18, 43.82, 45.50,
2005,48, 0.271,282.53, 45.19, 44.50, 44.84,
2005,49, 0.268,282.38, 44.67, 43.72, 44.19,
2005,50, 0.271,283.05, 44.02, 47.17, 45.60,
2005,51, 0.273,283.65, 44.30, 46.01, 45.16,
2005,52, 0.275,283.99, 43.82, 46.45, 45.14,
2006, 1, 0.280,284.40, 45.18, 47.07, 46.12,
2006, 2, 0.292,285.53, 49.23, 42.65, 45.94,
2006, 3, 0.308,287.12, 54.56, 36.70, 45.63,
2006, 4, 0.321,288.30, 58.03, 33.61, 45.82,
2006, 5, 0.333,289.35, 60.26, 31.97, 46.12,
2006, 6, 0.346,290.45, 62.99, 29.39, 46.19,
2006, 7, 0.358,291.27, 64.79, 28.74, 46.76,
2006, 8, 0.365,291.83, 65.42, 29.57, 47.50,
2006, 9, 0.371,292.18, 65.78, 30.96, 48.37,
2006,10, 0.374,292.31, 65.39, 32.10, 48.75,
2006,11, 0.375,292.23, 63.90, 33.41, 48.65,
2006,12, 0.373,291.82, 61.17, 36.87, 49.02,
2006,13, 0.371,291.25, 58.65, 41.34, 50.00,
2006,14, 0.370,290.72, 57.02, 45.87, 51.45,
2006,15, 0.374,290.83, 58.14, 44.64, 51.39,
2006,16, 0.381,291.20, 60.14, 41.01, 50.57,
2006,17, 0.384,291.32, 61.20, 38.77, 49.98,
2006,18, 0.385,291.08, 60.49, 40.14, 50.32,
2006,19, 0.389,291.13, 60.45, 39.45, 49.95,
2006,20, 0.396,291.53, 60.83, 36.30, 48.57,
2006,21, 0.399,291.52, 60.85, 36.25, 48.55,
2006,22, 0.398,291.35, 59.66, 38.17, 48.92,
2006,23, 0.396,291.36, 58.36, 39.16, 48.76,
2006,24, 0.395,291.47, 57.26, 38.39, 47.83,
2006,25, 0.392,291.63, 55.75, 37.04, 46.39,
2006,26, 0.389,291.74, 54.99, 35.27, 45.13,
2006,27, 0.387,291.89, 55.04, 33.25, 44.15,
2006,28, 0.388,292.23, 57.34, 28.79, 43.07,
2006,29, 0.386,292.39, 58.69, 26.00, 42.34,
2006,30, 0.381,292.42, 58.95, 24.52, 41.73,
2006,31, 0.372,292.26, 58.43, 24.22, 41.33,
2006,32, 0.364,292.26, 58.26, 23.11, 40.68,
2006,33, 0.355,292.21, 57.37, 22.68, 40.02,
2006,34, 0.343,292.02, 56.10, 22.80, 39.45,
2006,35, 0.333,291.76, 55.80, 22.22, 39.01,
2006,36, 0.325,291.42, 56.64, 21.30, 38.97,
2006,37, 0.316,291.00, 55.84, 21.06, 38.45,
2006,38, 0.304,290.82, 53.61, 19.87, 36.74,
2006,39, 0.292,290.67, 50.37, 18.43, 34.40,
2006,40, 0.282,290.62, 47.35, 16.52, 31.94,
2006,41, 0.278,290.51, 45.81, 15.34, 30.58,
2006,42, 0.279,290.42, 45.59, 14.23, 29.91,
2006,43, 0.285,290.31, 48.68, 13.17, 30.93,
2006,44, 0.292,289.74, 51.95, 14.01, 32.98,
2006,45, 0.300,289.18, 55.08, 15.58, 35.33,
2006,46, 0.308,288.99, 58.34, 16.11, 37.23,
2006,47, 0.309,288.29, 58.76, 19.41, 39.09,
2006,48, 0.308,287.93, 58.48, 21.07, 39.77,
2006,49, 0.303,287.45, 56.85, 22.80, 39.83,
2006,50, 0.290,286.42, 50.52, 31.21, 40.86,
2006,51, 0.276,285.60, 44.78, 36.59, 40.69,
2006,52, 0.263,284.76, 38.80, 42.57, 40.69,
2007, 1, 0.258,284.85, 36.73, 44.76, 40.75,
2007, 2, 0.264,285.88, 38.74, 41.33, 40.03,
2007, 3, 0.276,287.43, 43.08, 35.79, 39.43,
2007, 4, 0.295,289.18, 48.73, 30.26, 39.50,
2007, 5, 0.312,290.17, 52.10, 29.27, 40.69,
2007, 6, 0.331,291.37, 56.72, 25.85, 41.28,
2007, 7, 0.348,292.43, 60.28, 23.38, 41.83,
2007, 8, 0.358,292.55, 61.40, 25.76, 43.58,
2007, 9, 0.368,293.10, 63.53, 25.26, 44.39,
2007,10, 0.376,293.53, 65.12, 24.21, 44.67,
2007,11, 0.381,293.69, 65.98, 23.99, 44.98,
2007,12, 0.388,294.05, 67.66, 22.02, 44.84,
2007,13, 0.392,294.11, 67.85, 21.56, 44.71,
2007,14, 0.396,294.04, 68.50, 22.04, 45.27,
2007,15, 0.397,293.78, 67.84, 23.23, 45.53,
2007,16, 0.396,293.42, 66.72, 24.71, 45.72,
2007,17, 0.396,293.04, 65.83, 26.15, 45.99,
2007,18, 0.394,292.54, 63.75, 29.30, 46.53,
2007,19, 0.397,292.50, 63.22, 29.02, 46.12,
2007,20, 0.400,292.60, 61.92, 27.57, 44.74,
2007,21, 0.399,292.43, 60.71, 28.34, 44.52,
2007,22, 0.397,292.10, 58.84, 31.37, 45.11,
2007,23, 0.392,291.65, 55.60, 37.05, 46.32,
2007,24, 0.387,291.39, 52.90, 40.18, 46.54,
2007,25, 0.388,291.77, 53.64, 36.57, 45.11,
2007,26, 0.385,291.70, 53.10, 36.64, 44.87,
2007,27, 0.382,291.47, 53.07, 37.56, 45.31,
2007,28, 0.378,291.15, 53.18, 38.28, 45.73,
2007,29, 0.376,291.02, 54.60, 36.96, 45.78,
2007,30, 0.374,290.76, 56.34, 36.90, 46.62,
2007,31, 0.372,290.58, 58.24, 36.08, 47.16,
2007,32, 0.372,290.68, 61.04, 33.63, 47.33,
2007,33, 0.372,290.91, 63.87, 30.64, 47.25,
2007,34, 0.371,290.88, 66.21, 29.49, 47.85,
2007,35, 0.367,290.55, 67.75, 29.65, 48.70,
2007,36, 0.360,290.04, 68.26, 29.77, 49.01,
2007,37, 0.356,290.01, 69.17, 26.61, 47.89,
2007,38, 0.354,290.16, 70.14, 22.99, 46.56,
2007,39, 0.350,289.96, 70.24, 21.92, 46.08,
2007,40, 0.345,289.49, 69.46, 22.72, 46.09,
2007,41, 0.339,288.93, 68.00, 24.09, 46.04,
2007,42, 0.334,288.51, 65.80, 24.80, 45.30,
2007,43, 0.325,287.51, 63.16, 28.52, 45.84,
2007,44, 0.314,286.74, 60.25, 30.56, 45.41,
2007,45, 0.311,286.69, 59.36, 29.93, 44.64,
2007,46, 0.307,286.53, 58.01, 29.92, 43.96,
2007,47, 0.307,286.72, 57.96, 28.82, 43.39,
2007,48, 0.309,286.95, 58.62, 27.78, 43.20,
2007,49, 0.306,286.81, 58.07, 27.50, 42.79,
2007,50, 0.304,286.70, 55.94, 32.58, 44.26,
2007,51, 0.304,286.62, 55.00, 33.49, 44.25,
2007,52, 0.308,286.92, 55.73, 33.25, 44.49,
2008, 1, 0.317,287.66, 58.93, 30.73, 44.83,
2008, 2, 0.323,288.28, 60.70, 28.97, 44.83,
2008, 3, 0.325,288.49, 60.59, 30.15, 45.37,
2008, 4, 0.325,288.41, 59.07, 33.45, 46.26,
2008, 5, 0.320,288.02, 54.73, 39.60, 47.16,
2008, 6, 0.315,287.61, 50.55, 45.26, 47.91,
2008, 7, 0.306,286.83, 43.85, 54.50, 49.18,
2008, 8, 0.301,286.52, 38.62, 61.87, 50.25,
2008, 9, 0.301,286.71, 36.29, 64.91, 50.60,
2008,10, 0.305,287.02, 35.58, 65.92, 50.75,
2008,11, 0.315,287.68, 38.12, 63.66, 50.89,
2008,12, 0.330,288.51, 42.47, 60.08, 51.27,
2008,13, 0.342,289.15, 46.46, 57.03, 51.75,
2008,14, 0.354,289.88, 50.99, 52.66, 51.82,
2008,15, 0.360,290.08, 52.46, 50.92, 51.69,
2008,16, 0.359,289.79, 51.30, 53.28, 52.29,
2008,17, 0.362,290.05, 51.51, 50.44, 50.98,
2008,18, 0.365,290.38, 51.38, 46.76, 49.07,
2008,19, 0.368,290.66, 50.74, 43.47, 47.11,
2008,20, 0.371,290.93, 49.58, 40.40, 44.99,
2008,21, 0.374,291.22, 50.04, 37.46, 43.75,
2008,22, 0.376,291.33, 50.54, 36.87, 43.71,
2008,23, 0.379,291.32, 50.98, 38.24, 44.61,
2008,24, 0.386,291.62, 53.59, 35.81, 44.70,
2008,25, 0.391,291.86, 55.95, 33.82, 44.88,
2008,26, 0.393,291.94, 57.50, 32.64, 45.07,
2008,27, 0.393,291.97, 59.10, 31.57, 45.34,
2008,28, 0.392,291.79, 59.94, 31.73, 45.84,
2008,29, 0.391,291.67, 61.18, 31.61, 46.40,
2008,30, 0.390,291.79, 63.71, 29.03, 46.37,
2008,31, 0.392,292.15, 67.62, 24.53, 46.08,
2008,32, 0.392,292.23, 70.20, 22.90, 46.55,
2008,33, 0.389,291.95, 71.05, 23.77, 47.41,
2008,34, 0.382,291.34, 70.60, 26.76, 48.68,
2008,35, 0.376,290.76, 71.18, 27.97, 49.58,
2008,36, 0.369,290.09, 71.98, 29.11, 50.55,
2008,37, 0.369,289.97, 73.87, 26.25, 50.06,
2008,38, 0.369,290.11, 75.78, 22.53, 49.16,
2008,39, 0.369,290.17, 77.06, 20.26, 48.66,
2008,40, 0.365,289.95, 76.85, 19.67, 48.26,
2008,41, 0.359,289.57, 75.66, 20.03, 47.84,
2008,42, 0.353,289.11, 72.86, 20.83, 46.84,
2008,43, 0.348,288.74, 71.96, 21.05, 46.50,
2008,44, 0.340,288.31, 70.02, 21.28, 45.65,
2008,45, 0.331,287.80, 67.18, 22.39, 44.78,
2008,46, 0.321,286.98, 63.80, 25.31, 44.56,
2008,47, 0.311,286.33, 59.97, 28.36, 44.17,
2008,48, 0.303,285.98, 57.05, 30.37, 43.71,
2008,49, 0.296,285.64, 54.41, 31.67, 43.04,
2008,50, 0.290,285.47, 50.59, 37.74, 44.17,
2008,51, 0.287,285.67, 48.59, 38.11, 43.35,
2008,52, 0.285,286.08, 47.00, 37.58, 42.29,
2009, 1, 0.285,286.47, 46.66, 37.08, 41.87,
2009, 2, 0.289,286.85, 47.76, 36.11, 41.93,
2009, 3, 0.297,287.58, 50.00, 34.28, 42.14,
2009, 4, 0.308,288.47, 52.34, 32.34, 42.34,
2009, 5, 0.317,289.27, 53.46, 31.65, 42.55,
2009, 6, 0.328,290.03, 55.16, 31.26, 43.21,
2009, 7, 0.335,290.36, 55.25, 33.92, 44.59,
2009, 8, 0.343,290.65, 55.56, 36.81, 46.18,
2009, 9, 0.356,291.30, 58.96, 36.46, 47.71,
2009,10, 0.370,291.87, 63.37, 34.66, 49.01,
2009,11, 0.375,291.74, 64.27, 36.64, 50.46,
2009,12, 0.379,291.60, 64.00, 38.90, 51.45,
2009,13, 0.384,291.75, 64.77, 38.33, 51.55,
2009,14, 0.388,291.69, 65.35, 39.31, 52.33,
2009,15, 0.390,291.65, 65.31, 39.27, 52.29,
2009,16, 0.394,291.71, 65.64, 38.37, 52.01,
2009,17, 0.400,292.22, 67.44, 32.98, 50.21,
2009,18, 0.404,292.57, 67.79, 28.73, 48.26,
2009,19, 0.406,292.85, 66.84, 25.37, 46.11,
2009,20, 0.405,292.86, 63.86, 24.69, 44.27,
2009,21, 0.405,292.86, 62.87, 23.81, 43.34,
2009,22, 0.408,293.25, 63.70, 20.01, 41.86,
2009,23, 0.413,293.79, 65.19, 15.51, 40.35,
2009,24, 0.412,293.78, 64.18, 16.13, 40.15,
2009,25, 0.409,293.69, 63.24, 17.68, 40.46,
2009,26, 0.405,293.49, 62.16, 19.46, 40.81,
2009,27, 0.398,293.20, 60.20, 21.67, 40.93,
2009,28, 0.392,292.92, 59.09, 22.83, 40.96,
2009,29, 0.385,292.76, 58.01, 22.64, 40.32,
2009,30, 0.379,292.81, 58.30, 20.40, 39.35,
2009,31, 0.373,292.68, 58.81, 19.24, 39.02,
2009,32, 0.367,292.41, 59.25, 19.78, 39.51,
2009,33, 0.356,291.79, 57.49, 23.29, 40.39,
2009,34, 0.343,290.93, 55.61, 27.75, 41.68,
2009,35, 0.337,290.62, 56.82, 27.23, 42.02,
2009,36, 0.334,290.41, 59.35, 25.30, 42.32,
2009,37, 0.332,290.26, 61.08, 23.31, 42.20,
2009,38, 0.333,290.08, 62.93, 22.35, 42.64,
2009,39, 0.337,289.99, 65.76, 20.94, 43.35,
2009,40, 0.339,289.72, 67.25, 20.62, 43.93,
2009,41, 0.340,289.53, 68.08, 20.01, 44.04,
2009,42, 0.338,289.57, 67.07, 18.23, 42.65,
2009,43, 0.336,289.56, 67.36, 16.77, 42.07,
2009,44, 0.327,289.03, 65.11, 17.64, 41.38,
2009,45, 0.315,288.36, 60.91, 19.77, 40.34,
2009,46, 0.307,287.88, 58.04, 21.38, 39.71,
2009,47, 0.305,287.99, 57.64, 20.42, 39.03,
2009,48, 0.310,288.65, 59.78, 17.46, 38.62,
2009,49, 0.313,289.00, 61.09, 15.57, 38.33,
2009,50, 0.316,289.18, 60.93, 17.37, 39.15,
2009,51, 0.319,289.27, 61.24, 18.54, 39.89,
2009,52, 0.321,289.33, 61.12, 20.19, 40.65,
2010, 1, 0.307,288.80, 55.21, 24.87, 40.04,
2010, 2, 0.316,289.53, 57.89, 22.75, 40.32,
2010, 3, 0.331,290.83, 62.52, 18.64, 40.58,
2010, 4, 0.347,292.00, 66.79, 15.44, 41.12,
2010, 5, 0.358,292.86, 68.69, 14.10, 41.40,
2010, 6, 0.367,293.46, 69.70, 13.74, 41.72,
2010, 7, 0.374,294.01, 69.83, 14.07, 41.95,
2010, 8, 0.379,294.59, 69.46, 13.77, 41.61,
2010, 9, 0.379,294.77, 67.32, 15.34, 41.33,
2010,10, 0.376,294.71, 64.86, 17.07, 40.97,
2010,11, 0.377,294.71, 63.98, 17.62, 40.80,
2010,12, 0.376,294.39, 61.55, 19.89, 40.72,
2010,13, 0.374,293.94, 59.58, 22.53, 41.06,
2010,14, 0.377,293.72, 60.24, 23.68, 41.96,
2010,15, 0.382,293.69, 61.48, 22.77, 42.12,
2010,16, 0.385,293.49, 62.22, 22.96, 42.59,
2010,17, 0.389,293.26, 62.94, 23.45, 43.20,
2010,18, 0.392,293.13, 63.19, 23.59, 43.39,
2010,19, 0.395,292.99, 62.97, 23.78, 43.38,
2010,20, 0.398,292.79, 61.85, 25.09, 43.47,
2010,21, 0.399,292.60, 61.47, 26.25, 43.86,
2010,22, 0.399,292.39, 60.96, 28.27, 44.62,
2010,23, 0.398,292.17, 59.85, 31.54, 45.70,
2010,24, 0.399,292.13, 59.86, 32.55, 46.21,
2010,25, 0.396,291.80, 58.33, 36.44, 47.38,
2010,26, 0.390,291.31, 56.33, 40.80, 48.56,
2010,27, 0.386,291.03, 55.49, 42.47, 48.98,
2010,28, 0.385,290.90, 56.52, 41.78, 49.15,
2010,29, 0.382,290.53, 57.33, 42.96, 50.15,
2010,30, 0.383,290.54, 60.32, 40.96, 50.64,
2010,31, 0.384,290.80, 63.98, 36.77, 50.37,
2010,32, 0.386,290.87, 67.05, 34.49, 50.77,
2010,33, 0.387,290.82, 69.89, 33.63, 51.76,
2010,34, 0.387,290.65, 72.03, 32.98, 52.51,
2010,35, 0.387,290.55, 74.45, 30.89, 52.67,
2010,36, 0.382,290.12, 75.49, 30.43, 52.96,
2010,37, 0.373,289.31, 74.37, 32.21, 53.29,
2010,38, 0.361,288.53, 72.18, 34.20, 53.19,
2010,39, 0.352,288.15, 70.28, 33.81, 52.04,
2010,40, 0.346,288.11, 69.15, 31.72, 50.43,
2010,41, 0.339,287.81, 67.31, 31.10, 49.20,
2010,42, 0.330,287.05, 63.45, 32.74, 48.09,
2010,43, 0.326,286.92, 63.16, 31.23, 47.19,
2010,44, 0.322,286.68, 62.86, 29.90, 46.38,
2010,45, 0.315,286.03, 60.77, 31.37, 46.07,
2010,46, 0.311,285.58, 59.58, 32.43, 46.01,
2010,47, 0.306,285.15, 58.23, 33.61, 45.92,
2010,48, 0.307,285.34, 58.43, 32.28, 45.35,
2010,49, 0.300,284.92, 56.14, 33.53, 44.83,
2010,50, 0.285,283.69, 48.88, 44.74, 46.81,
2010,51, 0.278,283.36, 45.35, 47.94, 46.65,
2010,52, 0.277,283.60, 43.79, 48.94, 46.37,
2011, 1, 0.275,283.77, 42.78, 50.75, 46.76,
2011, 2, 0.272,283.84, 41.56, 51.79, 46.68,
2011, 3, 0.275,284.30, 42.43, 51.44, 46.94,
2011, 4, 0.287,285.72, 45.79, 47.64, 46.72,
2011, 5, 0.300,286.96, 47.80, 45.81, 46.81,
2011, 6, 0.308,287.75, 48.15, 45.11, 46.63,
2011, 7, 0.319,288.80, 49.37, 43.55, 46.46,
2011, 8, 0.325,289.32, 48.96, 45.17, 47.06,
2011, 9, 0.329,289.68, 48.47, 46.54, 47.51,
2011,10, 0.329,289.42, 46.39, 50.21, 48.30,
2011,11, 0.327,288.81, 44.30, 55.09, 49.70,
2011,12, 0.335,289.27, 45.88, 53.42, 49.65,
2011,13, 0.346,290.05, 48.91, 49.71, 49.31,
2011,14, 0.356,290.72, 52.68, 45.92, 49.30,
2011,15, 0.370,291.48, 57.61, 40.19, 48.90,
2011,16, 0.381,292.04, 61.45, 35.34, 48.40,
2011,17, 0.388,292.30, 63.78, 31.71, 47.74,
2011,18, 0.394,292.39, 65.01, 29.56, 47.29,
2011,19, 0.397,292.42, 64.66, 28.26, 46.46,
2011,20, 0.396,292.53, 61.41, 26.87, 44.14,
2011,21, 0.393,292.49, 58.77, 26.65, 42.71,
2011,22, 0.392,292.46, 57.17, 27.31, 42.24,
2011,23, 0.389,292.35, 54.78, 29.37, 42.08,
2011,24, 0.384,292.23, 51.95, 31.28, 41.62,
2011,25, 0.381,292.38, 50.60, 30.39, 40.50,
2011,26, 0.380,292.59, 50.91, 28.10, 39.50,
2011,27, 0.380,292.72, 52.06, 26.26, 39.16,
2011,28, 0.378,292.76, 53.05, 24.60, 38.83,
2011,29, 0.377,292.94, 54.80, 21.67, 38.24,
2011,30, 0.378,293.04, 58.19, 19.21, 38.70,
2011,31, 0.379,293.01, 61.64, 17.75, 39.70,
2011,32, 0.376,292.79, 63.13, 18.02, 40.58,
2011,33, 0.368,292.35, 62.35, 19.99, 41.17,
2011,34, 0.364,292.16, 63.45, 20.01, 41.73,
2011,35, 0.362,291.97, 65.62, 19.28, 42.45,
2011,36, 0.357,291.49, 66.91, 19.45, 43.18,
2011,37, 0.353,291.06, 67.95, 19.27, 43.61,
2011,38, 0.352,290.80, 69.41, 18.59, 44.00,
2011,39, 0.351,290.51, 70.56, 18.36, 44.46,
2011,40, 0.346,289.91, 69.63, 19.85, 44.74,
2011,41, 0.340,289.32, 68.16, 21.26, 44.71,
2011,42, 0.335,289.00, 65.98, 21.25, 43.62,
2011,43, 0.332,288.79, 65.85, 20.53, 43.19,
2011,44, 0.324,287.99, 64.03, 22.19, 43.11,
2011,45, 0.314,287.07, 60.59, 25.18, 42.88,
2011,46, 0.307,286.83, 58.36, 25.61, 41.99,
2011,47, 0.301,286.52, 56.29, 26.54, 41.42,
2011,48, 0.293,285.91, 53.18, 28.81, 40.99,
2011,49, 0.285,285.35, 50.76, 30.42, 40.59,
2011,50, 0.275,284.33, 45.15, 39.99, 42.57,
2011,51, 0.274,284.30, 44.22, 41.93, 43.08,
2011,52, 0.273,284.06, 43.03, 45.38, 44.20,
2012, 1, 0.277,284.30, 44.24, 46.70, 45.47,
2012, 2, 0.290,285.37, 48.86, 43.45, 46.15,
2012, 3, 0.303,286.37, 53.16, 40.86, 47.01,
2012, 4, 0.315,287.30, 56.06, 39.46, 47.76,
2012, 5, 0.323,287.80, 56.32, 41.30, 48.81,
2012, 6, 0.329,288.34, 56.18, 41.76, 48.97,
2012, 7, 0.338,289.28, 56.72, 40.71, 48.71,
2012, 8, 0.340,289.40, 54.69, 44.79, 49.74,
2012, 9, 0.341,289.42, 52.55, 48.58, 50.56,
2012,10, 0.346,289.92, 53.02, 47.86, 50.44,
2012,11, 0.351,290.22, 53.60, 47.32, 50.46,
2012,12, 0.360,290.82, 55.59, 44.73, 50.16,
2012,13, 0.368,291.21, 57.46, 42.87, 50.17,
2012,14, 0.376,291.52, 60.14, 40.90, 50.52,
2012,15, 0.384,291.72, 62.46, 38.37, 50.41,
2012,16, 0.389,291.60, 63.64, 38.47, 51.05,
2012,17, 0.393,291.60, 64.59, 37.24, 50.91,
2012,18, 0.396,291.56, 64.59, 36.79, 50.69,
2012,19, 0.397,291.40, 62.82, 37.90, 50.36,
2012,20, 0.393,290.97, 58.50, 41.56, 50.03,
2012,21, 0.387,290.30, 54.57, 46.90, 50.74,
2012,22, 0.397,291.89, 58.36, 33.86, 46.11,
2012,23, 0.397,292.26, 57.37, 31.78, 44.57,
2012,24, 0.394,292.35, 55.35, 31.78, 43.56,
2012,25, 0.390,292.24, 53.45, 33.23, 43.34,
2012,26, 0.384,291.93, 51.81, 35.39, 43.60,
2012,27, 0.373,291.71, 48.35, 36.03, 42.19,
2012,28, 0.366,291.30, 47.19, 37.69, 42.44,
2012,29, 0.360,291.23, 46.88, 36.40, 41.64,
2012,30, 0.360,291.75, 50.00, 30.43, 40.22,
2012,31, 0.361,292.36, 53.46, 23.98, 38.72,
2012,32, 0.357,292.54, 55.31, 21.48, 38.39,
2012,33, 0.353,292.49, 56.44, 20.51, 38.48,
2012,34, 0.349,292.35, 58.09, 19.93, 39.01,
2012,35, 0.345,292.02, 60.04, 20.37, 40.20,
2012,36, 0.342,291.79, 62.12, 19.19, 40.66,
2012,37, 0.335,291.33, 61.96, 19.13, 40.55,
2012,38, 0.329,290.79, 61.62, 19.86, 40.74,
2012,39, 0.326,290.35, 62.08, 20.36, 41.22,
2012,40, 0.325,289.80, 62.10, 21.41, 41.76,
2012,41, 0.324,289.43, 62.29, 21.53, 41.91,
2012,42, 0.327,289.59, 63.05, 19.39, 41.22,
2012,43, 0.333,289.68, 65.88, 17.61, 41.74,
2012,44, 0.337,289.65, 68.16, 15.57, 41.87,
2012,45, 0.336,289.28, 68.48, 15.45, 41.97,
2012,46, 0.334,289.01, 68.29, 15.59, 41.94,
2012,47, 0.332,288.79, 67.65, 15.99, 41.82,
2012,48, 0.323,287.99, 64.72, 19.23, 41.98,
2012,49, 0.315,287.31, 61.79, 21.61, 41.70,
2012,50, 0.307,286.67, 57.53, 28.19, 42.86,
2012,51, 0.298,285.98, 53.31, 33.54, 43.42,
2012,52, 0.289,285.44, 48.74, 38.79, 43.76,
2013, 1, 0.295,284.20, 49.73, 46.64, 48.13,
2013, 2, 0.302,285.09, 52.00, 43.82, 47.88,
2013, 3, 0.314,286.56, 55.94, 38.41, 47.17,
2013, 4, 0.328,288.22, 60.02, 33.25, 46.63,
2013, 5, 0.335,289.11, 60.57, 33.00, 46.76,
2013, 6, 0.341,289.61, 60.36, 33.84, 47.09,
2013, 7, 0.349,290.34, 60.78, 34.14, 47.45,
2013, 8, 0.359,291.18, 61.97, 34.11, 48.02,
2013, 9, 0.369,292.03, 64.15, 32.60, 48.36,
2013,10, 0.380,292.75, 67.39, 29.76, 48.58,
2013,11, 0.389,293.02, 69.92, 28.85, 49.40,
2013,12, 0.386,292.98, 67.57, 29.44, 48.52,
2013,13, 0.384,292.56, 65.05, 32.57, 48.82,
2013,14, 0.384,292.19, 64.27, 35.24, 49.75,
2013,15, 0.386,291.93, 64.31, 35.89, 50.07,
2013,16, 0.390,291.76, 64.89, 36.01, 50.42,
2013,17, 0.392,291.51, 65.27, 36.44, 50.82,
2013,18, 0.395,291.44, 65.29, 35.43, 50.32,
2013,19, 0.397,291.47, 64.95, 34.15, 49.51,
2013,20, 0.397,291.18, 62.88, 36.20, 49.50,
2013,21, 0.398,291.17, 62.65, 35.64, 49.09,
2013,22, 0.398,291.34, 62.11, 34.80, 48.42,
2013,23, 0.397,291.51, 60.57, 34.40, 47.43,
2013,24, 0.392,291.39, 57.86, 36.67, 47.25,
2013,25, 0.387,291.07, 55.81, 40.23, 47.99,
2013,26, 0.385,290.97, 55.36, 41.30, 48.26,
2013,27, 0.386,291.25, 56.85, 38.11, 47.41,
2013,28, 0.383,291.02, 57.06, 38.15, 47.54,
2013,29, 0.378,290.53, 56.67, 40.33, 48.45,
2013,30, 0.373,290.09, 56.85, 41.45, 49.11,
2013,31, 0.375,290.67, 60.79, 34.93, 47.80,
2013,32, 0.377,291.12, 64.03, 30.50, 47.21,
2013,33, 0.371,290.57, 64.04, 33.12, 48.54,
2013,34, 0.364,289.87, 63.96, 36.05, 49.93,
2013,35, 0.357,289.35, 64.60, 36.51, 50.47,
2013,36, 0.351,288.91, 65.64, 35.95, 50.69,
2013,37, 0.344,288.39, 65.59, 35.74, 50.58,
2013,38, 0.338,287.87, 65.33, 36.07, 50.60,
2013,39, 0.338,287.91, 66.56, 33.32, 49.83,
2013,40, 0.341,288.43, 68.03, 28.55, 48.19,
2013,41, 0.339,288.38, 67.84, 26.85, 47.28,
2013,42, 0.331,287.80, 65.37, 27.50, 46.34,
2013,43, 0.325,287.11, 64.20, 28.84, 46.44,
2013,44, 0.324,286.97, 64.86, 26.86, 45.78,
2013,45, 0.327,286.77, 66.02, 26.15, 45.97,
2013,46, 0.320,286.16, 64.05, 28.01, 45.88,
2013,47, 0.316,285.78, 62.15, 29.68, 45.75,
2013,48, 0.309,285.27, 59.58, 31.90, 45.57,
2013,49, 0.307,285.29, 58.78, 31.19, 44.86,
2013,50, 0.306,285.43, 56.23, 35.42, 45.72,
2013,51, 0.302,285.42, 53.74, 37.25, 45.40,
2013,52, 0.295,285.29, 50.14, 39.98, 44.99,
2014, 1, 0.295,285.83, 49.24, 39.27, 44.17,
2014, 2, 0.296,286.68, 49.46, 36.19, 42.78,
2014, 3, 0.305,288.11, 52.45, 30.71, 41.55,
2014, 4, 0.319,289.92, 56.54, 24.53, 40.51,
2014, 5, 0.331,291.50, 58.64, 19.86, 39.23,
2014, 6, 0.342,292.96, 60.67, 14.96, 37.80,
2014, 7, 0.352,294.19, 61.41, 11.80, 36.60,
2014, 8, 0.359,295.10, 61.56, 10.40, 35.98,
2014, 9, 0.366,295.66, 61.97, 10.38, 36.17,
2014,10, 0.371,295.87, 62.50, 10.68, 36.60,
2014,11, 0.376,295.82, 63.17, 11.57, 37.37,
2014,12, 0.375,295.69, 61.83, 12.05, 36.94,
2014,13, 0.377,295.41, 61.21, 13.39, 37.30,
2014,14, 0.380,295.12, 61.85, 14.36, 38.11,
2014,15, 0.382,294.76, 61.96, 15.12, 38.52,
2014,16, 0.385,294.47, 62.43, 15.56, 38.97,
2014,17, 0.388,294.09, 62.82, 16.59, 39.67,
2014,18, 0.389,293.59, 62.41, 18.76, 40.53,
2014,19, 0.390,293.11, 61.43, 21.35, 41.34,
2014,20, 0.389,292.63, 59.03, 24.33, 41.61,
2014,21, 0.388,292.07, 57.72, 28.19, 42.84,
2014,22, 0.388,291.94, 57.25, 29.63, 43.30,
2014,23, 0.389,292.08, 56.49, 29.11, 42.68,
2014,24, 0.388,292.14, 55.30, 29.14, 42.15,
2014,25, 0.387,292.21, 55.16, 29.30, 42.16,
2014,26, 0.385,292.22, 54.84, 29.47, 42.10,
2014,27, 0.384,292.34, 55.41, 27.68, 41.48,
2014,28, 0.379,292.15, 54.83, 27.77, 41.26,
2014,29, 0.375,291.90, 54.67, 28.36, 41.49,
2014,30, 0.369,291.53, 54.99, 29.60, 42.26,
2014,31, 0.367,291.44, 56.83, 29.23, 43.00,
2014,32, 0.366,291.36, 59.36, 29.24, 44.28,
2014,33, 0.360,290.84, 59.96, 31.85, 45.89,
2014,34, 0.354,290.51, 60.65, 32.52, 46.57,
2014,35, 0.350,290.60, 62.35, 28.94, 45.60,
2014,36, 0.345,290.76, 63.87, 24.77, 44.26,
2014,37, 0.337,290.74, 63.61, 21.99, 42.73,
2014,38, 0.329,290.61, 62.69, 20.27, 41.39,
2014,39, 0.323,290.26, 61.61, 20.09, 40.74,
2014,40, 0.321,290.28, 61.35, 18.14, 39.65,
2014,41, 0.320,290.38, 61.19, 16.04, 38.53,
2014,42, 0.316,290.00, 59.94, 15.92, 37.84,
2014,43, 0.314,289.51, 60.24, 16.33, 38.18,
2014,44, 0.311,288.56, 59.95, 18.71, 39.20,
2014,45, 0.315,287.77, 61.52, 21.08, 41.13,
2014,46, 0.313,287.09, 61.04, 23.33, 41.98,
2014,47, 0.316,287.23, 61.85, 22.94, 42.20,
2014,48, 0.318,287.24, 62.55, 23.22, 42.71,
2014,49, 0.318,286.94, 62.65, 24.14, 43.27,
2014,50, 0.313,286.35, 58.75, 31.37, 44.95,
2014,51, 0.306,285.97, 55.41, 34.55, 44.87,
2014,52, 0.301,285.79, 52.41, 37.33, 44.80,
2015, 1, 0.302,286.37, 52.21, 36.60, 44.36,
2015, 2, 0.308,287.59, 54.14, 31.74, 42.94,
2015, 3, 0.318,288.95, 57.08, 26.50, 41.80,
2015, 4, 0.330,290.49, 60.66, 21.27, 40.99,
2015, 5, 0.336,291.43, 60.73, 19.75, 40.25,
2015, 6, 0.340,291.88, 59.79, 20.80, 40.29,
2015, 7, 0.349,292.85, 60.43, 19.55, 40.00,
2015, 8, 0.358,293.74, 61.20, 18.67, 39.94,
2015, 9, 0.365,294.30, 61.66, 18.87, 40.26,
2015,10, 0.369,294.50, 61.89, 19.23, 40.56,
2015,11, 0.372,294.28, 61.80, 21.37, 41.57,
2015,12, 0.371,294.30, 59.95, 21.07, 40.52,
2015,13, 0.371,294.11, 58.45, 22.20, 40.33,
2015,14, 0.372,293.70, 58.29, 24.80, 41.54,
2015,15, 0.375,293.40, 58.87, 25.68, 42.24,
2015,16, 0.377,293.04, 58.97, 26.98, 42.92,
2015,17, 0.377,292.49, 58.06, 29.73, 43.83,
2015,18, 0.376,292.15, 56.52, 30.77, 43.59,
2015,19, 0.376,291.98, 54.90, 30.76, 42.76,
2015,20, 0.377,291.83, 53.41, 30.90, 42.09,
2015,21, 0.376,291.50, 52.42, 32.85, 42.51,
2015,22, 0.376,291.15, 51.29, 37.06, 44.05,
2015,23, 0.375,291.09, 50.18, 38.85, 44.44,
2015,24, 0.374,291.16, 48.93, 39.04, 43.95,
2015,25, 0.373,291.26, 48.34, 38.31, 43.31,
2015,26, 0.375,291.54, 49.85, 35.50, 42.67,
2015,27, 0.377,291.81, 52.13, 32.66, 42.39,
2015,28, 0.378,291.96, 54.35, 29.50, 41.93,
2015,29, 0.376,291.86, 55.34, 28.87, 42.10,
2015,30, 0.368,291.37, 54.40, 30.95, 42.63,
2015,31, 0.366,291.71, 56.42, 27.14, 41.74,
2015,32, 0.363,292.20, 57.85, 22.71, 40.23,
2015,33, 0.351,292.21, 55.97, 21.33, 38.61,
2015,34, 0.339,292.30, 54.65, 19.09, 36.84,
2015,35, 0.324,292.33, 52.82, 16.54, 34.64,
2015,36, 0.307,292.21, 50.64, 15.02, 32.77,
2015,37, 0.290,291.76, 47.17, 15.09, 31.07,
2015,38, 0.273,290.91, 43.40, 17.55, 30.37,
2015,39, 0.264,290.29, 41.39, 18.91, 30.07,
2015,40, 0.259,289.70, 39.57, 21.05, 30.25,
2015,41, 0.256,289.07, 38.01, 23.17, 30.53,
2015,42, 0.259,288.51, 38.92, 23.98, 31.37,
2015,43, 0.265,287.92, 41.76, 25.00, 33.29,
2015,44, 0.277,287.47, 46.77, 24.56, 35.59,
2015,45, 0.298,287.72, 54.61, 21.36, 37.89,
2015,46, 0.310,287.97, 59.93, 18.79, 39.24,
2015,47, 0.325,288.72, 65.43, 15.17, 40.19,
2015,48, 0.335,289.21, 69.16, 13.18, 41.06,
2015,49, 0.345,289.81, 72.79, 10.54, 41.56,
2015,50, 0.356,290.69, 75.36,  9.24, 42.20,
2015,51, 0.363,291.27, 76.71,  8.24, 42.39,
2015,52, 0.369,291.89, 77.38,  7.31, 42.28,
2016, 1, 0.376,292.64, 78.97,  6.04, 42.45,
2016, 2, 0.376,292.84, 78.32,  6.57, 42.40,
2016, 3, 0.373,292.73, 76.58,  8.82, 42.66,
2016, 4, 0.371,292.58, 75.00, 11.66, 43.29,
2016, 5, 0.369,292.59, 72.55, 14.65, 43.56,
2016, 6, 0.369,292.79, 70.66, 16.57, 43.61,
2016, 7, 0.372,293.09, 69.10, 18.90, 44.00,
2016, 8, 0.376,293.46, 68.60, 21.09, 44.84,
2016, 9, 0.381,293.80, 68.62, 22.47, 45.53,
2016,10, 0.385,294.00, 68.88, 22.85, 45.85,
2016,11, 0.385,294.91, 67.34, 17.76, 42.52,
2016,12, 0.378,295.02, 63.15, 17.05, 40.10,
2016,13, 0.376,294.97, 60.53, 17.33, 38.92,
2016,14, 0.374,294.85, 59.46, 17.57, 38.50,
2016,15, 0.374,294.55, 58.18, 18.20, 38.17,
2016,16, 0.374,294.23, 57.60, 18.94, 38.23,
2016,17, 0.374,293.73, 56.77, 20.92, 38.78,
2016,18, 0.371,292.81, 54.19, 26.56, 40.33,
2016,19, 0.370,292.06, 52.23, 31.57, 41.86,
2016,20, 0.375,291.76, 52.43, 33.06, 42.70,
2016,21, 0.380,291.54, 53.88, 33.86, 43.78,
2016,22, 0.385,291.24, 55.32, 37.28, 46.18,
2016,23, 0.387,291.09, 55.71, 39.81, 47.64,
2016,24, 0.391,291.25, 56.98, 38.75, 47.77,
2016,25, 0.394,291.55, 58.89, 36.03, 47.38,
2016,26, 0.396,291.65, 59.99, 35.14, 47.52,
2016,27, 0.396,291.67, 61.35, 34.34, 47.80,
2016,28, 0.394,291.47, 61.88, 34.34, 48.08,
2016,29, 0.391,291.32, 62.57, 34.04, 48.29,
2016,30, 0.385,290.82, 62.38, 36.38, 49.38,
2016,31, 0.380,290.21, 62.75, 40.04, 51.39,
2016,32, 0.377,290.06, 64.00, 40.23, 52.09,
2016,33, 0.374,290.10, 65.23, 37.86, 51.53,
2016,34, 0.370,289.92, 66.36, 36.36, 51.32,
2016,35, 0.366,289.52, 67.99, 35.85, 51.88,
2016,36, 0.362,289.12, 69.72, 35.34, 52.46,
2016,37, 0.359,289.16, 71.01, 31.85, 51.36,
2016,38, 0.354,288.96, 71.04, 30.22, 50.57,
2016,39, 0.350,288.70, 70.96, 29.39, 50.14,
2016,40, 0.344,288.14, 69.35, 31.03, 50.12,
2016,41, 0.333,286.87, 65.69, 35.87, 50.72,
2016,42, 0.322,285.95, 61.72, 38.04, 49.80,
2016,43, 0.314,285.29, 59.80, 38.89, 49.29,
2016,44, 0.308,284.60, 58.52, 39.24, 48.84,
2016,45, 0.311,284.52, 60.00, 37.42, 48.61,
2016,46, 0.307,284.24, 58.95, 36.98, 47.85,
2016,47, 0.311,285.01, 60.56, 32.67, 46.49,
2016,48, 0.316,285.44, 62.01, 30.50, 46.13,
2016,49, 0.315,285.12, 61.85, 31.37, 46.50,
2016,50, 0.315,284.95, 59.61, 38.01, 48.72,
2016,51, 0.318,285.24, 59.74, 38.70, 49.14,
2016,52, 0.321,285.54, 59.55, 39.44, 49.46,
2017, 1, 0.319,285.32, 58.43, 42.78, 50.58,
2017, 2, 0.313,284.68, 55.83, 47.10, 51.43,
2017, 3, 0.313,285.14, 55.77, 46.22, 51.00,
2017, 4, 0.321,286.28, 57.69, 43.75, 50.77,
2017, 5, 0.323,286.85, 56.33, 45.26, 50.84,
2017, 6, 0.324,287.13, 54.51, 47.74, 51.19,
2017, 7, 0.329,287.59, 53.27, 50.19, 51.82,
2017, 8, 0.343,288.96, 55.80, 47.85, 51.89,
2017, 9, 0.357,290.11, 59.36, 44.93, 52.19,
2017,10, 0.364,290.41, 60.83, 45.19, 53.07,
2017,11, 0.372,290.58, 62.57, 45.27, 53.96,
2017,12, 0.375,291.17, 63.02, 42.23, 52.67,
2017,13, 0.378,291.25, 62.68, 41.99, 52.35,
2017,14, 0.380,291.04, 62.60, 43.89, 53.25,
2017,15, 0.383,291.03, 62.92, 43.20, 53.02,
2017,16, 0.388,291.28, 64.00, 40.57, 52.24,
2017,17, 0.392,291.45, 65.22, 37.84, 51.50,
2017,18, 0.393,291.16, 64.66, 38.75, 51.65,
2017,19, 0.392,290.77, 62.69, 40.88, 51.74,
2017,20, 0.392,290.68, 60.86, 40.74, 50.75,
2017,21, 0.394,290.84, 61.17, 38.71, 49.87,
2017,22, 0.397,290.86, 61.67, 39.95, 50.73,
2017,23, 0.399,290.93, 61.75, 40.75, 51.17,
2017,24, 0.401,291.16, 62.08, 39.55, 50.78,
2017,25, 0.401,291.15, 62.39, 40.40, 51.36,
2017,26, 0.399,290.95, 61.96, 42.64, 52.27,
2017,27, 0.397,290.92, 62.18, 42.18, 52.14,
2017,28, 0.397,291.26, 63.46, 36.72, 50.06,
2017,29, 0.392,291.24, 62.87, 34.79, 48.81,
2017,30, 0.385,290.85, 62.19, 35.69, 48.92,
2017,31, 0.381,290.55, 63.09, 36.74, 49.90,
2017,32, 0.380,290.57, 65.39, 35.82, 50.59,
2017,33, 0.378,290.50, 66.98, 34.65, 50.81,
2017,34, 0.372,289.98, 67.32, 36.42, 51.84,
2017,35, 0.368,289.58, 68.61, 36.25, 52.42,
2017,36, 0.365,289.56, 70.86, 32.92, 51.85,
2017,37, 0.359,289.03, 70.96, 32.62, 51.73,
2017,38, 0.351,288.24, 69.95, 34.24, 52.03,
2017,39, 0.347,287.89, 69.94, 33.78, 51.80,
2017,40, 0.346,287.90, 70.03, 31.84, 50.89,
2017,41, 0.342,287.66, 68.98, 31.00, 49.96,
2017,42, 0.331,286.92, 65.28, 32.58, 48.84,
2017,43, 0.321,286.00, 62.73, 35.17, 48.87,
2017,44, 0.314,285.17, 60.87, 36.62, 48.68,
2017,45, 0.316,284.98, 61.83, 35.53, 48.61,
2017,46, 0.311,284.64, 60.43, 35.52, 47.88,
2017,47, 0.310,284.94, 59.77, 33.90, 46.76,
2017,48, 0.311,285.49, 59.99, 31.58, 45.73,
2017,49, 0.310,285.59, 59.63, 30.67, 45.12,
2017,50, 0.308,285.55, 56.75, 36.64, 46.70,
2017,51, 0.304,285.27, 54.40, 39.54, 46.99,
2017,52, 0.308,285.88, 51.47, 44.15, 47.84,
2018, 1, 0.308,285.87, 53.55, 40.73, 47.15,
2018, 2, 0.306,285.53, 53.87, 41.24, 47.57,
2018, 3, 0.313,286.29, 54.84, 41.11, 48.00,
2018, 4, 0.331,288.12, 59.33, 36.40, 47.91,
2018, 5, 0.343,289.56, 62.60, 31.15, 46.89,
2018, 6, 0.353,290.69, 64.27, 28.15, 46.23,
2018, 7, 0.362,291.55, 64.88, 27.96, 46.44,
2018, 8, 0.369,292.03, 65.74, 28.63, 47.20,
2018, 9, 0.375,292.29, 66.24, 30.48, 48.38,
2018,10, 0.378,292.41, 66.09, 32.50, 49.32,
2018,11, 0.382,292.54, 65.76, 33.97, 49.88,
2018,12, 0.380,292.94, 64.14, 31.05, 47.62,
2018,13, 0.378,292.80, 62.45, 31.02, 46.74,
2018,14, 0.376,292.31, 60.83, 34.30, 47.57,
2018,15, 0.374,291.80, 59.60, 36.89, 48.23,
2018,16, 0.378,291.82, 58.88, 39.39, 49.12,
2018,17, 0.379,291.57, 59.41, 38.17, 48.76,
2018,18, 0.381,291.57, 58.72, 36.93, 47.80,
2018,19, 0.379,291.08, 56.09, 39.90, 47.95,
2018,20, 0.377,290.63, 53.22, 42.80, 47.95,
2018,21, 0.376,290.36, 51.86, 44.54, 48.11,
2018,22, 0.376,290.02, 51.06, 48.55, 49.70,
2018,23, 0.379,290.08, 51.58, 49.08, 50.23,
2018,24, 0.382,290.35, 52.12, 47.49, 49.72,
2018,25, 0.383,290.51, 53.10, 45.67, 49.32,
2018,26, 0.383,290.60, 54.13, 44.22, 49.12,
2018,27, 0.386,291.04, 56.48, 39.15, 47.75,
2018,28, 0.387,291.40, 58.82, 33.63, 46.15,
2018,29, 0.387,291.67, 60.92, 29.45, 45.12,
2018,30, 0.388,292.10, 63.64, 24.01, 43.73,
2018,31, 0.390,292.62, 67.44, 18.73, 43.01,
2018,32, 0.393,293.11, 71.00, 14.26, 42.57,
2018,33, 0.392,293.37, 73.13, 11.35, 42.19,
2018,34, 0.386,293.13, 73.26, 12.15, 42.67,
2018,35, 0.377,292.43, 72.65, 15.28, 43.91,
2018,36, 0.371,291.93, 73.40, 16.60, 44.95,
2018,37, 0.365,291.76, 73.78, 15.31, 44.52,
2018,38, 0.354,290.98, 71.88, 17.61, 44.70,
2018,39, 0.346,290.13, 70.27, 20.49, 45.34,
2018,40, 0.345,290.06, 70.28, 19.48, 44.85,
2018,41, 0.344,290.07, 70.28, 18.12, 44.16,
2018,42, 0.336,289.33, 67.73, 19.76, 43.65,
2018,43, 0.329,288.26, 65.96, 23.12, 44.47,
2018,44, 0.324,287.35, 65.16, 24.88, 44.97,
2018,45, 0.334,287.92, 68.94, 20.38, 44.58,
2018,46, 0.331,287.63, 68.37, 20.45, 44.30,
2018,47, 0.330,287.41, 68.04, 21.21, 44.51,
2018,48, 0.333,287.51, 68.90, 20.73, 44.71,
2018,49, 0.338,287.87, 70.77, 19.02, 44.80,
2018,50, 0.342,288.10, 70.30, 22.22, 46.18,
2018,51, 0.347,288.65, 71.05, 21.70, 46.30,
2018,52, 0.356,289.54, 72.69, 19.57, 46.10,
2019, 1, 0.362,290.36, 74.48, 17.57, 45.99,
2019, 2, 0.364,290.76, 74.45, 16.67, 45.52,
2019, 3, 0.363,291.04, 73.45, 16.80, 45.09,
2019, 4, 0.365,291.54, 73.55, 16.45, 44.98,
2019, 5, 0.370,292.35, 73.54, 15.22, 44.35,
2019, 6, 0.376,293.31, 73.89, 12.91, 43.38,
2019, 7, 0.382,294.13, 73.70, 12.09, 42.88,
2019, 8, 0.388,294.86, 73.96, 11.73, 42.84,
2019, 9, 0.393,295.37, 74.07, 11.87, 42.95,
2019,10, 0.395,295.51, 73.67, 12.35, 42.99,
2019,11, 0.395,295.10, 72.34, 15.47, 43.89,
2019,12, 0.393,295.04, 70.32, 15.62, 42.96,
2019,13, 0.395,295.13, 69.93, 14.33, 42.11,
2019,14, 0.393,294.68, 68.50, 16.52, 42.49,
2019,15, 0.391,294.05, 66.52, 19.73, 43.09,
2019,16, 0.390,293.65, 65.31, 21.55, 43.38,
2019,17, 0.390,293.20, 64.30, 23.50, 43.86,
2019,18, 0.391,292.76, 63.44, 25.24, 44.31,
2019,19, 0.391,292.32, 61.95, 27.89, 44.89,
2019,20, 0.390,291.88, 59.53, 30.95, 45.21,
2019,21, 0.390,291.54, 58.51, 33.25, 45.82,
2019,22, 0.390,291.19, 58.06, 37.75, 47.81,
2019,23, 0.391,290.94, 57.54, 41.56, 49.47,
2019,24, 0.391,290.90, 57.34, 42.69, 49.95,
2019,25, 0.395,291.49, 59.60, 36.94, 48.20,
2019,26, 0.399,292.19, 62.00, 29.80, 45.82,
2019,27, 0.399,292.54, 63.20, 25.53, 44.29,
2019,28, 0.396,292.84, 63.48, 21.10, 42.25,
2019,29, 0.392,292.99, 63.45, 18.48, 40.94,
2019,30, 0.387,293.06, 63.22, 16.40, 39.80,
2019,31, 0.381,293.26, 63.08, 14.29, 38.67,
2019,32, 0.374,293.37, 62.77, 13.46, 38.11,
2019,33, 0.369,293.42, 63.36, 11.98, 37.65,
2019,34, 0.362,293.39, 63.82, 11.06, 37.42,
2019,35, 0.354,293.35, 64.21,  9.68, 36.92,
2019,36, 0.347,293.27, 65.03,  8.21, 36.59,
2019,37, 0.340,293.00, 64.94,  7.51, 36.20,
2019,38, 0.333,292.60, 64.58,  7.76, 36.12,
2019,39, 0.330,291.97, 64.57,  9.45, 36.95,
2019,40, 0.329,291.28, 64.65, 11.75, 38.15,
2019,41, 0.329,290.60, 65.01, 14.20, 39.56,
2019,42, 0.325,289.69, 63.64, 16.88, 40.21,
2019,43, 0.322,289.15, 63.44, 17.86, 40.57,
2019,44, 0.322,288.83, 64.16, 16.93, 40.46,
2019,45, 0.328,289.05, 67.08, 14.13, 40.52,
2019,46, 0.327,288.99, 67.09, 13.54, 40.20,
2019,47, 0.326,288.97, 66.44, 13.94, 40.09,
2019,48, 0.324,288.86, 65.60, 14.99, 40.20,
2019,49, 0.326,288.89, 66.36, 14.73, 40.48,
2019,50, 0.332,289.43, 66.72, 15.53, 41.06,
2019,51, 0.337,289.77, 67.33, 15.55, 41.40,
2019,52, 0.339,289.83, 66.98, 17.01, 41.96,
2020, 1, 0.345,290.29, 68.24, 17.04, 42.60,
2020, 2, 0.351,290.89, 69.69, 15.48, 42.55,
2020, 3, 0.352,290.98, 69.44, 16.81, 43.10,
2020, 4, 0.356,291.18, 69.93, 18.13, 44.02,
2020, 5, 0.362,291.93, 70.61, 17.31, 43.95,
2020, 6, 0.367,292.50, 70.55, 17.37, 43.95,
2020, 7, 0.370,292.71, 69.12, 20.41, 44.76,
2020, 8, 0.377,293.17, 69.14, 22.23, 45.69,
2020, 9, 0.383,293.68, 69.97, 22.65, 46.32,
2020,10, 0.388,294.01, 70.76, 22.16, 46.47,
2020,11, 0.392,293.85, 70.93, 24.04, 47.49,
2020,12, 0.391,294.00, 69.50, 23.16, 46.35,
2020,13, 0.393,294.10, 69.18, 22.12, 45.65,
2020,14, 0.394,293.84, 68.82, 23.59, 46.20,
2020,15, 0.395,293.52, 68.22, 24.68, 46.43,
2020,16, 0.395,292.94, 67.26, 27.94, 47.57,
2020,17, 0.393,292.20, 65.91, 32.29, 49.06,
2020,18, 0.393,291.63, 64.80, 35.48, 50.10,
2020,19, 0.392,290.95, 62.76, 40.24, 51.47,
2020,20, 0.390,290.27, 59.60, 45.34, 52.44,
2020,21, 0.391,290.12, 59.50, 45.95, 52.64,
2020,22, 0.390,289.85, 58.59, 49.45, 53.89,
2020,23, 0.386,289.41, 56.05, 54.85, 55.35,
2020,24, 0.382,289.07, 53.30, 59.20, 56.17,
2020,25, 0.377,288.72, 51.49, 62.14, 56.78,
2020,26, 0.377,288.77, 52.21, 60.74, 56.46,
2020,27, 0.381,289.14, 55.11, 56.29, 55.69,
2020,28, 0.384,289.35, 57.97, 51.76, 54.85,
2020,29, 0.385,289.52, 60.26, 47.88, 54.07,
2020,30, 0.384,289.58, 62.09, 45.01, 53.53,
2020,31, 0.386,289.91, 65.52, 40.87, 53.18,
2020,32, 0.386,290.22, 68.47, 37.36, 52.89,
2020,33, 0.384,290.32, 70.08, 35.08, 52.56,
2020,34, 0.381,290.39, 71.28, 32.76, 51.99,
2020,35, 0.372,289.60, 70.77, 35.11, 52.88,
2020,36, 0.364,288.88, 70.96, 36.51, 53.68,
2020,37, 0.357,288.59, 70.79, 34.78, 52.74,
2020,38, 0.347,287.89, 69.22, 35.76, 52.43,
2020,39, 0.339,287.02, 67.31, 38.31, 52.74,
2020,40, 0.335,286.60, 66.13, 38.82, 52.41,
2020,41, 0.329,286.31, 64.38, 38.34, 51.32,
2020,42, 0.318,285.46, 60.20, 40.27, 50.17,
2020,43, 0.309,284.65, 58.05, 42.01, 49.98,
2020,44, 0.308,284.66, 58.58, 39.10, 48.77,
2020,45, 0.309,284.39, 59.21, 38.53, 48.79,
2020,46, 0.305,284.10, 58.14, 38.50, 48.19,
2020,47, 0.301,284.00, 56.67, 38.54, 47.49,
2020,48, 0.293,283.04, 53.35, 41.95, 47.51,
2020,49, 0.288,282.50, 51.96, 43.03, 47.37,
2020,50, 0.290,282.94, 50.44, 48.29, 49.25,
2020,51, 0.287,282.94, 48.32, 50.11, 49.12,
2020,52, 0.281,282.68, 45.08, 53.52, 49.23,
2021, 1, 0.283,283.14, 45.32, 53.12, 49.17,
2021, 2, 0.290,284.17, 47.77, 48.90, 48.30,
2021, 3, 0.297,285.17, 50.31, 45.21, 47.75,
2021, 4, 0.315,286.98, 55.81, 38.92, 47.37,
2021, 5, 0.330,288.57, 58.85, 34.29, 46.57,
2021, 6, 0.341,289.92, 61.03, 30.47, 45.75,
2021, 7, 0.355,291.29, 63.45, 27.33, 45.40,
2021, 8, 0.367,292.34, 65.88, 26.11, 46.01,
2021, 9, 0.376,292.92, 67.30, 26.48, 46.91,
2021,10, 0.383,293.17, 68.97, 26.84, 47.92,
2021,11, 0.388,292.88, 70.03, 29.51, 49.78,
2021,12, 0.387,292.65, 68.05, 31.61, 49.84,
2021,13, 0.386,292.26, 66.47, 34.69, 50.59,
2021,14, 0.385,291.75, 65.30, 38.18, 51.73,
2021,15, 0.386,291.53, 64.59, 38.94, 51.72,
2021,16, 0.389,291.61, 65.02, 37.51, 51.22,
2021,17, 0.389,291.28, 64.11, 38.80, 51.42,
2021,18, 0.386,290.73, 61.74, 41.81, 51.72,
2021,19, 0.386,290.50, 60.02, 43.03, 51.46,
2021,20, 0.389,290.52, 59.41, 41.82, 50.54,
2021,21, 0.392,290.73, 60.56, 38.55, 49.41,
2021,22, 0.395,290.82, 61.27, 38.84, 49.91,
2021,23, 0.401,291.13, 62.90, 37.52, 50.09,
2021,24, 0.403,291.31, 63.79, 36.54, 50.07,
2021,25, 0.404,291.26, 64.14, 37.77, 50.89,
2021,26, 0.405,291.33, 65.27, 37.56, 51.36,
2021,27, 0.404,291.28, 65.93, 37.45, 51.62,
2021,28, 0.403,291.30, 66.55, 35.23, 50.85,
2021,29, 0.399,291.09, 66.52, 35.19, 50.85,
2021,30, 0.394,290.73, 66.57, 36.20, 51.37,
2021,31, 0.390,290.35, 67.17, 38.07, 52.61,
2021,32, 0.384,289.73, 66.89, 41.75, 54.33,
2021,33, 0.371,288.73, 64.03, 47.28, 55.67,
2021,34,-1.000, -1.00, -1.00, -1.00, -1.00,
2021,35,-1.000, -1.00, -1.00, -1.00, -1.00,
2021,36,-1.000, -1.00, -1.00, -1.00, -1.00,
2021,37,-1.000, -1.00, -1.00, -1.00, -1.00,
2021,38,-1.000, -1.00, -1.00, -1.00, -1.00,
2021,39,-1.000, -1.00, -1.00, -1.00, -1.00,
2021,40,-1.000, -1.00, -1.00, -1.00, -1.00,
2021,41,-1.000, -1.00, -1.00, -1.00, -1.00,
2021,42,-1.000, -1.00, -1.00, -1.00, -1.00,
2021,43,-1.000, -1.00, -1.00, -1.00, -1.00,
2021,44,-1.000, -1.00, -1.00, -1.00, -1.00,
2021,45,-1.000, -1.00, -1.00, -1.00, -1.00,
2021,46,-1.000, -1.00, -1.00, -1.00, -1.00,
2021,47,-1.000, -1.00, -1.00, -1.00, -1.00,
2021,48,-1.000, -1.00, -1.00, -1.00, -1.00,
2021,49,-1.000, -1.00, -1.00, -1.00, -1.00,
2021,50,-1.000, -1.00, -1.00, -1.00, -1.00,
2021,51,-1.000, -1.00, -1.00, -1.00, -1.00,
2021,52,-1.000, -1.00, -1.00, -1.00, -1.00,
