1982, 1, 0.329,299.19, 59.93, 79.12, 69.52,
1982, 2, 0.318,300.01, 57.81, 76.30, 67.06,
1982, 3, 0.307,300.78, 55.68, 74.98, 65.33,
1982, 4, 0.294,301.66, 53.60, 72.50, 63.05,
1982, 5, 0.283,302.70, 52.30, 68.83, 60.57,
1982, 6, 0.274,303.76, 52.44, 65.36, 58.90,
1982, 7, 0.264,304.75, 52.80, 63.12, 57.96,
1982, 8, 0.254,305.76, 53.72, 60.99, 57.35,
1982, 9, 0.244,306.75, 55.48, 58.16, 56.82,
1982,10, 0.233,307.53, 56.91, 56.02, 56.47,
1982,11, 0.220,307.75, 56.50, 58.98, 57.74,
1982,12, 0.207,307.69, 55.35, 62.40, 58.87,
1982,13, 0.194,307.40, 52.71, 63.28, 57.99,
1982,14, 0.183,306.71, 48.63, 64.28, 56.46,
1982,15, 0.173,305.71, 44.56, 63.47, 54.02,
1982,16, 0.166,304.62, 40.87, 60.07, 50.47,
1982,17, 0.162,303.45, 38.10, 55.52, 46.81,
1982,18, 0.154,301.44, 33.86, 52.99, 43.42,
1982,19, 0.147,299.04, 30.51, 51.43, 40.97,
1982,20, 0.139,295.98, 28.33, 52.34, 40.34,
1982,21, 0.132,292.55, 27.43, 53.65, 40.54,
1982,22, 0.123,288.45, 25.10, 56.74, 40.92,
1982,23, 0.113,284.54, 22.09, 57.99, 40.04,
1982,24, 0.107,281.66, 20.45, 57.33, 38.89,
1982,25, 0.108,280.27, 21.32, 53.95, 37.63,
1982,26, 0.110,279.58, 23.06, 48.48, 35.77,
1982,27, 0.113,279.68, 24.46, 42.80, 33.63,
1982,28, 0.115,279.81, 24.58, 40.25, 32.41,
1982,29, 0.119,280.01, 25.04, 39.01, 32.03,
1982,30, 0.121,279.64, 23.70, 40.59, 32.15,
1982,31, 0.124,279.28, 21.73, 42.70, 32.22,
1982,32, 0.127,279.09, 19.66, 46.76, 33.21,
1982,33, 0.139,280.13, 20.21, 48.09, 34.15,
1982,34, 0.160,282.06, 23.04, 45.85, 34.44,
1982,35, 0.182,283.96, 25.26, 45.50, 35.38,
1982,36, 0.204,285.88, 26.72, 47.60, 37.16,
1982,37, 0.225,287.58, 28.18, 51.07, 39.63,
1982,38, 0.252,289.17, 31.47, 53.10, 42.28,
1982,39, 0.279,290.87, 35.21, 51.66, 43.44,
1982,40, 0.305,292.66, 39.67, 45.40, 42.53,
1982,41, 0.329,294.52, 44.67, 36.20, 40.43,
1982,42, 0.345,295.77, 45.82, 31.43, 38.62,
1982,43, 0.355,297.02, 46.70, 27.50, 37.10,
1982,44, 0.359,298.12, 46.10, 26.10, 36.10,
1982,45, 0.352,298.50, 42.02, 32.89, 37.45,
1982,46, 0.347,299.63, 40.29, 29.64, 34.97,
1982,47, 0.342,300.95, 39.46, 22.20, 30.83,
1982,48, 0.332,301.57, 36.88, 21.85, 29.37,
1982,49, 0.320,301.98, 33.60, 22.06, 27.83,
1982,50, 0.307,302.21, 31.58, 17.82, 24.70,
1982,51, 0.298,302.45, 30.25, 17.64, 23.95,
1982,52, 0.290,302.68, 28.91, 18.39, 23.65,
1983, 1, 0.280,302.98, 26.34, 19.35, 22.85,
1983, 2, 0.270,303.51, 25.02, 21.13, 23.08,
1983, 3, 0.258,304.08, 23.18, 24.09, 23.63,
1983, 4, 0.247,304.51, 21.94, 29.04, 25.49,
1983, 5, 0.236,304.89, 21.28, 35.37, 28.32,
1983, 6, 0.227,305.33, 21.08, 41.71, 31.39,
1983, 7, 0.218,305.87, 21.22, 46.84, 34.03,
1983, 8, 0.209,306.49, 21.58, 50.57, 36.07,
1983, 9, 0.198,307.11, 20.70, 52.73, 36.72,
1983,10, 0.187,307.85, 19.46, 50.83, 35.15,
1983,11, 0.178,308.45, 18.94, 48.98, 33.96,
1983,12, 0.169,308.72, 18.76, 48.47, 33.62,
1983,13, 0.162,308.88, 19.16, 44.20, 31.68,
1983,14, 0.156,308.89, 19.60, 37.67, 28.64,
1983,15, 0.150,308.41, 20.54, 35.18, 27.86,
1983,16, 0.144,307.51, 19.54, 32.92, 26.23,
1983,17, 0.141,306.67, 20.15, 28.24, 24.20,
1983,18, 0.139,305.40, 21.12, 23.84, 22.48,
1983,19, 0.135,303.36, 21.55, 21.16, 21.36,
1983,20, 0.130,300.71, 22.45, 20.74, 21.60,
1983,21, 0.127,297.68, 23.84, 22.62, 23.23,
1983,22, 0.125,294.37, 25.61, 26.11, 25.86,
1983,23, 0.124,291.05, 27.57, 29.11, 28.34,
1983,24, 0.126,288.58, 30.81, 29.90, 30.36,
1983,25, 0.134,287.39, 35.23, 27.83, 31.53,
1983,26, 0.141,286.68, 38.74, 24.18, 31.46,
1983,27, 0.143,285.66, 39.79, 23.83, 31.81,
1983,28, 0.144,284.48, 39.18, 26.43, 32.80,
1983,29, 0.149,283.91, 39.81, 27.59, 33.70,
1983,30, 0.155,283.60, 40.15, 29.98, 35.07,
1983,31, 0.160,283.06, 38.83, 33.92, 36.37,
1983,32, 0.166,282.75, 38.05, 37.64, 37.85,
1983,33, 0.178,283.43, 38.48, 39.54, 39.01,
1983,34, 0.190,284.26, 37.74, 42.63, 40.19,
1983,35, 0.204,284.99, 36.83, 47.98, 42.41,
1983,36, 0.220,285.56, 36.00, 55.58, 45.79,
1983,37, 0.239,286.44, 37.27, 61.35, 49.31,
1983,38, 0.257,287.35, 36.74, 66.78, 51.76,
1983,39, 0.276,288.41, 36.86, 71.10, 53.98,
1983,40, 0.301,289.61, 40.87, 74.12, 57.49,
1983,41, 0.326,290.96, 45.52, 76.67, 61.10,
1983,42, 0.347,292.35, 49.67, 75.72, 62.70,
1983,43, 0.358,293.04, 51.18, 81.68, 66.43,
1983,44, 0.365,293.50, 52.88, 87.91, 70.40,
1983,45, 0.372,294.11, 56.85, 90.66, 73.76,
1983,46, 0.375,294.90, 60.10, 90.71, 75.40,
1983,47, 0.376,295.50, 62.95, 91.44, 77.19,
1983,48, 0.376,296.15, 66.44, 91.08, 78.76,
1983,49, 0.374,296.89, 69.12, 87.69, 78.41,
1983,50, 0.367,297.48, 71.89, 84.73, 78.31,
1983,51, 0.353,297.80, 68.19, 85.63, 76.91,
1983,52, 0.343,298.31, 66.17, 84.33, 75.25,
1984, 1, 0.337,299.12, 65.19, 80.18, 72.69,
1984, 2, 0.328,299.85, 63.80, 78.89, 71.35,
1984, 3, 0.319,300.57, 63.43, 78.04, 70.73,
1984, 4, 0.310,301.28, 63.72, 77.78, 70.75,
1984, 5, 0.302,302.05, 64.70, 77.95, 71.33,
1984, 6, 0.294,302.89, 66.06, 77.69, 71.87,
1984, 7, 0.284,303.71, 66.76, 77.49, 72.13,
1984, 8, 0.272,304.48, 67.45, 78.24, 72.85,
1984, 9, 0.260,305.22, 67.81, 78.38, 73.09,
1984,10, 0.247,305.76, 68.24, 79.34, 73.79,
1984,11, 0.234,306.14, 68.89, 79.44, 74.16,
1984,12, 0.220,306.29, 67.97, 79.58, 73.78,
1984,13, 0.206,305.93, 64.50, 80.72, 72.61,
1984,14, 0.195,305.52, 61.27, 76.89, 69.08,
1984,15, 0.187,304.29, 58.62, 76.73, 67.67,
1984,16, 0.184,302.71, 57.86, 76.85, 67.36,
1984,17, 0.186,301.29, 59.74, 73.86, 66.80,
1984,18, 0.185,298.83, 59.67, 74.53, 67.10,
1984,19, 0.184,296.18, 59.79, 73.62, 66.71,
1984,20, 0.184,293.62, 60.53, 69.61, 65.07,
1984,21, 0.179,290.08, 58.79, 69.67, 64.23,
1984,22, 0.173,286.48, 56.87, 68.97, 62.92,
1984,23, 0.167,283.08, 54.39, 68.04, 61.22,
1984,24, 0.160,280.11, 51.38, 67.68, 59.53,
1984,25, 0.157,278.13, 49.79, 66.00, 57.89,
1984,26, 0.154,276.53, 48.61, 64.41, 56.51,
1984,27, 0.156,276.05, 49.23, 60.45, 54.84,
1984,28, 0.158,275.66, 49.44, 59.10, 54.27,
1984,29, 0.164,275.98, 50.59, 56.95, 53.77,
1984,30, 0.175,276.96, 53.03, 52.67, 52.85,
1984,31, 0.183,277.33, 53.06, 51.85, 52.45,
1984,32, 0.191,278.01, 52.92, 51.84, 52.38,
1984,33, 0.203,279.18, 52.99, 52.28, 52.63,
1984,34, 0.218,280.46, 53.26, 54.75, 54.01,
1984,35, 0.240,282.85, 56.15, 53.17, 54.66,
1984,36, 0.266,285.57, 59.61, 50.59, 55.10,
1984,37, 0.288,287.67, 61.60, 50.06, 55.83,
1984,38, 0.306,289.20, 61.32, 51.44, 56.38,
1984,39, 0.324,290.65, 61.03, 52.06, 56.55,
1984,40, 0.340,292.01, 60.82, 51.20, 56.01,
1984,41, 0.355,293.37, 61.60, 49.54, 55.57,
1984,42, 0.370,295.16, 62.21, 39.82, 51.02,
1984,43, 0.384,297.26, 65.53, 25.02, 45.27,
1984,44, 0.390,298.79, 66.42, 18.39, 42.40,
1984,45, 0.387,299.77, 65.09, 17.44, 41.27,
1984,46, 0.384,300.66, 64.34, 17.31, 40.82,
1984,47, 0.379,301.30, 63.87, 18.82, 41.35,
1984,48, 0.374,301.73, 63.60, 20.29, 41.94,
1984,49, 0.373,302.05, 67.12, 21.24, 44.18,
1984,50,-1.000, -1.00, -1.00, -1.00, -1.00,
1984,51,-1.000, -1.00, -1.00, -1.00, -1.00,
1984,52,-1.000, -1.00, -1.00, -1.00, -1.00,
1985, 1,-1.000, -1.00, -1.00, -1.00, -1.00,
1985, 2,-1.000, -1.00, -1.00, -1.00, -1.00,
1985, 3,-1.000, -1.00, -1.00, -1.00, -1.00,
1985, 4,-1.000, -1.00, -1.00, -1.00, -1.00,
1985, 5,-1.000, -1.00, -1.00, -1.00, -1.00,
1985, 6,-1.000, -1.00, -1.00, -1.00, -1.00,
1985, 7,-1.000, -1.00, -1.00, -1.00, -1.00,
1985, 8,-1.000, -1.00, -1.00, -1.00, -1.00,
1985, 9, 0.181,311.08, 13.90, 11.55, 12.73,
1985,10, 0.174,311.32, 14.72, 13.90, 14.31,
1985,11, 0.169,311.37, 16.37, 16.42, 16.39,
1985,12, 0.163,311.23, 17.89, 19.21, 18.55,
1985,13, 0.158,310.84, 19.41, 21.57, 20.49,
1985,14, 0.154,310.22, 21.15, 22.65, 21.90,
1985,15, 0.151,309.34, 23.62, 24.59, 24.10,
1985,16, 0.149,308.12, 25.77, 26.16, 25.96,
1985,17, 0.148,306.52, 27.36, 26.97, 27.16,
1985,18, 0.147,304.22, 29.19, 28.79, 28.99,
1985,19, 0.143,300.77, 28.83, 35.65, 32.24,
1985,20, 0.137,296.12, 28.02, 45.71, 36.86,
1985,21, 0.132,291.04, 27.72, 55.38, 41.55,
1985,22, 0.128,286.62, 27.77, 60.04, 43.90,
1985,23, 0.125,282.66, 28.31, 62.33, 45.32,
1985,24, 0.123,279.45, 28.78, 62.99, 45.89,
1985,25, 0.126,277.75, 31.35, 60.40, 45.87,
1985,26, 0.131,277.06, 34.52, 55.21, 44.86,
1985,27, 0.134,276.34, 36.15, 54.09, 45.12,
1985,28, 0.140,276.55, 38.35, 51.84, 45.10,
1985,29, 0.148,277.83, 40.39, 46.70, 43.54,
1985,30, 0.157,279.13, 41.77, 42.63, 42.20,
1985,31, 0.163,279.57, 41.36, 42.45, 41.90,
1985,32, 0.168,279.68, 39.90, 45.71, 42.81,
1985,33, 0.175,280.08, 37.66, 48.96, 43.31,
1985,34, 0.190,281.89, 37.85, 47.16, 42.50,
1985,35, 0.209,283.77, 38.67, 46.35, 42.51,
1985,36, 0.236,286.12, 42.60, 43.90, 43.25,
1985,37, 0.266,288.68, 48.91, 39.30, 44.11,
1985,38, 0.298,291.16, 55.23, 32.89, 44.06,
1985,39, 0.316,292.41, 55.10, 34.01, 44.56,
1985,40, 0.330,293.15, 54.49, 37.76, 46.13,
1985,41, 0.346,294.15, 55.74, 39.12, 47.43,
1985,42, 0.356,295.09, 53.40, 39.68, 46.54,
1985,43, 0.363,295.78, 52.40, 43.81, 48.10,
1985,44, 0.366,296.18, 52.06, 51.40, 51.73,
1985,45, 0.370,296.85, 54.38, 53.63, 54.00,
1985,46, 0.370,297.42, 55.83, 56.46, 56.15,
1985,47, 0.365,297.83, 55.21, 59.97, 57.59,
1985,48, 0.358,298.08, 54.04, 64.53, 59.29,
1985,49, 0.354,298.57, 54.99, 64.24, 59.61,
1985,50, 0.348,299.21, 58.48, 58.13, 58.30,
1985,51, 0.340,299.68, 57.53, 56.44, 56.99,
1985,52, 0.328,299.84, 53.37, 59.88, 56.63,
1986, 1, 0.323,300.40, 51.88, 58.19, 55.04,
1986, 2, 0.320,301.21, 52.75, 55.26, 54.00,
1986, 3, 0.311,301.86, 51.54, 55.53, 53.54,
1986, 4, 0.302,302.67, 50.75, 53.89, 52.32,
1986, 5, 0.292,303.55, 50.14, 52.81, 51.48,
1986, 6, 0.281,304.47, 49.72, 52.00, 50.86,
1986, 7, 0.269,305.27, 49.02, 53.03, 51.03,
1986, 8, 0.255,306.12, 48.30, 53.37, 50.83,
1986, 9, 0.242,307.11, 48.03, 51.02, 49.53,
1986,10, 0.228,308.05, 47.50, 47.48, 47.49,
1986,11, 0.214,308.89, 46.09, 42.89, 44.49,
1986,12, 0.199,309.44, 44.11, 38.62, 41.37,
1986,13, 0.184,309.60, 41.53, 34.09, 37.81,
1986,14, 0.175,309.60, 40.17, 27.39, 33.78,
1986,15, 0.167,309.11, 38.87, 25.83, 32.35,
1986,16, 0.159,307.77, 34.20, 28.53, 31.37,
1986,17, 0.153,306.07, 31.28, 29.66, 30.47,
1986,18, 0.150,304.16, 30.08, 28.31, 29.19,
1986,19, 0.146,301.81, 29.00, 26.15, 27.58,
1986,20, 0.142,299.53, 29.32, 21.53, 25.42,
1986,21, 0.139,297.22, 29.85, 17.48, 23.67,
1986,22, 0.134,294.28, 29.64, 17.09, 23.37,
1986,23, 0.128,291.08, 28.43, 18.91, 23.67,
1986,24, 0.125,288.77, 28.43, 19.94, 24.19,
1986,25, 0.124,287.09, 29.03, 20.93, 24.98,
1986,26, 0.123,285.02, 28.46, 24.79, 26.63,
1986,27, 0.123,283.43, 28.82, 27.89, 28.35,
1986,28, 0.128,282.63, 30.83, 30.30, 30.56,
1986,29, 0.136,282.37, 33.23, 31.82, 32.53,
1986,30, 0.149,282.70, 37.06, 31.54, 34.30,
1986,31, 0.164,283.47, 40.90, 30.13, 35.51,
1986,32, 0.178,284.24, 44.02, 30.08, 37.05,
1986,33, 0.195,285.40, 46.76, 29.09, 37.92,
1986,34, 0.212,286.38, 48.34, 29.81, 39.08,
1986,35, 0.232,287.32, 49.72, 32.10, 40.91,
1986,36, 0.254,288.53, 51.83, 35.53, 43.68,
1986,37, 0.285,290.73, 57.57, 31.51, 44.54,
1986,38, 0.311,292.49, 61.55, 27.74, 44.65,
1986,39, 0.332,293.51, 63.77, 27.90, 45.83,
1986,40, 0.354,294.52, 67.25, 25.68, 46.46,
1986,41, 0.373,295.64, 70.73, 21.99, 46.36,
1986,42, 0.386,296.47, 70.69, 21.76, 46.22,
1986,43, 0.395,297.32, 71.64, 23.40, 47.52,
1986,44, 0.398,298.00, 71.21, 27.35, 49.28,
1986,45, 0.393,298.33, 68.82, 34.06, 51.44,
1986,46, 0.386,298.64, 66.06, 40.84, 53.45,
1986,47, 0.377,299.08, 63.49, 44.35, 53.92,
1986,48, 0.368,299.66, 61.06, 44.27, 52.66,
1986,49, 0.357,300.11, 57.70, 44.17, 50.94,
1986,50, 0.343,300.41, 56.16, 41.25, 48.71,
1986,51, 0.329,300.54, 52.01, 44.08, 48.04,
1986,52, 0.318,300.81, 48.77, 45.95, 47.36,
1987, 1, 0.307,301.28, 45.39, 46.12, 45.75,
1987, 2, 0.294,301.75, 41.47, 49.30, 45.38,
1987, 3, 0.282,302.28, 38.62, 52.41, 45.51,
1987, 4, 0.270,302.88, 36.90, 54.32, 45.61,
1987, 5, 0.261,303.69, 36.49, 54.11, 45.30,
1987, 6, 0.252,304.57, 36.44, 53.65, 45.04,
1987, 7, 0.243,305.31, 36.54, 55.38, 45.96,
1987, 8, 0.233,306.01, 36.54, 57.92, 47.23,
1987, 9, 0.222,306.65, 36.32, 60.15, 48.23,
1987,10, 0.211,307.35, 36.52, 59.58, 48.05,
1987,11, 0.200,307.74, 36.50, 60.26, 48.38,
1987,12, 0.191,307.93, 37.31, 60.44, 48.87,
1987,13, 0.185,308.14, 39.93, 54.88, 47.40,
1987,14, 0.180,308.19, 43.02, 47.33, 45.17,
1987,15, 0.176,307.50, 46.27, 45.84, 46.05,
1987,16, 0.177,306.33, 49.50, 45.32, 47.41,
1987,17, 0.181,305.28, 53.94, 40.87, 47.40,
1987,18, 0.186,304.63, 58.56, 29.76, 44.16,
1987,19, 0.188,303.45, 60.22, 21.66, 40.94,
1987,20, 0.182,300.88, 57.30, 20.99, 39.15,
1987,21, 0.172,297.27, 52.62, 25.18, 38.90,
1987,22, 0.163,292.72, 48.46, 32.21, 40.34,
1987,23, 0.155,288.90, 45.92, 36.11, 41.02,
1987,24, 0.148,285.48, 43.00, 41.21, 42.11,
1987,25, 0.145,283.40, 41.62, 42.33, 41.97,
1987,26, 0.145,282.31, 41.81, 39.42, 40.61,
1987,27, 0.141,280.70, 39.38, 41.63, 40.51,
1987,28, 0.138,279.22, 36.85, 46.11, 41.48,
1987,29, 0.142,278.58, 36.83, 49.35, 43.09,
1987,30, 0.153,279.38, 39.79, 47.91, 43.85,
1987,31, 0.169,281.07, 43.79, 42.99, 43.39,
1987,32, 0.183,282.09, 46.17, 42.48, 44.33,
1987,33, 0.195,282.91, 46.62, 43.24, 44.93,
1987,34, 0.210,283.74, 46.98, 44.43, 45.71,
1987,35, 0.228,284.99, 48.18, 44.46, 46.32,
1987,36, 0.248,286.48, 49.94, 45.36, 47.65,
1987,37, 0.274,288.38, 54.33, 44.24, 49.29,
1987,38, 0.306,290.78, 61.08, 37.35, 49.21,
1987,39, 0.337,292.83, 67.69, 30.52, 49.11,
1987,40, 0.359,293.78, 71.35, 30.70, 51.02,
1987,41, 0.376,294.81, 73.59, 30.40, 51.99,
1987,42, 0.388,295.88, 72.96, 28.55, 50.76,
1987,43, 0.395,296.53, 72.33, 33.09, 52.71,
1987,44, 0.395,296.82, 70.63, 42.09, 56.36,
1987,45, 0.392,297.10, 68.86, 49.48, 59.17,
1987,46, 0.387,297.52, 67.36, 54.40, 60.88,
1987,47, 0.379,297.91, 64.73, 58.33, 61.53,
1987,48, 0.368,298.38, 60.76, 60.28, 60.52,
1987,49, 0.356,298.84, 56.79, 60.80, 58.79,
1987,50, 0.344,299.34, 55.80, 57.05, 56.43,
1987,51, 0.333,299.90, 53.55, 54.07, 53.81,
1987,52, 0.324,300.64, 51.50, 48.95, 50.22,
1988, 1, 0.314,301.66, 48.64, 40.97, 44.81,
1988, 2, 0.303,302.62, 46.05, 36.58, 41.31,
1988, 3, 0.292,303.41, 44.28, 35.63, 39.96,
1988, 4, 0.280,304.12, 42.49, 36.11, 39.30,
1988, 5, 0.270,304.82, 42.04, 37.69, 39.87,
1988, 6, 0.259,305.43, 41.42, 41.28, 41.35,
1988, 7, 0.249,306.05, 41.70, 44.97, 43.34,
1988, 8, 0.237,306.76, 41.40, 47.71, 44.56,
1988, 9, 0.223,307.07, 39.08, 54.18, 46.63,
1988,10, 0.210,307.33, 37.68, 59.17, 48.42,
1988,11, 0.198,307.60, 36.43, 61.10, 48.76,
1988,12, 0.187,307.68, 35.53, 62.15, 48.84,
1988,13, 0.177,307.25, 34.54, 64.23, 49.38,
1988,14, 0.168,306.49, 32.70, 65.15, 48.92,
1988,15, 0.162,305.71, 32.47, 61.79, 47.13,
1988,16, 0.157,303.86, 30.83, 64.69, 47.76,
1988,17, 0.154,301.82, 30.47, 65.97, 48.22,
1988,18, 0.153,299.92, 32.36, 62.16, 47.26,
1988,19, 0.151,297.16, 33.02, 62.40, 47.71,
1988,20, 0.150,294.20, 35.24, 60.60, 47.92,
1988,21, 0.152,291.62, 39.45, 55.66, 47.55,
1988,22, 0.154,288.65, 43.34, 53.65, 48.49,
1988,23, 0.157,286.28, 47.27, 49.47, 48.37,
1988,24, 0.159,284.19, 49.56, 47.58, 48.57,
1988,25, 0.161,282.59, 50.86, 47.02, 48.94,
1988,26, 0.166,281.89, 53.69, 44.25, 48.97,
1988,27, 0.173,281.91, 57.22, 39.66, 48.44,
1988,28, 0.176,282.06, 58.21, 36.60, 47.40,
1988,29, 0.179,281.91, 57.64, 37.93, 47.78,
1988,30, 0.185,282.31, 58.00, 37.99, 48.00,
1988,31, 0.193,283.28, 58.21, 36.25, 47.23,
1988,32, 0.201,283.95, 57.32, 38.45, 47.89,
1988,33, 0.215,285.11, 57.76, 38.97, 48.36,
1988,34, 0.235,286.83, 59.68, 36.99, 48.33,
1988,35, 0.253,288.20, 59.90, 36.22, 48.06,
1988,36, 0.271,289.51, 59.46, 35.09, 47.28,
1988,37, 0.286,290.76, 58.85, 34.46, 46.66,
1988,38, 0.300,291.63, 56.79, 36.81, 46.80,
1988,39, 0.314,292.68, 55.29, 36.47, 45.88,
1988,40, 0.327,293.75, 54.13, 33.46, 43.80,
1988,41, 0.335,293.81, 50.56, 44.80, 47.68,
1988,42, 0.347,294.89, 49.67, 43.23, 46.45,
1988,43, 0.355,295.79, 49.17, 44.13, 46.65,
1988,44, 0.358,296.50, 48.45, 46.42, 47.44,
1988,45, 0.358,296.94, 47.97, 51.41, 49.69,
1988,46, 0.356,297.13, 47.64, 59.43, 53.54,
1988,47, 0.354,297.14, 48.12, 68.00, 58.06,
1988,48, 0.348,297.16, 48.12, 75.12, 61.62,
1988,49, 0.347,297.54, 50.85, 76.07, 63.46,
1988,50, 0.349,298.28, 58.87, 70.45, 64.66,
1988,51, 0.351,299.06, 64.44, 64.58, 64.51,
1988,52, 0.350,299.77, 67.70, 60.28, 63.99,
1989, 1, 0.345,300.30, 66.76, 60.16, 63.46,
1989, 2, 0.339,301.13, 66.60, 57.51, 62.05,
1989, 3, 0.333,302.26, 67.25, 50.83, 59.04,
1989, 4, 0.322,303.23, 66.09, 47.25, 56.67,
1989, 5, 0.309,304.17, 64.54, 45.09, 54.81,
1989, 6, 0.295,305.13, 62.82, 43.64, 53.23,
1989, 7, 0.280,306.18, 61.34, 41.56, 51.45,
1989, 8, 0.266,307.27, 60.95, 39.20, 50.07,
1989, 9, 0.253,308.29, 61.07, 36.09, 48.58,
1989,10, 0.238,309.02, 60.42, 34.60, 47.51,
1989,11, 0.224,309.49, 59.80, 34.63, 47.21,
1989,12, 0.212,309.90, 59.90, 32.51, 46.20,
1989,13, 0.202,310.01, 60.09, 29.64, 44.87,
1989,14, 0.194,309.78, 59.96, 26.51, 43.24,
1989,15, 0.186,309.19, 59.14, 25.46, 42.30,
1989,16, 0.179,308.03, 55.58, 26.25, 40.92,
1989,17, 0.172,306.08, 50.54, 29.94, 40.24,
1989,18, 0.165,303.41, 46.62, 34.73, 40.67,
1989,19, 0.161,300.29, 45.11, 39.33, 42.22,
1989,20, 0.158,296.82, 45.20, 42.98, 44.09,
1989,21, 0.158,293.63, 46.47, 43.56, 45.02,
1989,22, 0.160,290.94, 49.01, 41.36, 45.19,
1989,23, 0.159,288.45, 49.87, 38.85, 44.36,
1989,24, 0.159,286.58, 50.36, 36.87, 43.62,
1989,25, 0.163,285.90, 52.63, 32.45, 42.54,
1989,26, 0.170,285.92, 55.84, 26.90, 41.37,
1989,27, 0.175,285.72, 57.81, 23.61, 40.71,
1989,28, 0.178,285.41, 57.72, 22.75, 40.23,
1989,29, 0.179,284.98, 56.12, 23.41, 39.77,
1989,30, 0.181,284.74, 54.05, 23.86, 38.96,
1989,31, 0.184,284.68, 51.36, 25.14, 38.25,
1989,32, 0.191,285.07, 50.65, 26.14, 38.39,
1989,33, 0.202,285.71, 50.09, 27.73, 38.91,
1989,34, 0.216,286.65, 50.06, 29.15, 39.60,
1989,35, 0.232,287.71, 49.89, 30.71, 40.30,
1989,36, 0.249,288.62, 49.12, 34.39, 41.75,
1989,37, 0.270,289.77, 50.94, 37.50, 44.22,
1989,38, 0.295,291.28, 54.19, 37.46, 45.83,
1989,39, 0.318,292.67, 56.66, 36.56, 46.61,
1989,40, 0.335,293.55, 57.37, 37.60, 47.48,
1989,41, 0.351,294.37, 58.55, 39.80, 49.17,
1989,42, 0.367,295.28, 59.71, 39.55, 49.63,
1989,43, 0.379,296.17, 61.90, 40.18, 51.04,
1989,44, 0.385,296.99, 63.29, 41.38, 52.34,
1989,45, 0.387,297.76, 65.10, 41.90, 53.50,
1989,46, 0.385,298.31, 64.97, 45.52, 55.25,
1989,47, 0.378,298.72, 62.97, 48.98, 55.98,
1989,48, 0.367,299.10, 59.47, 51.53, 55.50,
1989,49, 0.356,299.44, 56.13, 52.78, 54.46,
1989,50, 0.348,299.93, 57.98, 47.54, 52.76,
1989,51, 0.340,300.38, 57.21, 45.57, 51.39,
1989,52, 0.329,300.88, 54.52, 43.87, 49.19,
1990, 1, 0.316,301.31, 49.98, 44.63, 47.30,
1990, 2, 0.304,301.89, 47.07, 46.22, 46.64,
1990, 3, 0.294,302.73, 46.18, 44.31, 45.25,
1990, 4, 0.282,303.60, 44.16, 42.35, 43.25,
1990, 5, 0.268,304.34, 41.63, 43.38, 42.50,
1990, 6, 0.255,304.95, 39.88, 47.06, 43.47,
1990, 7, 0.245,305.59, 39.36, 50.41, 44.88,
1990, 8, 0.233,306.25, 39.00, 53.67, 46.34,
1990, 9, 0.222,306.79, 38.56, 57.06, 47.81,
1990,10, 0.211,307.41, 39.02, 56.88, 47.95,
1990,11, 0.204,308.21, 41.76, 51.79, 46.78,
1990,12, 0.196,308.81, 43.88, 46.80, 45.34,
1990,13, 0.186,308.86, 44.07, 43.80, 43.93,
1990,14, 0.177,308.43, 42.62, 42.16, 42.39,
1990,15, 0.171,307.93, 43.00, 38.47, 40.74,
1990,16, 0.168,307.31, 43.15, 33.25, 38.20,
1990,17, 0.163,305.62, 40.71, 34.71, 37.71,
1990,18, 0.156,302.84, 37.27, 40.13, 38.70,
1990,19, 0.151,299.47, 35.92, 46.29, 41.11,
1990,20, 0.147,295.66, 36.05, 51.29, 43.67,
1990,21, 0.142,291.78, 35.63, 54.54, 45.09,
1990,22, 0.136,287.72, 34.51, 58.14, 46.32,
1990,23, 0.131,284.50, 34.17, 58.12, 46.14,
1990,24, 0.128,282.12, 33.96, 55.93, 44.94,
1990,25, 0.126,280.25, 33.34, 54.83, 44.08,
1990,26, 0.124,278.66, 32.43, 53.79, 43.11,
1990,27, 0.123,277.74, 31.76, 52.97, 42.36,
1990,28, 0.128,278.22, 33.87, 49.06, 41.46,
1990,29, 0.141,279.72, 38.29, 43.12, 40.71,
1990,30, 0.154,281.09, 41.85, 38.01, 39.93,
1990,31, 0.170,282.74, 45.60, 32.20, 38.90,
1990,32, 0.189,284.66, 50.02, 26.91, 38.46,
1990,33, 0.206,286.38, 52.37, 23.23, 37.80,
1990,34, 0.222,287.70, 53.15, 21.58, 37.36,
1990,35, 0.236,288.44, 52.18, 24.14, 38.16,
1990,36, 0.254,289.38, 52.33, 27.44, 39.88,
1990,37, 0.273,290.34, 52.83, 31.14, 41.99,
1990,38, 0.291,291.23, 52.63, 35.89, 44.26,
1990,39, 0.314,292.34, 54.83, 37.26, 46.04,
1990,40, 0.334,293.56, 57.28, 34.87, 46.07,
1990,41, 0.350,294.71, 57.66, 33.73, 45.70,
1990,42, 0.361,295.61, 55.76, 33.94, 44.85,
1990,43, 0.367,296.03, 54.63, 41.31, 47.97,
1990,44, 0.371,296.46, 54.27, 48.00, 51.14,
1990,45, 0.370,297.01, 54.13, 51.49, 52.81,
1990,46, 0.366,297.50, 53.13, 55.46, 54.29,
1990,47, 0.363,298.13, 53.30, 55.89, 54.59,
1990,48, 0.358,298.68, 54.11, 56.11, 55.11,
1990,49, 0.353,299.16, 54.29, 55.92, 55.10,
1990,50, 0.343,299.52, 54.98, 53.64, 54.31,
1990,51, 0.333,299.79, 53.22, 54.70, 53.96,
1990,52, 0.329,300.41, 54.48, 51.04, 52.76,
1991, 1, 0.322,301.20, 53.44, 46.17, 49.80,
1991, 2, 0.311,302.00, 51.05, 43.85, 47.45,
1991, 3, 0.302,302.89, 50.16, 41.14, 45.65,
1991, 4, 0.292,303.86, 49.57, 37.59, 43.58,
1991, 5, 0.279,304.86, 47.66, 34.55, 41.11,
1991, 6, 0.266,305.89, 45.43, 32.05, 38.74,
1991, 7, 0.251,306.77, 43.05, 32.49, 37.77,
1991, 8, 0.237,307.69, 41.06, 32.64, 36.85,
1991, 9, 0.223,308.57, 39.48, 31.58, 35.53,
1991,10, 0.209,308.81, 37.18, 36.89, 37.04,
1991,11, 0.196,308.87, 35.54, 42.63, 39.09,
1991,12, 0.186,308.99, 36.10, 44.26, 40.18,
1991,13, 0.180,308.95, 38.21, 42.78, 40.49,
1991,14, 0.174,308.52, 39.63, 41.84, 40.73,
1991,15, 0.169,307.33, 40.84, 46.94, 43.89,
1991,16, 0.167,305.93, 41.75, 49.33, 45.54,
1991,17, 0.166,304.53, 42.55, 48.39, 45.47,
1991,18, 0.165,303.04, 43.70, 44.44, 44.07,
1991,19, 0.165,301.20, 44.86, 40.53, 42.70,
1991,20, 0.163,298.82, 45.95, 38.21, 42.08,
1991,21, 0.160,296.30, 46.31, 35.62, 40.96,
1991,22, 0.153,292.87, 44.11, 37.41, 40.76,
1991,23, 0.142,289.00, 40.00, 40.17, 40.09,
1991,24, 0.132,285.49, 35.26, 42.69, 38.98,
1991,25, 0.124,282.60, 30.97, 45.74, 38.35,
1991,26, 0.118,280.35, 27.98, 46.30, 37.14,
1991,27, 0.112,278.42, 24.79, 48.32, 36.55,
1991,28, 0.108,276.80, 21.53, 52.11, 36.82,
1991,29, 0.105,275.75, 18.73, 55.54, 37.14,
1991,30, 0.107,275.25, 16.87, 57.86, 37.36,
1991,31, 0.112,275.35, 16.05, 58.10, 37.07,
1991,32, 0.119,276.31, 16.17, 56.95, 36.56,
1991,33, 0.131,278.03, 15.96, 56.03, 35.99,
1991,34, 0.147,280.84, 16.73, 52.36, 34.55,
1991,35, 0.168,283.54, 18.56, 50.44, 34.50,
1991,36, 0.192,286.19, 21.11, 46.91, 34.01,
1991,37, 0.212,288.37, 21.91, 45.09, 33.50,
1991,38, 0.234,290.17, 23.22, 44.51, 33.87,
1991,39, 0.258,291.71, 25.11, 42.60, 33.86,
1991,40, 0.277,292.88, 26.10, 42.29, 34.19,
1991,41, 0.297,293.96, 27.86, 43.39, 35.63,
1991,42, 0.313,294.78, 28.72, 46.16, 37.44,
1991,43, 0.326,295.39, 30.95, 51.87, 41.41,
1991,44, 0.335,295.94, 33.34, 56.59, 44.97,
1991,45, 0.339,296.36, 34.74, 61.09, 47.91,
1991,46, 0.340,296.82, 36.44, 65.11, 50.78,
1991,47, 0.341,297.50, 39.59, 64.75, 52.17,
1991,48, 0.342,297.96, 43.60, 66.07, 54.83,
1991,49, 0.339,298.32, 46.11, 67.32, 56.72,
1991,50, 0.332,298.66, 47.61, 66.32, 56.97,
1991,51, 0.327,299.24, 49.74, 63.54, 56.64,
1991,52, 0.321,299.90, 50.49, 60.18, 55.33,
1992, 1, 0.314,300.50, 49.20, 58.86, 54.03,
1992, 2, 0.307,301.19, 49.14, 58.03, 53.59,
1992, 3, 0.298,301.91, 48.45, 57.66, 53.06,
1992, 4, 0.288,302.56, 47.38, 58.63, 53.01,
1992, 5, 0.277,303.36, 46.42, 58.20, 52.31,
1992, 6, 0.265,304.12, 44.73, 59.21, 51.97,
1992, 7, 0.253,305.01, 43.80, 58.25, 51.03,
1992, 8, 0.240,305.95, 43.13, 57.08, 50.10,
1992, 9, 0.228,306.85, 43.16, 55.45, 49.31,
1992,10, 0.215,307.77, 42.93, 51.22, 47.07,
1992,11, 0.204,308.72, 43.12, 44.48, 43.80,
1992,12, 0.193,309.48, 43.54, 37.43, 40.48,
1992,13, 0.182,309.60, 42.64, 34.16, 38.40,
1992,14, 0.174,309.52, 41.88, 29.06, 35.47,
1992,15, 0.170,309.66, 43.80, 21.13, 32.47,
1992,16, 0.166,309.22, 43.45, 16.51, 29.98,
1992,17, 0.163,308.19, 42.91, 14.24, 28.58,
1992,18, 0.161,306.48, 42.37, 13.99, 28.18,
1992,19, 0.160,304.26, 43.32, 14.40, 28.86,
1992,20, 0.160,301.18, 45.73, 17.32, 31.53,
1992,21, 0.162,298.19, 48.62, 18.70, 33.66,
1992,22, 0.165,295.65, 52.65, 17.11, 34.88,
1992,23, 0.165,292.60, 54.53, 17.29, 35.91,
1992,24, 0.164,289.87, 54.73, 18.38, 36.56,
1992,25, 0.162,287.78, 53.85, 19.81, 36.83,
1992,26, 0.158,285.47, 51.12, 22.96, 37.04,
1992,27, 0.157,283.90, 49.83, 26.17, 38.00,
1992,28, 0.159,283.46, 50.17, 27.13, 38.65,
1992,29, 0.165,283.58, 50.94, 27.07, 39.01,
1992,30, 0.173,283.86, 51.44, 26.28, 38.86,
1992,31, 0.179,283.87, 50.61, 26.79, 38.70,
1992,32, 0.188,284.44, 51.01, 27.00, 39.01,
1992,33, 0.199,285.06, 50.63, 28.71, 39.67,
1992,34, 0.210,285.81, 49.27, 30.60, 39.94,
1992,35, 0.220,286.56, 46.18, 33.93, 40.06,
1992,36, 0.232,287.23, 42.71, 39.88, 41.30,
1992,37, 0.253,288.82, 44.00, 40.82, 42.41,
1992,38, 0.276,290.54, 46.20, 40.19, 43.19,
1992,39, 0.295,291.43, 45.90, 45.01, 45.46,
1992,40, 0.308,292.03, 43.67, 51.95, 47.81,
1992,41, 0.318,292.90, 40.81, 57.07, 48.94,
1992,42, 0.327,293.68, 37.62, 60.72, 49.17,
1992,43, 0.336,294.34, 37.45, 65.32, 51.38,
1992,44, 0.343,295.20, 38.96, 65.32, 52.14,
1992,45, 0.348,296.19, 41.72, 62.71, 52.22,
1992,46, 0.349,296.94, 43.49, 62.80, 53.15,
1992,47, 0.344,297.34, 42.83, 66.32, 54.58,
1992,48, 0.335,297.33, 40.47, 74.36, 57.41,
1992,49, 0.327,297.60, 39.39, 76.79, 58.09,
1992,50, 0.323,298.30, 43.04, 71.08, 57.06,
1992,51, 0.318,298.98, 45.13, 66.69, 55.91,
1992,52, 0.312,299.68, 45.60, 62.93, 54.26,
1993, 1, 0.303,300.30, 43.80, 61.30, 52.55,
1993, 2, 0.294,300.95, 42.51, 61.41, 51.96,
1993, 3, 0.283,301.44, 41.44, 64.37, 52.91,
1993, 4, 0.275,301.92, 42.04, 67.57, 54.80,
1993, 5, 0.267,302.54, 42.73, 70.02, 56.38,
1993, 6, 0.257,303.24, 42.72, 72.00, 57.36,
1993, 7, 0.246,304.10, 42.42, 71.67, 57.04,
1993, 8, 0.235,305.01, 41.93, 70.82, 56.38,
1993, 9, 0.224,305.78, 42.76, 70.95, 56.85,
1993,10, 0.215,306.47, 44.17, 70.35, 57.26,
1993,11, 0.204,307.03, 44.74, 68.60, 56.67,
1993,12, 0.196,307.49, 47.04, 65.31, 56.18,
1993,13, 0.190,307.73, 49.93, 59.53, 54.73,
1993,14, 0.183,307.41, 49.85, 56.20, 53.02,
1993,15, 0.176,306.50, 48.29, 56.19, 52.24,
1993,16, 0.172,305.62, 46.38, 52.55, 49.47,
1993,17, 0.167,304.00, 43.78, 53.02, 48.40,
1993,18, 0.164,301.83, 42.23, 53.28, 47.76,
1993,19, 0.165,300.41, 45.00, 45.50, 45.25,
1993,20, 0.168,298.55, 48.62, 39.45, 44.03,
1993,21, 0.167,295.56, 49.93, 39.40, 44.67,
1993,22, 0.164,292.21, 50.38, 40.90, 45.64,
1993,23, 0.163,289.15, 51.85, 41.40, 46.62,
1993,24, 0.164,286.83, 53.47, 41.01, 47.24,
1993,25, 0.168,285.23, 55.45, 38.81, 47.13,
1993,26, 0.170,284.07, 56.83, 35.09, 45.96,
1993,27, 0.173,283.61, 57.79, 31.44, 44.61,
1993,28, 0.175,283.29, 57.57, 31.10, 44.33,
1993,29, 0.175,283.12, 55.47, 31.43, 43.45,
1993,30, 0.170,282.17, 50.08, 36.12, 43.10,
1993,31, 0.167,281.49, 44.41, 40.67, 42.54,
1993,32, 0.171,282.24, 41.70, 40.97, 41.34,
1993,33, 0.180,283.18, 39.67, 41.92, 40.79,
1993,34, 0.194,284.27, 38.92, 42.13, 40.52,
1993,35, 0.213,285.71, 40.02, 41.44, 40.73,
1993,36, 0.236,287.49, 42.69, 40.32, 41.50,
1993,37, 0.258,288.91, 44.91, 42.56, 43.74,
1993,38, 0.280,290.34, 46.76, 43.79, 45.27,
1993,39, 0.303,291.99, 49.29, 41.34, 45.32,
1993,40, 0.322,293.50, 50.73, 37.32, 44.02,
1993,41, 0.341,294.94, 53.38, 32.44, 42.91,
1993,42, 0.358,296.26, 54.91, 27.12, 41.02,
1993,43, 0.370,297.73, 57.31, 20.67, 38.99,
1993,44, 0.375,299.02, 58.40, 17.51, 37.95,
1993,45, 0.374,300.09, 58.01, 15.65, 36.83,
1993,46, 0.370,301.24, 56.51, 12.42, 34.46,
1993,47, 0.362,302.47, 54.47,  8.89, 31.68,
1993,48, 0.352,303.42, 51.47,  7.23, 29.35,
1993,49, 0.340,304.07, 48.64,  6.34, 27.49,
1993,50, 0.329,304.53, 48.14,  4.49, 26.32,
1993,51, 0.317,305.06, 45.80,  3.74, 24.77,
1993,52, 0.306,305.49, 43.60,  3.60, 23.60,
1994, 1, 0.294,305.85, 40.17,  3.87, 22.02,
1994, 2, 0.283,306.11, 38.15,  5.06, 21.61,
1994, 3, 0.271,306.37, 36.47,  7.18, 21.82,
1994, 4, 0.260,306.72, 34.91, 10.16, 22.54,
1994, 5, 0.249,307.03, 33.98, 14.26, 24.12,
1994, 6, 0.239,307.16, 33.48, 20.93, 27.20,
1994, 7, 0.230,307.69, 33.71, 25.16, 29.43,
1994, 8, 0.219,308.37, 33.67, 28.03, 30.85,
1994, 9, 0.207,308.46, 32.55, 35.76, 34.15,
1994,10, 0.196,308.30, 32.19, 45.29, 38.74,
1994,11, 0.185,307.90, 32.00, 55.87, 43.94,
1994,12, 0.178,307.47, 32.92, 63.25, 48.08,
1994,13, 0.174,306.91, 35.50, 66.77, 51.14,
1994,14, 0.172,306.10, 37.55, 67.65, 52.60,
1994,15, 0.168,304.78, 38.05, 68.35, 53.20,
1994,16, 0.163,302.99, 36.37, 68.90, 52.63,
1994,17, 0.160,300.69, 35.91, 70.29, 53.10,
1994,18, 0.160,298.23, 37.04, 69.00, 53.02,
1994,19, 0.159,295.48, 38.55, 69.17, 53.86,
1994,20, 0.161,293.10, 41.99, 64.99, 53.49,
1994,21, 0.158,290.17, 43.18, 62.13, 52.66,
1994,22, 0.150,285.98, 41.90, 64.93, 53.42,
1994,23, 0.142,281.87, 40.12, 66.30, 53.21,
1994,24, 0.133,278.18, 37.35, 67.55, 52.45,
1994,25, 0.132,276.35, 37.52, 65.80, 51.66,
1994,26, 0.135,275.56, 39.19, 62.36, 50.77,
1994,27, 0.137,275.50, 40.52, 59.30, 49.91,
1994,28, 0.139,276.07, 40.64, 56.27, 48.46,
1994,29, 0.141,277.17, 40.18, 53.60, 46.89,
1994,30, 0.143,278.29, 38.71, 51.98, 45.35,
1994,31, 0.146,279.32, 36.99, 51.21, 44.10,
1994,32, 0.150,280.10, 35.22, 52.58, 43.90,
1994,33, 0.156,280.85, 33.14, 55.17, 44.16,
1994,34, 0.165,281.42, 30.87, 58.83, 44.85,
1994,35, 0.172,281.44, 28.13, 64.43, 46.28,
1994,36, 0.180,282.29, 25.77, 68.88, 47.32,
1994,37,-1.000, -1.00, -1.00, -1.00, -1.00,
1994,38,-1.000, -1.00, -1.00, -1.00, -1.00,
1994,39,-1.000, -1.00, -1.00, -1.00, -1.00,
1994,40,-1.000, -1.00, -1.00, -1.00, -1.00,
1994,41,-1.000, -1.00, -1.00, -1.00, -1.00,
1994,42,-1.000, -1.00, -1.00, -1.00, -1.00,
1994,43,-1.000, -1.00, -1.00, -1.00, -1.00,
1994,44,-1.000, -1.00, -1.00, -1.00, -1.00,
1994,45,-1.000, -1.00, -1.00, -1.00, -1.00,
1994,46,-1.000, -1.00, -1.00, -1.00, -1.00,
1994,47,-1.000, -1.00, -1.00, -1.00, -1.00,
1994,48,-1.000, -1.00, -1.00, -1.00, -1.00,
1994,49,-1.000, -1.00, -1.00, -1.00, -1.00,
1994,50,-1.000, -1.00, -1.00, -1.00, -1.00,
1994,51,-1.000, -1.00, -1.00, -1.00, -1.00,
1994,52,-1.000, -1.00, -1.00, -1.00, -1.00,
1995, 1,-1.000, -1.00, -1.00, -1.00, -1.00,
1995, 2,-1.000, -1.00, -1.00, -1.00, -1.00,
1995, 3,-1.000, -1.00, -1.00, -1.00, -1.00,
1995, 4,-1.000, -1.00, -1.00, -1.00, -1.00,
1995, 5,-1.000, -1.00, -1.00, -1.00, -1.00,
1995, 6,-1.000, -1.00, -1.00, -1.00, -1.00,
1995, 7, 0.242,308.16, 36.82, 19.64, 28.23,
1995, 8, 0.232,308.91, 37.30, 21.05, 29.17,
1995, 9, 0.221,309.70, 37.58, 20.93, 29.25,
1995,10, 0.209,310.46, 37.44, 19.22, 28.33,
1995,11, 0.198,311.13, 37.65, 17.30, 27.48,
1995,12, 0.187,311.36, 37.39, 17.29, 27.34,
1995,13, 0.178,311.34, 37.36, 16.12, 26.74,
1995,14, 0.172,311.57, 38.35, 10.88, 24.61,
1995,15, 0.167,311.30, 39.06,  9.70, 24.38,
1995,16, 0.158,309.87, 34.74, 13.30, 24.02,
1995,17, 0.151,307.74, 30.41, 18.99, 24.70,
1995,18, 0.145,305.19, 28.43, 24.38, 26.40,
1995,19, 0.141,302.17, 27.47, 29.59, 28.53,
1995,20, 0.135,298.66, 26.71, 35.16, 30.93,
1995,21, 0.130,295.01, 25.96, 39.97, 32.96,
1995,22, 0.127,291.78, 26.81, 41.87, 34.34,
1995,23, 0.126,289.09, 28.66, 41.75, 35.21,
1995,24, 0.123,286.66, 28.45, 42.79, 35.62,
1995,25, 0.120,284.34, 27.12, 45.74, 36.43,
1995,26, 0.120,283.22, 27.56, 43.24, 35.40,
1995,27, 0.126,283.27, 30.21, 37.12, 33.67,
1995,28, 0.129,282.82, 30.66, 35.96, 33.31,
1995,29, 0.129,281.73, 28.72, 39.79, 34.26,
1995,30, 0.135,281.30, 28.85, 42.07, 35.46,
1995,31, 0.148,281.98, 31.26, 40.62, 35.94,
1995,32, 0.162,282.80, 33.69, 40.54, 37.12,
1995,33, 0.177,283.47, 35.14, 42.70, 38.92,
1995,34, 0.196,284.39, 37.69, 45.02, 41.36,
1995,35, 0.222,286.13, 42.33, 43.56, 42.94,
1995,36, 0.248,288.07, 47.01, 40.72, 43.86,
1995,37, 0.272,289.51, 50.94, 41.37, 46.16,
1995,38, 0.293,290.48, 53.20, 45.43, 49.32,
1995,39, 0.316,291.81, 55.71, 44.97, 50.34,
1995,40, 0.333,292.87, 56.83, 44.82, 50.83,
1995,41, 0.346,293.53, 56.47, 49.78, 53.13,
1995,42, 0.355,294.04, 54.19, 56.33, 55.26,
1995,43, 0.361,294.74, 53.52, 59.67, 56.60,
1995,44, 0.363,295.26, 52.25, 64.00, 58.13,
1995,45, 0.360,295.57, 50.35, 70.02, 60.19,
1995,46, 0.357,295.89, 49.27, 75.69, 62.48,
1995,47, 0.355,296.48, 50.48, 76.48, 63.48,
1995,48, 0.354,297.29, 53.27, 73.65, 63.46,
1995,49, 0.350,298.08, 55.01, 69.61, 62.31,
1995,50, 0.344,298.68, 57.30, 65.22, 61.26,
1995,51, 0.335,299.31, 56.81, 61.89, 59.35,
1995,52, 0.326,300.01, 55.50, 58.05, 56.77,
1996, 1, 0.316,300.66, 51.84, 55.77, 53.81,
1996, 2, 0.308,301.47, 51.37, 53.77, 52.57,
1996, 3, 0.302,302.54, 52.58, 48.08, 50.33,
1996, 4, 0.294,303.66, 52.95, 42.40, 47.68,
1996, 5, 0.285,304.67, 52.88, 39.50, 46.19,
1996, 6, 0.274,305.38, 52.32, 42.16, 47.24,
1996, 7, 0.265,306.10, 53.26, 44.85, 49.06,
1996, 8, 0.257,307.01, 55.22, 44.59, 49.91,
1996, 9, 0.249,307.75, 57.42, 45.00, 51.21,
1996,10, 0.239,308.07, 59.56, 48.82, 54.19,
1996,11, 0.230,308.30, 62.30, 51.33, 56.82,
1996,12, 0.220,308.53, 65.44, 50.78, 58.11,
1996,13, 0.213,308.52, 69.08, 48.46, 58.77,
1996,14, 0.205,307.78, 70.43, 50.15, 60.29,
1996,15, 0.200,306.48, 70.93, 53.97, 62.45,
1996,16, 0.198,305.33, 71.70, 52.22, 61.96,
1996,17, 0.198,303.71, 71.13, 51.96, 61.55,
1996,18, 0.195,301.37, 68.32, 53.17, 60.74,
1996,19, 0.192,298.99, 65.92, 51.91, 58.91,
1996,20, 0.194,297.43, 67.34, 43.74, 55.54,
1996,21, 0.196,295.67, 68.60, 37.61, 53.11,
1996,22, 0.195,293.51, 68.73, 34.23, 51.48,
1996,23, 0.188,291.07, 66.11, 32.04, 49.08,
1996,24, 0.184,289.28, 64.08, 30.80, 47.44,
1996,25, 0.179,288.03, 61.87, 30.89, 46.38,
1996,26, 0.172,286.46, 57.65, 32.76, 45.20,
1996,27, 0.162,284.46, 51.72, 37.00, 44.36,
1996,28, 0.156,283.35, 47.62, 38.58, 43.10,
1996,29, 0.156,282.86, 44.92, 39.38, 42.15,
1996,30, 0.159,282.70, 43.08, 39.39, 41.24,
1996,31, 0.159,282.08, 38.97, 42.69, 40.83,
1996,32, 0.171,282.98, 39.92, 41.41, 40.66,
1996,33, 0.194,285.13, 45.15, 36.91, 41.03,
1996,34, 0.221,287.01, 50.85, 33.69, 42.27,
1996,35, 0.245,288.36, 54.52, 32.22, 43.37,
1996,36, 0.260,289.22, 54.05, 33.51, 43.78,
1996,37, 0.275,290.08, 53.02, 36.67, 44.85,
1996,38, 0.290,291.10, 52.17, 38.81, 45.49,
1996,39, 0.306,292.03, 50.87, 40.77, 45.82,
1996,40, 0.321,293.07, 50.65, 39.96, 45.31,
1996,41, 0.337,294.49, 51.69, 34.77, 43.23,
1996,42, 0.350,295.59, 51.55, 32.34, 41.94,
1996,43, 0.360,296.45, 52.79, 33.61, 43.20,
1996,44, 0.365,296.91, 53.06, 40.36, 46.71,
1996,45, 0.366,297.38, 53.41, 45.59, 49.50,
1996,46, 0.364,297.93, 53.61, 48.92, 51.26,
1996,47, 0.360,298.47, 53.06, 50.89, 51.97,
1996,48, 0.351,299.01, 50.86, 51.83, 51.34,
1996,49, 0.340,299.36, 47.64, 53.63, 50.64,
1996,50, 0.329,299.75, 46.92, 50.96, 48.94,
1996,51, 0.321,300.27, 46.54, 48.53, 47.53,
1996,52, 0.314,300.81, 46.76, 46.54, 46.65,
1997, 1, 0.306,301.22, 44.84, 47.76, 46.30,
1997, 2, 0.298,301.75, 44.24, 50.19, 47.21,
1997, 3, 0.291,302.41, 44.17, 51.21, 47.69,
1997, 4, 0.284,303.25, 45.33, 49.56, 47.45,
1997, 5, 0.277,304.18, 46.62, 47.70, 47.16,
1997, 6, 0.266,305.13, 46.29, 46.38, 46.34,
1997, 7, 0.254,306.15, 45.51, 44.48, 44.99,
1997, 8, 0.241,306.95, 44.54, 46.06, 45.30,
1997, 9, 0.227,307.55, 43.19, 48.66, 45.93,
1997,10, 0.214,307.94, 42.28, 52.23, 47.25,
1997,11, 0.203,308.26, 42.00, 53.85, 47.92,
1997,12, 0.194,308.54, 43.60, 52.77, 48.19,
1997,13, 0.186,308.47, 45.15, 50.89, 48.02,
1997,14, 0.180,308.17, 46.37, 47.51, 46.94,
1997,15, 0.177,307.98, 49.32, 41.04, 45.18,
1997,16, 0.174,307.60, 49.37, 33.55, 41.46,
1997,17, 0.171,306.93, 47.96, 27.02, 37.49,
1997,18, 0.167,305.60, 45.73, 23.86, 34.80,
1997,19, 0.163,303.51, 43.93, 22.42, 33.17,
1997,20, 0.159,301.02, 43.15, 21.64, 32.39,
1997,21, 0.154,298.08, 41.89, 22.99, 32.44,
1997,22, 0.149,294.77, 41.12, 25.67, 33.39,
1997,23, 0.142,291.02, 39.58, 29.96, 34.77,
1997,24, 0.134,287.04, 36.05, 37.24, 36.64,
1997,25, 0.123,283.36, 30.84, 45.63, 38.24,
1997,26, 0.115,280.42, 26.34, 51.10, 38.72,
1997,27, 0.111,278.26, 24.36, 54.46, 39.41,
1997,28, 0.111,276.91, 23.66, 56.46, 40.06,
1997,29, 0.115,276.44, 23.71, 56.33, 40.02,
1997,30, 0.125,276.99, 26.16, 53.71, 39.93,
1997,31, 0.137,277.85, 28.91, 51.61, 40.26,
1997,32, 0.150,278.83, 31.21, 50.22, 40.72,
1997,33, 0.169,280.95, 34.82, 46.49, 40.65,
1997,34, 0.198,284.10, 41.22, 38.93, 40.08,
1997,35, 0.226,286.76, 46.58, 33.21, 39.89,
1997,36, 0.252,288.66, 50.52, 31.20, 40.86,
1997,37, 0.273,289.96, 52.70, 32.13, 42.41,
1997,38, 0.295,291.34, 54.45, 32.92, 43.69,
1997,39, 0.316,292.75, 56.21, 31.64, 43.93,
1997,40, 0.337,294.13, 59.10, 26.93, 43.02,
1997,41, 0.352,295.06, 59.42, 27.91, 43.67,
1997,42, 0.361,295.85, 56.67, 29.95, 43.31,
1997,43, 0.365,296.50, 54.20, 34.89, 44.54,
1997,44, 0.364,296.72, 50.71, 45.11, 47.91,
1997,45, 0.358,296.80, 47.07, 55.07, 51.07,
1997,46, 0.354,297.39, 46.10, 57.48, 51.79,
1997,47, 0.353,298.22, 47.64, 54.69, 51.17,
1997,48, 0.347,298.77, 47.57, 54.55, 51.06,
1997,49, 0.340,299.22, 47.58, 54.19, 50.89,
1997,50, 0.333,299.78, 50.45, 48.81, 49.63,
1997,51, 0.326,300.38, 50.45, 45.52, 47.99,
1997,52, 0.319,300.99, 49.91, 42.94, 46.43,
1998, 1, 0.312,301.66, 48.43, 39.70, 44.07,
1998, 2, 0.304,302.43, 46.99, 38.43, 42.71,
1998, 3, 0.294,303.25, 45.51, 37.14, 41.33,
1998, 4, 0.283,303.97, 43.85, 37.58, 40.72,
1998, 5, 0.273,304.63, 43.06, 39.91, 41.49,
1998, 6, 0.263,305.36, 43.28, 42.23, 42.75,
1998, 7, 0.253,306.33, 43.73, 41.32, 42.52,
1998, 8, 0.243,307.40, 44.55, 39.26, 41.91,
1998, 9, 0.230,308.24, 44.72, 38.66, 41.69,
1998,10, 0.218,308.84, 45.03, 39.45, 42.24,
1998,11, 0.208,309.53, 46.79, 36.52, 41.65,
1998,12, 0.198,310.15, 48.71, 31.43, 40.07,
1998,13, 0.188,310.20, 49.09, 28.72, 38.91,
1998,14, 0.178,309.49, 46.83, 31.47, 39.15,
1998,15, 0.172,308.68, 46.53, 33.18, 39.85,
1998,16, 0.168,307.76, 45.61, 30.76, 38.19,
1998,17, 0.165,306.60, 43.71, 28.31, 36.01,
1998,18, 0.160,304.50, 40.19, 30.40, 35.29,
1998,19, 0.154,301.47, 37.25, 34.64, 35.95,
1998,20, 0.149,297.98, 36.55, 37.91, 37.23,
1998,21, 0.145,294.23, 36.15, 41.35, 38.75,
1998,22, 0.147,291.06, 39.15, 42.03, 40.59,
1998,23, 0.148,288.05, 42.17, 42.52, 42.35,
1998,24, 0.147,285.10, 42.55, 45.40, 43.98,
1998,25, 0.145,282.95, 42.57, 47.86, 45.22,
1998,26, 0.145,281.48, 42.54, 48.40, 45.47,
1998,27, 0.148,280.77, 44.00, 48.03, 46.02,
1998,28, 0.158,281.31, 47.69, 44.03, 45.86,
1998,29, 0.172,282.78, 52.11, 37.47, 44.79,
1998,30, 0.189,284.64, 56.23, 30.10, 43.17,
1998,31, 0.205,286.03, 58.80, 25.79, 42.29,
1998,32, 0.217,286.58, 58.62, 26.61, 42.61,
1998,33, 0.230,287.50, 58.44, 26.25, 42.34,
1998,34, 0.245,288.50, 58.63, 25.16, 41.89,
1998,35, 0.267,290.10, 61.29, 20.69, 40.99,
1998,36, 0.287,291.65, 63.59, 15.47, 39.53,
1998,37, 0.305,292.83, 65.34, 12.50, 38.92,
1998,38, 0.323,294.08, 66.91,  9.56, 38.23,
1998,39, 0.339,295.05, 67.21,  7.97, 37.59,
1998,40, 0.349,295.49, 64.83, 10.15, 37.49,
1998,41, 0.356,296.02, 61.69, 13.76, 37.73,
1998,42, 0.362,296.58, 57.74, 17.51, 37.63,
1998,43, 0.365,297.14, 55.04, 22.80, 38.92,
1998,44, 0.365,297.71, 52.43, 28.29, 40.36,
1998,45, 0.360,298.16, 49.36, 33.68, 41.52,
1998,46, 0.353,298.70, 46.31, 37.43, 41.87,
1998,47, 0.343,299.05, 43.06, 42.50, 42.78,
1998,48, 0.333,299.32, 40.32, 47.34, 43.83,
1998,49, 0.324,299.78, 38.87, 47.48, 43.18,
1998,50, 0.314,300.26, 38.88, 43.10, 40.99,
1998,51, 0.305,300.69, 37.20, 42.29, 39.75,
1998,52, 0.294,301.15, 34.46, 41.56, 38.01,
1999, 1, 0.282,301.60, 30.09, 42.02, 36.06,
1999, 2, 0.272,302.20, 28.11, 42.94, 35.53,
1999, 3, 0.262,302.98, 27.32, 42.28, 34.80,
1999, 4, 0.249,303.77, 25.57, 42.02, 33.79,
1999, 5, 0.236,304.65, 23.70, 41.28, 32.49,
1999, 6, 0.224,305.64, 22.32, 39.55, 30.94,
1999, 7, 0.214,306.54, 22.19, 39.39, 30.79,
1999, 8, 0.204,307.20, 22.36, 42.71, 32.53,
1999, 9, 0.197,307.76, 24.23, 45.54, 34.88,
1999,10, 0.191,308.34, 27.04, 45.74, 36.39,
1999,11, 0.184,308.56, 29.28, 48.01, 38.64,
1999,12, 0.174,307.97, 29.76, 57.32, 43.54,
1999,13, 0.166,307.07, 30.84, 64.46, 47.65,
1999,14, 0.159,305.63, 32.41, 70.90, 51.66,
1999,15, 0.154,303.64, 33.60, 75.61, 54.60,
1999,16, 0.152,301.58, 35.06, 77.31, 56.19,
1999,17, 0.153,299.23, 37.16, 79.71, 58.44,
1999,18, 0.153,296.16, 38.42, 82.73, 60.58,
1999,19, 0.154,292.82, 40.49, 85.81, 63.15,
1999,20, 0.156,289.97, 43.97, 82.01, 62.99,
1999,21, 0.157,286.92, 45.45, 77.92, 61.68,
1999,22, 0.158,284.62, 48.06, 71.43, 59.75,
1999,23, 0.160,283.34, 50.94, 61.41, 56.17,
1999,24, 0.161,282.52, 52.33, 53.31, 52.82,
1999,25, 0.158,281.32, 50.85, 51.23, 51.04,
1999,26, 0.154,280.54, 49.12, 47.71, 48.42,
1999,27, 0.152,280.31, 48.27, 43.61, 45.94,
1999,28, 0.149,279.87, 45.20, 43.33, 44.26,
1999,29, 0.147,279.71, 42.07, 44.22, 43.14,
1999,30, 0.149,279.79, 39.47, 45.85, 42.66,
1999,31, 0.152,280.07, 37.19, 48.03, 42.61,
1999,32, 0.164,281.16, 38.21, 49.16, 43.69,
1999,33, 0.182,282.59, 40.09, 49.75, 44.92,
1999,34, 0.203,283.92, 42.36, 50.58, 46.47,
1999,35, 0.228,285.77, 46.19, 48.44, 47.32,
1999,36, 0.254,287.75, 50.35, 44.67, 47.51,
1999,37, 0.277,289.28, 53.77, 44.01, 48.89,
1999,38, 0.300,290.37, 56.52, 47.06, 51.79,
1999,39, 0.322,291.74, 58.97, 46.01, 52.49,
1999,40, 0.336,292.81, 58.42, 45.83, 52.12,
1999,41, 0.341,293.06, 53.57, 56.14, 54.85,
1999,42, 0.344,293.32, 48.00, 65.44, 56.72,
1999,43, 0.349,293.84, 46.37, 71.45, 58.91,
1999,44, 0.354,294.51, 47.44, 74.34, 60.89,
1999,45, 0.359,295.44, 50.08, 72.79, 61.43,
1999,46, 0.358,296.47, 50.63, 69.41, 60.02,
1999,47, 0.354,297.54, 50.40, 63.98, 57.19,
1999,48, 0.345,298.32, 48.29, 61.41, 54.85,
1999,49, 0.333,298.83, 44.64, 61.03, 52.83,
1999,50, 0.319,299.29, 42.44, 57.88, 50.16,
1999,51, 0.310,300.13, 41.62, 50.53, 46.07,
1999,52, 0.303,301.10, 41.87, 41.71, 41.79,
2000, 1, 0.293,301.69, 39.86, 39.96, 39.91,
2000, 2, 0.284,302.11, 38.56, 44.07, 41.32,
2000, 3, 0.275,302.75, 38.06, 45.54, 41.80,
2000, 4, 0.266,303.39, 37.76, 47.33, 42.55,
2000, 5, 0.257,303.99, 37.90, 50.41, 44.15,
2000, 6, 0.246,304.18, 36.59, 59.89, 48.24,
2000, 7, 0.234,304.44, 34.90, 67.67, 51.29,
2000, 8, 0.224,305.09, 34.41, 69.91, 52.16,
2000, 9, 0.213,305.17, 33.68, 77.44, 55.56,
2000,10, 0.202,305.00, 32.83, 84.58, 58.71,
2000,11, 0.192,304.79, 32.61, 88.69, 60.65,
2000,12, 0.184,304.63, 32.49, 90.42, 61.45,
2000,13, 0.175,304.25, 31.61, 90.80, 61.20,
2000,14, 0.165,303.06, 30.01, 91.85, 60.93,
2000,15, 0.159,301.79, 30.30, 90.25, 60.28,
2000,16, 0.156,300.54, 31.25, 87.42, 59.34,
2000,17, 0.151,297.94, 30.17, 88.60, 59.38,
2000,18, 0.147,294.96, 29.33, 87.85, 58.59,
2000,19, 0.144,292.23, 30.46, 85.92, 58.19,
2000,20, 0.146,290.03, 34.86, 81.14, 58.00,
2000,21, 0.146,287.75, 37.73, 76.03, 56.88,
2000,22, 0.143,285.08, 38.83, 72.11, 55.47,
2000,23, 0.144,283.57, 41.17, 64.52, 52.85,
2000,24, 0.147,282.87, 43.50, 56.34, 49.92,
2000,25, 0.149,282.23, 44.81, 51.19, 48.00,
2000,26, 0.148,281.59, 44.74, 46.17, 45.45,
2000,27, 0.151,281.56, 46.13, 40.76, 43.44,
2000,28, 0.156,282.02, 47.52, 35.99, 41.76,
2000,29, 0.159,282.40, 47.05, 34.13, 40.59,
2000,30, 0.161,282.49, 44.78, 35.00, 39.89,
2000,31, 0.166,283.02, 42.92, 34.62, 38.77,
2000,32, 0.175,284.15, 42.61, 32.93, 37.77,
2000,33, 0.185,285.05, 41.17, 33.21, 37.19,
2000,34, 0.193,285.45, 38.20, 37.28, 37.74,
2000,35, 0.205,286.19, 36.79, 40.09, 38.44,
2000,36, 0.223,287.71, 37.38, 39.34, 38.36,
2000,37, 0.245,289.14, 39.81, 40.49, 40.15,
2000,38, 0.271,290.42, 43.82, 42.67, 43.24,
2000,39, 0.300,291.79, 49.38, 41.40, 45.39,
2000,40, 0.329,293.28, 56.17, 35.87, 46.02,
2000,41, 0.351,294.20, 60.41, 36.65, 48.53,
2000,42, 0.369,295.69, 62.83, 30.60, 46.71,
2000,43, 0.383,297.93, 66.04, 18.65, 42.35,
2000,44, 0.390,299.71, 67.11, 13.34, 40.22,
2000,45, 0.390,300.93, 66.88, 11.35, 39.12,
2000,46, 0.386,301.77, 65.70, 11.12, 38.41,
2000,47, 0.379,302.55, 64.33, 10.16, 37.24,
2000,48, 0.371,303.16, 62.47,  9.47, 35.97,
2000,49, 0.360,303.57, 60.51,  9.20, 34.86,
2000,50, 0.351,303.77, 61.58,  7.54, 34.56,
2000,51, 0.341,303.94, 60.90,  7.64, 34.27,
2000,52, 0.328,303.99, 57.80,  7.95, 32.88,
2001, 1, 0.314,303.83, 51.66, 11.65, 31.66,
2001, 2, 0.300,303.82, 47.15, 19.25, 33.20,
2001, 3, 0.289,304.25, 44.47, 23.58, 34.03,
2001, 4, 0.278,304.86, 42.76, 25.69, 34.23,
2001, 5, 0.267,305.60, 41.41, 27.06, 34.24,
2001, 6, 0.256,306.38, 40.30, 28.62, 34.46,
2001, 7, 0.243,306.97, 38.51, 33.34, 35.92,
2001, 8, 0.231,307.51, 37.30, 38.48, 37.89,
2001, 9, 0.219,307.99, 36.94, 42.27, 39.61,
2001,10, 0.208,308.41, 37.68, 44.55, 41.12,
2001,11, 0.200,308.79, 39.68, 44.78, 42.23,
2001,12, 0.192,308.87, 41.92, 46.01, 43.97,
2001,13, 0.188,309.08, 45.90, 40.65, 43.27,
2001,14, 0.185,309.25, 49.86, 31.29, 40.58,
2001,15, 0.180,308.63, 50.91, 30.07, 40.49,
2001,16, 0.174,307.43, 49.12, 31.13, 40.13,
2001,17, 0.167,305.36, 45.17, 36.21, 40.69,
2001,18, 0.161,302.22, 41.87, 44.68, 43.27,
2001,19, 0.157,298.32, 40.59, 54.66, 47.62,
2001,20, 0.154,294.39, 40.24, 61.10, 50.67,
2001,21, 0.152,290.73, 41.06, 63.86, 52.46,
2001,22, 0.150,287.49, 42.17, 64.20, 53.18,
2001,23, 0.149,284.92, 43.54, 61.99, 52.76,
2001,24, 0.148,283.15, 44.03, 58.07, 51.05,
2001,25, 0.148,281.55, 44.53, 54.79, 49.66,
2001,26, 0.148,280.36, 44.73, 51.53, 48.13,
2001,27, 0.151,279.93, 45.98, 46.47, 46.22,
2001,28, 0.155,279.78, 47.19, 44.21, 45.70,
2001,29, 0.162,280.11, 48.38, 42.27, 45.33,
2001,30, 0.170,280.95, 49.59, 39.55, 44.57,
2001,31, 0.183,282.23, 51.41, 36.05, 43.73,
2001,32, 0.197,283.90, 53.92, 32.19, 43.05,
2001,33, 0.211,285.21, 54.45, 31.17, 42.81,
2001,34, 0.224,286.21, 53.32, 32.86, 43.09,
2001,35, 0.238,287.30, 52.31, 34.33, 43.32,
2001,36, 0.256,288.65, 52.46, 35.41, 43.94,
2001,37, 0.273,289.69, 52.28, 38.85, 45.56,
2001,38, 0.292,290.47, 52.64, 43.40, 48.02,
2001,39, 0.309,291.24, 52.02, 48.37, 50.19,
2001,40, 0.323,292.09, 51.14, 51.24, 51.19,
2001,41, 0.334,292.75, 48.92, 57.87, 53.39,
2001,42, 0.341,293.26, 45.51, 65.66, 55.58,
2001,43, 0.349,294.18, 45.35, 67.08, 56.22,
2001,44, 0.355,295.23, 46.92, 64.68, 55.80,
2001,45, 0.357,296.13, 48.12, 63.34, 55.73,
2001,46, 0.356,296.91, 48.39, 63.33, 55.86,
2001,47, 0.351,297.57, 48.13, 63.25, 55.69,
2001,48, 0.344,298.24, 47.54, 61.87, 54.70,
2001,49, 0.333,298.54, 44.47, 64.19, 54.33,
2001,50, 0.319,298.63, 42.05, 67.38, 54.72,
2001,51, 0.309,299.07, 40.62, 66.70, 53.66,
2001,52, 0.301,299.73, 40.00, 63.59, 51.79,
2002, 1, 0.293,300.37, 37.61, 61.73, 49.67,
2002, 2, 0.285,301.19, 37.33, 59.06, 48.20,
2002, 3, 0.278,302.28, 38.11, 53.09, 45.60,
2002, 4, 0.271,303.46, 39.08, 46.10, 42.59,
2002, 5, 0.263,304.62, 39.48, 40.63, 40.06,
2002, 6, 0.254,305.86, 40.03, 34.96, 37.49,
2002, 7, 0.246,307.25, 41.34, 28.03, 34.68,
2002, 8, 0.238,308.51, 43.41, 23.60, 33.51,
2002, 9, 0.228,309.45, 44.61, 21.66, 33.14,
2002,10, 0.217,310.13, 44.99, 20.90, 32.94,
2002,11, 0.206,310.74, 46.31, 19.54, 32.92,
2002,12, 0.197,310.99, 47.22, 19.93, 33.57,
2002,13, 0.186,310.34, 46.22, 25.81, 36.02,
2002,14, 0.179,309.82, 45.82, 25.68, 35.75,
2002,15, 0.174,309.47, 46.68, 23.60, 35.14,
2002,16, 0.167,307.86, 43.20, 28.84, 36.02,
2002,17, 0.159,305.47, 38.38, 36.44, 37.41,
2002,18, 0.152,302.28, 34.54, 44.80, 39.67,
2002,19, 0.148,298.42, 33.45, 52.47, 42.96,
2002,20, 0.148,294.85, 35.76, 53.55, 44.66,
2002,21, 0.149,291.28, 38.17, 53.78, 45.97,
2002,22, 0.151,288.20, 41.87, 52.26, 47.07,
2002,23, 0.153,285.76, 44.84, 48.36, 46.60,
2002,24, 0.153,283.57, 46.06, 45.39, 45.73,
2002,25, 0.149,281.19, 44.49, 47.76, 46.12,
2002,26, 0.142,278.41, 41.16, 52.64, 46.90,
2002,27, 0.141,277.50, 40.63, 52.08, 46.35,
2002,28, 0.145,277.99, 42.10, 48.55, 45.32,
2002,29, 0.148,277.76, 41.44, 49.80, 45.62,
2002,30, 0.150,277.50, 39.42, 53.09, 46.25,
2002,31, 0.156,277.57, 37.99, 55.68, 46.84,
2002,32, 0.167,278.42, 38.81, 55.84, 47.33,
2002,33, 0.184,280.06, 41.06, 54.03, 47.54,
2002,34, 0.202,281.68, 42.91, 53.34, 48.13,
2002,35, 0.224,283.74, 45.30, 51.72, 48.51,
2002,36, 0.247,285.83, 48.14, 50.26, 49.20,
2002,37, 0.273,288.05, 52.79, 47.05, 49.92,
2002,38, 0.297,289.67, 55.61, 47.54, 51.57,
2002,39, 0.318,290.86, 57.17, 50.59, 53.88,
2002,40, 0.337,292.22, 59.15, 49.83, 54.49,
2002,41, 0.353,293.66, 60.34, 47.51, 53.92,
2002,42, 0.363,294.52, 58.34, 49.44, 53.89,
2002,43, 0.367,295.15, 56.48, 54.25, 55.36,
2002,44, 0.367,295.76, 54.28, 57.85, 56.06,
2002,45, 0.367,296.26, 53.85, 61.58, 57.71,
2002,46, 0.364,296.72, 53.27, 65.55, 59.41,
2002,47, 0.358,297.02, 52.31, 69.93, 61.12,
2002,48, 0.349,297.16, 50.59, 75.70, 63.15,
2002,49, 0.344,297.43, 51.16, 78.57, 64.86,
2002,50, 0.339,297.91, 54.86, 77.01, 65.93,
2002,51, 0.334,298.44, 56.70, 75.34, 66.02,
2002,52, 0.329,299.01, 57.29, 73.85, 65.57,
2003, 1, 0.323,299.72, 56.09, 70.78, 63.44,
2003, 2, 0.315,300.45, 55.11, 69.76, 62.44,
2003, 3, 0.309,301.45, 55.74, 65.31, 60.53,
2003, 4, 0.301,302.47, 56.39, 60.83, 58.61,
2003, 5, 0.293,303.49, 56.72, 57.63, 57.18,
2003, 6, 0.285,304.59, 57.82, 53.95, 55.89,
2003, 7, 0.276,305.69, 58.72, 50.68, 54.70,
2003, 8, 0.266,306.69, 59.89, 49.22, 54.56,
2003, 9, 0.255,307.45, 61.28, 49.71, 55.49,
2003,10, 0.243,308.08, 62.30, 49.65, 55.97,
2003,11, 0.228,308.48, 61.03, 50.02, 55.52,
2003,12, 0.215,308.84, 60.35, 47.77, 54.06,
2003,13, 0.203,308.46, 59.15, 49.81, 54.48,
2003,14, 0.193,307.95, 57.47, 48.48, 52.98,
2003,15, 0.188,307.69, 57.41, 41.82, 49.61,
2003,16, 0.181,306.22, 53.71, 44.46, 49.09,
2003,17, 0.177,304.62, 51.56, 44.67, 48.12,
2003,18, 0.175,302.63, 51.12, 42.78, 46.95,
2003,19, 0.170,299.42, 49.26, 46.85, 48.06,
2003,20, 0.170,296.36, 50.32, 46.41, 48.37,
2003,21, 0.170,293.38, 51.96, 44.56, 48.26,
2003,22, 0.171,290.71, 54.36, 41.88, 48.12,
2003,23, 0.173,288.59, 57.08, 37.25, 47.16,
2003,24, 0.175,286.70, 58.86, 35.54, 47.20,
2003,25, 0.181,285.89, 61.76, 31.70, 46.73,
2003,26, 0.185,285.16, 63.16, 28.63, 45.90,
2003,27, 0.190,285.29, 65.18, 24.23, 44.70,
2003,28, 0.195,285.81, 65.88, 20.23, 43.05,
2003,29, 0.196,285.54, 63.82, 21.89, 42.85,
2003,30, 0.198,285.61, 61.03, 22.12, 41.57,
2003,31, 0.199,285.52, 57.45, 22.86, 40.16,
2003,32, 0.200,285.01, 53.33, 27.83, 40.58,
2003,33, 0.204,284.95, 49.64, 32.54, 41.09,
2003,34, 0.210,285.11, 45.68, 37.87, 41.77,
2003,35, 0.221,285.71, 43.24, 42.08, 42.66,
2003,36, 0.238,286.80, 42.97, 45.16, 44.07,
2003,37, 0.260,288.17, 45.48, 47.68, 46.58,
2003,38, 0.286,289.55, 49.52, 49.82, 49.67,
2003,39, 0.308,290.72, 51.60, 52.85, 52.23,
2003,40, 0.328,292.08, 53.72, 51.73, 52.72,
2003,41, 0.342,293.24, 53.87, 52.20, 53.04,
2003,42, 0.354,294.45, 53.18, 49.74, 51.46,
2003,43, 0.365,295.77, 54.79, 45.01, 49.90,
2003,44, 0.372,297.17, 57.14, 38.39, 47.76,
2003,45, 0.375,298.41, 58.81, 32.55, 45.68,
2003,46, 0.371,299.11, 57.61, 33.75, 45.68,
2003,47, 0.359,299.42, 52.51, 38.73, 45.62,
2003,48, 0.344,299.72, 46.50, 41.92, 44.21,
2003,49, 0.329,300.01, 41.21, 43.77, 42.49,
2003,50, 0.317,300.32, 39.96, 41.28, 40.62,
2003,51, 0.307,300.66, 39.08, 41.55, 40.31,
2003,52, 0.300,301.03, 38.88, 42.44, 40.66,
2004, 1, 0.294,301.45, 38.82, 43.09, 40.95,
2004, 2,-1.000, -1.00, -1.00, -1.00, -1.00,
2004, 3,-1.000, -1.00, -1.00, -1.00, -1.00,
2004, 4,-1.000, -1.00, -1.00, -1.00, -1.00,
2004, 5, 0.267,304.26, 42.16, 46.30, 44.23,
2004, 6, 0.256,305.32, 41.50, 43.56, 42.53,
2004, 7, 0.246,306.32, 41.86, 42.24, 42.05,
2004, 8, 0.238,307.22, 43.61, 42.59, 43.10,
2004, 9, 0.232,307.95, 47.65, 43.61, 45.63,
2004,10, 0.230,308.61, 55.01, 43.47, 49.24,
2004,11,-1.000, -1.00, -1.00, -1.00, -1.00,
2004,12,-1.000, -1.00, -1.00, -1.00, -1.00,
2004,13,-1.000, -1.00, -1.00, -1.00, -1.00,
2004,14,-1.000, -1.00, -1.00, -1.00, -1.00,
2004,15,-1.000, -1.00, -1.00, -1.00, -1.00,
2004,16,-1.000, -1.00, -1.00, -1.00, -1.00,
2004,17,-1.000, -1.00, -1.00, -1.00, -1.00,
2004,18,-1.000, -1.00, -1.00, -1.00, -1.00,
2004,19,-1.000, -1.00, -1.00, -1.00, -1.00,
2004,20,-1.000, -1.00, -1.00, -1.00, -1.00,
2004,21,-1.000, -1.00, -1.00, -1.00, -1.00,
2004,22,-1.000, -1.00, -1.00, -1.00, -1.00,
2004,23,-1.000, -1.00, -1.00, -1.00, -1.00,
2004,24,-1.000, -1.00, -1.00, -1.00, -1.00,
2004,25, 0.144,272.01, 43.25, 76.83, 60.04,
2004,26, 0.151,273.85, 46.70, 69.02, 57.86,
2004,27, 0.152,274.13, 46.68, 65.22, 55.95,
2004,28, 0.155,274.48, 46.96, 61.97, 54.47,
2004,29,-1.000, -1.00, -1.00, -1.00, -1.00,
2004,30, 0.160,274.83, 43.73, 59.62, 51.68,
2004,31, 0.164,275.68, 41.70, 58.10, 49.90,
2004,32, 0.169,276.79, 40.13, 57.19, 48.66,
2004,33, 0.178,278.45, 38.13, 56.16, 47.15,
2004,34, 0.185,279.51, 34.27, 60.03, 47.15,
2004,35, 0.196,280.99, 31.77, 63.42, 47.60,
2004,36, 0.218,283.43, 33.55, 61.72, 47.63,
2004,37, 0.241,285.63, 36.05, 61.78, 48.92,
2004,38, 0.265,287.54, 38.77, 61.70, 50.24,
2004,39, 0.289,289.78, 41.71, 56.73, 49.22,
2004,40, 0.311,292.39, 45.03, 43.84, 44.44,
2004,41, 0.326,294.38, 45.40, 34.36, 39.88,
2004,42, 0.337,296.05, 43.84, 26.54, 35.19,
2004,43, 0.339,296.65, 40.12, 32.84, 36.48,
2004,44, 0.340,297.52, 37.64, 34.02, 35.83,
2004,45, 0.341,298.75, 37.45, 28.59, 33.02,
2004,46, 0.335,299.28, 34.85, 32.05, 33.45,
2004,47, 0.327,299.67, 31.99, 36.20, 34.10,
2004,48, 0.318,300.04, 30.23, 38.67, 34.45,
2004,49, 0.310,300.38, 29.52, 39.76, 34.64,
2004,50, 0.301,300.71, 29.87, 36.48, 33.17,
2004,51, 0.292,301.09, 29.30, 35.90, 32.60,
2004,52, 0.285,301.53, 28.90, 35.39, 32.15,
2005, 1, 0.277,301.98, 27.24, 35.51, 31.37,
2005, 2, 0.270,302.48, 26.95, 38.22, 32.58,
2005, 3, 0.264,303.24, 27.98, 38.02, 33.00,
2005, 4, 0.256,304.19, 28.90, 35.04, 31.97,
2005, 5, 0.249,305.37, 30.12, 30.03, 30.07,
2005, 6, 0.242,306.51, 31.21, 26.67, 28.94,
2005, 7, 0.233,307.46, 31.77, 26.52, 29.15,
2005, 8, 0.222,308.20, 32.18, 28.90, 30.54,
2005, 9, 0.212,308.72, 32.80, 32.25, 32.53,
2005,10, 0.200,308.95, 32.80, 37.33, 35.07,
2005,11, 0.190,309.06, 33.84, 41.95, 37.90,
2005,12, 0.182,308.92, 35.45, 46.14, 40.79,
2005,13, 0.176,308.87, 38.08, 43.92, 41.00,
2005,14, 0.170,308.66, 39.42, 39.37, 39.39,
2005,15, 0.166,307.75, 40.15, 40.02, 40.08,
2005,16, 0.161,306.63, 38.55, 38.50, 38.52,
2005,17, 0.158,305.31, 37.51, 36.09, 36.80,
2005,18, 0.156,303.77, 37.29, 31.94, 34.62,
2005,19, 0.153,301.39, 36.63, 31.42, 34.03,
2005,20, 0.150,298.70, 36.77, 29.58, 33.18,
2005,21, 0.148,295.92, 37.78, 28.02, 32.90,
2005,22, 0.146,292.49, 38.72, 30.57, 34.64,
2005,23, 0.140,288.77, 38.40, 34.45, 36.43,
2005,24, 0.136,285.80, 37.62, 37.46, 37.54,
2005,25, 0.136,284.11, 38.19, 38.44, 38.32,
2005,26, 0.138,283.34, 39.46, 36.12, 37.79,
2005,27, 0.142,282.60, 41.05, 35.50, 38.28,
2005,28, 0.144,281.70, 41.03, 37.23, 39.13,
2005,29, 0.144,279.72, 39.26, 45.78, 42.52,
2005,30, 0.142,279.72, 35.37, 45.24, 40.30,
2005,31, 0.144,279.37, 32.46, 48.19, 40.32,
2005,32, 0.150,279.90, 31.49, 50.23, 40.86,
2005,33, 0.166,281.68, 32.92, 48.73, 40.82,
2005,34, 0.189,284.12, 36.38, 44.48, 40.43,
2005,35, 0.211,285.84, 38.66, 43.59, 41.12,
2005,36, 0.233,287.28, 40.52, 44.08, 42.30,
2005,37, 0.255,288.64, 43.09, 45.68, 44.38,
2005,38, 0.280,290.22, 46.77, 45.60, 46.19,
2005,39, 0.306,291.66, 50.45, 44.57, 47.51,
2005,40, 0.328,293.12, 53.72, 40.63, 47.18,
2005,41, 0.343,294.43, 54.72, 37.55, 46.14,
2005,42, 0.353,295.07, 53.19, 40.87, 47.03,
2005,43, 0.358,295.36, 51.66, 49.78, 50.72,
2005,44, 0.363,295.92, 52.24, 54.36, 53.30,
2005,45, 0.366,296.43, 53.93, 58.36, 56.15,
2005,46, 0.370,296.88, 57.39, 62.39, 59.89,
2005,47, 0.368,297.30, 58.94, 64.99, 61.96,
2005,48, 0.362,297.59, 58.59, 68.64, 63.62,
2005,49, 0.354,297.79, 57.52, 72.09, 64.81,
2005,50, 0.349,298.01, 60.78, 73.56, 67.17,
2005,51, 0.345,298.44, 63.52, 73.24, 68.38,
2005,52, 0.344,299.16, 66.26, 69.85, 68.06,
2006, 1, 0.340,299.96, 66.92, 66.77, 66.84,
2006, 2, 0.335,300.86, 66.53, 63.02, 64.78,
2006, 3, 0.327,301.82, 66.21, 59.05, 62.63,
2006, 4, 0.318,302.81, 65.72, 55.08, 60.40,
2006, 5, 0.308,304.01, 65.22, 49.26, 57.24,
2006, 6, 0.297,305.24, 64.70, 43.74, 54.22,
2006, 7, 0.285,306.39, 64.82, 39.95, 52.38,
2006, 8, 0.271,307.48, 64.23, 37.51, 50.87,
2006, 9, 0.256,308.38, 63.59, 35.90, 49.75,
2006,10, 0.241,309.09, 62.91, 34.49, 48.70,
2006,11, 0.228,309.61, 63.58, 33.75, 48.66,
2006,12, 0.217,309.59, 64.90, 36.86, 50.88,
2006,13, 0.207,309.17, 66.47, 39.57, 53.02,
2006,14, 0.199,308.26, 66.40, 42.67, 54.54,
2006,15, 0.191,306.74, 64.68, 49.30, 56.99,
2006,16, 0.187,304.83, 62.24, 55.27, 58.75,
2006,17, 0.186,302.78, 61.70, 57.99, 59.84,
2006,18, 0.189,300.48, 63.51, 57.53, 60.52,
2006,19, 0.189,297.58, 63.65, 59.59, 61.62,
2006,20, 0.188,294.36, 63.46, 60.74, 62.10,
2006,21, 0.187,291.45, 63.46, 58.68, 61.07,
2006,22, 0.187,289.23, 64.71, 54.06, 59.38,
2006,23, 0.186,287.34, 65.43, 48.35, 56.89,
2006,24, 0.184,285.47, 64.88, 45.07, 54.97,
2006,25, 0.183,283.71, 63.96, 43.66, 53.81,
2006,26, 0.181,282.41, 62.61, 39.52, 51.06,
2006,27, 0.177,281.57, 60.51, 36.92, 48.72,
2006,28, 0.177,281.39, 59.15, 34.74, 46.95,
2006,29, 0.181,281.99, 59.40, 31.60, 45.50,
2006,30, 0.190,283.26, 60.76, 26.74, 43.75,
2006,31, 0.198,284.01, 60.23, 25.54, 42.89,
2006,32, 0.205,284.49, 59.43, 28.23, 43.83,
2006,33, 0.216,285.18, 58.46, 29.95, 44.20,
2006,34, 0.228,286.18, 57.40, 31.70, 44.55,
2006,35, 0.244,287.54, 56.67, 33.72, 45.20,
2006,36, 0.261,288.85, 56.08, 35.65, 45.87,
2006,37, 0.277,289.98, 55.46, 38.20, 46.83,
2006,38, 0.292,291.05, 54.15, 40.56, 47.35,
2006,39, 0.305,291.99, 51.32, 42.60, 46.96,
2006,40, 0.319,293.10, 49.66, 41.99, 45.82,
2006,41, 0.333,294.46, 49.44, 38.16, 43.80,
2006,42, 0.344,295.74, 48.01, 32.85, 40.43,
2006,43, 0.350,296.81, 46.47, 31.04, 38.76,
2006,44, 0.350,297.51, 43.63, 33.94, 38.79,
2006,45, 0.350,298.34, 43.21, 33.03, 38.12,
2006,46, 0.348,299.23, 43.38, 31.22, 37.30,
2006,47, 0.343,299.77, 42.62, 33.29, 37.95,
2006,48, 0.338,300.19, 42.82, 34.77, 38.79,
2006,49, 0.331,300.53, 42.61, 35.79, 39.20,
2006,50, 0.321,300.73, 42.39, 34.21, 38.30,
2006,51, 0.311,300.92, 40.76, 36.80, 38.78,
2006,52, 0.304,301.21, 40.29, 39.07, 39.68,
2007, 1, 0.299,301.66, 39.85, 39.58, 39.71,
2007, 2, 0.292,302.15, 39.93, 42.87, 41.40,
2007, 3, 0.283,302.60, 39.14, 47.52, 43.33,
2007, 4, 0.273,303.19, 38.53, 49.90, 44.21,
2007, 5, 0.261,303.87, 37.35, 51.99, 44.67,
2007, 6, 0.251,304.71, 37.77, 52.58, 45.18,
2007, 7, 0.243,305.79, 39.50, 49.58, 44.54,
2007, 8, 0.236,306.86, 42.41, 47.08, 44.74,
2007, 9, 0.228,307.92, 45.58, 43.40, 44.49,
2007,10, 0.219,309.14, 48.08, 35.34, 41.71,
2007,11, 0.207,309.79, 48.81, 32.72, 40.77,
2007,12, 0.195,309.70, 48.78, 36.61, 42.70,
2007,13, 0.185,308.96, 48.66, 43.57, 46.11,
2007,14, 0.178,308.17, 49.17, 45.42, 47.30,
2007,15, 0.172,307.19, 49.94, 45.73, 47.84,
2007,16, 0.166,304.92, 46.89, 54.03, 50.46,
2007,17, 0.161,302.09, 43.68, 62.30, 52.99,
2007,18, 0.160,299.22, 43.61, 64.44, 54.03,
2007,19, 0.162,296.50, 46.32, 63.04, 54.68,
2007,20, 0.164,293.74, 48.80, 60.71, 54.76,
2007,21, 0.172,291.74, 54.76, 54.91, 54.84,
2007,22, 0.180,290.27, 61.05, 48.08, 54.57,
2007,23, 0.188,289.59, 67.31, 38.00, 52.66,
2007,24, 0.192,288.62, 69.94, 31.25, 50.59,
2007,25, 0.187,286.60, 67.04, 32.78, 49.91,
2007,26, 0.181,284.76, 63.29, 34.60, 48.95,
2007,27, 0.177,283.92, 60.88, 32.28, 46.58,
2007,28, 0.178,283.72, 59.81, 29.71, 44.76,
2007,29, 0.178,283.26, 57.46, 30.50, 43.98,
2007,30, 0.182,283.25, 55.53, 31.15, 43.34,
2007,31, 0.190,284.02, 55.31, 28.75, 42.03,
2007,32, 0.201,285.08, 55.42, 26.11, 40.76,
2007,33, 0.208,285.36, 52.48, 29.10, 40.79,
2007,34, 0.217,285.94, 49.75, 32.76, 41.25,
2007,35, 0.230,286.47, 47.51, 38.84, 43.18,
2007,36, 0.245,287.33, 46.73, 43.09, 44.91,
2007,37, 0.260,288.34, 46.15, 46.01, 46.08,
2007,38, 0.269,288.67, 41.94, 55.52, 48.73,
2007,39, 0.282,289.58, 38.79, 61.48, 50.13,
2007,40, 0.298,290.93, 38.31, 61.68, 49.99,
2007,41, 0.315,292.42, 39.70, 60.30, 50.00,
2007,42, 0.328,293.49, 39.54, 61.41, 50.47,
2007,43, 0.338,294.46, 40.10, 62.33, 51.22,
2007,44, 0.344,295.57, 40.96, 59.06, 50.01,
2007,45, 0.345,296.64, 41.36, 55.44, 48.40,
2007,46, 0.342,297.25, 40.60, 57.83, 49.21,
2007,47, 0.339,297.90, 40.76, 58.02, 49.39,
2007,48, 0.337,298.85, 42.97, 52.95, 47.96,
2007,49, 0.334,299.67, 45.47, 47.75, 46.61,
2007,50, 0.329,300.11, 48.80, 43.90, 46.35,
2007,51, 0.324,300.48, 49.94, 43.67, 46.80,
2007,52, 0.319,301.11, 50.52, 40.49, 45.51,
2008, 1, 0.314,301.73, 50.26, 38.17, 44.22,
2008, 2, 0.310,302.38, 51.07, 38.89, 44.98,
2008, 3, 0.305,302.88, 52.00, 42.66, 47.33,
2008, 4, 0.299,303.33, 52.75, 47.21, 49.98,
2008, 5, 0.292,303.93, 53.89, 50.55, 52.22,
2008, 6, 0.284,304.45, 54.66, 55.97, 55.31,
2008, 7, 0.274,304.95, 55.67, 61.60, 58.63,
2008, 8, 0.264,305.80, 57.35, 61.93, 59.64,
2008, 9, 0.252,306.82, 58.32, 58.45, 58.39,
2008,10, 0.236,307.59, 57.22, 56.20, 56.71,
2008,11, 0.221,307.74, 55.87, 58.88, 57.37,
2008,12, 0.209,307.90, 55.47, 58.01, 56.74,
2008,13, 0.198,307.70, 55.90, 56.62, 56.26,
2008,14, 0.190,307.14, 56.64, 53.69, 55.16,
2008,15, 0.183,306.45, 56.86, 49.00, 52.93,
2008,16, 0.175,304.58, 52.78, 52.88, 52.83,
2008,17, 0.169,302.14, 48.41, 57.67, 53.04,
2008,18, 0.164,299.43, 45.61, 59.41, 52.51,
2008,19, 0.161,296.36, 44.24, 61.62, 52.93,
2008,20, 0.159,293.18, 44.37, 63.15, 53.76,
2008,21, 0.161,290.61, 46.75, 60.20, 53.47,
2008,22, 0.163,288.72, 49.89, 53.98, 51.94,
2008,23, 0.164,287.18, 51.57, 47.26, 49.42,
2008,24, 0.162,285.63, 51.59, 43.30, 47.45,
2008,25, 0.159,284.20, 49.93, 42.12, 46.02,
2008,26, 0.151,282.33, 46.10, 43.43, 44.77,
2008,27, 0.149,281.54, 44.70, 41.38, 43.04,
2008,28, 0.149,281.25, 43.97, 39.71, 41.84,
2008,29, 0.148,280.49, 41.33, 42.61, 41.97,
2008,30, 0.150,280.16, 39.32, 44.63, 41.97,
2008,31, 0.156,280.60, 37.90, 44.21, 41.05,
2008,32, 0.168,281.68, 38.65, 42.98, 40.81,
2008,33, 0.184,283.14, 40.21, 42.63, 41.42,
2008,34, 0.204,284.70, 42.29, 41.83, 42.06,
2008,35, 0.228,286.74, 45.26, 37.71, 41.48,
2008,36, 0.248,288.51, 46.54, 34.96, 40.75,
2008,37, 0.269,290.26, 49.01, 32.33, 40.67,
2008,38, 0.291,291.57, 51.38, 32.89, 42.14,
2008,39, 0.309,292.57, 51.70, 34.99, 43.35,
2008,40, 0.325,293.84, 51.82, 31.43, 41.63,
2008,41, 0.337,294.67, 50.55, 33.53, 42.04,
2008,42, 0.345,295.09, 48.23, 40.71, 44.47,
2008,43, 0.353,295.69, 48.18, 45.43, 46.81,
2008,44, 0.357,296.32, 48.25, 48.89, 48.57,
2008,45, 0.358,296.93, 48.69, 51.58, 50.14,
2008,46, 0.358,297.72, 50.36, 51.40, 50.88,
2008,47, 0.354,298.45, 50.44, 50.55, 50.50,
2008,48, 0.344,299.15, 47.53, 48.88, 48.21,
2008,49, 0.329,299.49, 41.90, 50.17, 46.03,
2008,50, 0.316,299.83, 39.25, 48.32, 43.78,
2008,51, 0.307,300.52, 38.35, 43.60, 40.97,
2008,52, 0.298,301.16, 36.66, 40.35, 38.50,
2009, 1, 0.289,301.74, 33.60, 38.56, 36.08,
2009, 2, 0.282,302.53, 33.61, 36.76, 35.19,
2009, 3, 0.277,303.54, 34.95, 32.53, 33.74,
2009, 4, 0.268,304.33, 35.01, 32.37, 33.69,
2009, 5, 0.258,305.10, 34.66, 33.43, 34.05,
2009, 6, 0.249,306.20, 35.60, 30.20, 32.90,
2009, 7, 0.239,307.21, 36.50, 28.81, 32.66,
2009, 8, 0.227,307.92, 36.11, 31.90, 34.00,
2009, 9, 0.213,308.21, 34.68, 38.40, 36.54,
2009,10, 0.201,308.63, 34.31, 41.02, 37.67,
2009,11, 0.192,309.02, 35.52, 41.73, 38.62,
2009,12, 0.183,308.94, 36.45, 45.25, 40.85,
2009,13, 0.175,308.35, 37.55, 49.90, 43.73,
2009,14, 0.170,307.51, 39.91, 51.91, 45.91,
2009,15, 0.168,306.57, 43.31, 51.31, 47.31,
2009,16, 0.168,305.31, 45.45, 50.52, 47.98,
2009,17, 0.169,303.64, 46.93, 49.93, 48.43,
2009,18, 0.172,301.92, 49.28, 46.43, 47.85,
2009,19, 0.175,300.06, 51.80, 42.02, 46.91,
2009,20, 0.175,297.59, 53.10, 38.91, 46.00,
2009,21, 0.174,295.01, 53.74, 35.17, 44.46,
2009,22, 0.172,292.40, 54.22, 32.21, 43.22,
2009,23, 0.168,289.85, 53.35, 29.38, 41.37,
2009,24, 0.164,287.73, 51.76, 28.13, 39.94,
2009,25, 0.159,285.91, 49.35, 28.88, 39.12,
2009,26, 0.155,284.75, 47.26, 28.27, 37.76,
2009,27, 0.149,283.53, 44.29, 30.13, 37.21,
2009,28, 0.146,282.71, 41.31, 31.39, 36.35,
2009,29, 0.144,282.25, 38.21, 31.98, 35.09,
2009,30, 0.146,282.21, 36.11, 32.51, 34.31,
2009,31, 0.152,282.55, 35.28, 34.18, 34.73,
2009,32, 0.164,283.24, 35.77, 36.50, 36.14,
2009,33, 0.184,284.82, 39.00, 35.80, 37.40,
2009,34, 0.209,286.68, 43.64, 32.97, 38.30,
2009,35, 0.233,288.25, 47.61, 31.22, 39.41,
2009,36, 0.255,289.25, 49.94, 32.89, 41.41,
2009,37, 0.276,290.37, 52.35, 33.79, 43.07,
2009,38, 0.295,291.49, 53.41, 35.08, 44.24,
2009,39, 0.313,292.60, 54.07, 36.25, 45.16,
2009,40, 0.330,293.56, 54.86, 36.56, 45.71,
2009,41, 0.345,294.69, 55.13, 34.25, 44.69,
2009,42, 0.354,295.71, 52.92, 31.83, 42.37,
2009,43, 0.358,296.73, 50.71, 30.90, 40.80,
2009,44, 0.360,297.91, 48.62, 27.83, 38.23,
2009,45, 0.355,298.86, 45.58, 25.92, 35.75,
2009,46, 0.347,299.53, 41.80, 27.63, 34.71,
2009,47, 0.336,299.94, 37.19, 31.51, 34.35,
2009,48, 0.325,300.29, 33.81, 34.22, 34.02,
2009,49, 0.316,300.64, 32.99, 35.29, 34.14,
2009,50, 0.311,301.06, 36.30, 30.56, 33.43,
2009,51, 0.307,301.36, 38.39, 31.27, 34.83,
2009,52, 0.303,301.79, 40.25, 31.00, 35.62,
2010, 1, 0.293,302.68, 36.54, 24.63, 30.59,
2010, 2, 0.288,303.34, 36.46, 25.19, 30.83,
2010, 3, 0.280,304.04, 35.90, 26.13, 31.02,
2010, 4, 0.271,304.73, 35.53, 27.28, 31.41,
2010, 5, 0.262,305.55, 35.29, 27.45, 31.37,
2010, 6, 0.251,306.34, 34.37, 28.89, 31.63,
2010, 7, 0.238,307.20, 32.73, 29.94, 31.34,
2010, 8, 0.223,308.21, 30.88, 29.17, 30.02,
2010, 9, 0.209,308.99, 28.67, 29.56, 29.11,
2010,10, 0.195,309.58, 27.20, 30.13, 28.67,
2010,11, 0.184,310.03, 26.95, 30.28, 28.62,
2010,12, 0.174,310.36, 27.69, 28.98, 28.33,
2010,13, 0.167,310.48, 29.06, 25.88, 27.47,
2010,14, 0.161,309.70, 30.28, 29.20, 29.74,
2010,15, 0.158,309.06, 33.19, 29.28, 31.23,
2010,16, 0.157,308.77, 34.47, 22.95, 28.71,
2010,17, 0.153,307.28, 33.28, 23.96, 28.62,
2010,18, 0.150,305.39, 32.65, 24.82, 28.73,
2010,19, 0.148,303.21, 32.62, 24.65, 28.63,
2010,20, 0.146,300.40, 33.82, 26.11, 29.97,
2010,21, 0.146,296.87, 35.66, 30.76, 33.21,
2010,22, 0.145,293.24, 37.83, 35.80, 36.82,
2010,23, 0.150,290.66, 43.00, 35.71, 39.35,
2010,24, 0.158,289.15, 49.18, 32.18, 40.68,
2010,25, 0.167,287.97, 54.70, 30.07, 42.39,
2010,26, 0.176,287.28, 58.89, 26.54, 42.72,
2010,27, 0.182,286.26, 61.30, 26.35, 43.82,
2010,28, 0.189,286.16, 63.19, 23.89, 43.54,
2010,29, 0.195,286.46, 63.61, 21.00, 42.30,
2010,30, 0.198,286.01, 61.42, 23.05, 42.24,
2010,31, 0.207,286.38, 61.10, 22.90, 42.00,
2010,32, 0.223,287.55, 63.42, 20.22, 41.82,
2010,33, 0.238,288.47, 64.46, 19.40, 41.93,
2010,34, 0.251,288.94, 64.08, 20.97, 42.52,
2010,35, 0.261,289.07, 61.21, 25.86, 43.53,
2010,36, 0.276,289.81, 60.32, 28.90, 44.61,
2010,37, 0.292,290.46, 60.67, 32.99, 46.83,
2010,38, 0.307,290.98, 59.85, 39.15, 49.50,
2010,39, 0.317,291.51, 56.21, 45.65, 50.93,
2010,40, 0.326,292.02, 53.03, 51.82, 52.43,
2010,41, 0.333,292.73, 49.54, 57.38, 53.46,
2010,42, 0.338,293.45, 45.15, 61.60, 53.38,
2010,43, 0.340,294.12, 41.22, 66.34, 53.78,
2010,44, 0.344,295.42, 40.67, 60.76, 50.72,
2010,45, 0.347,296.81, 42.31, 52.59, 47.45,
2010,46, 0.344,297.74, 41.49, 50.56, 46.02,
2010,47, 0.336,298.16, 39.25, 53.95, 46.60,
2010,48, 0.330,298.43, 38.66, 58.32, 48.49,
2010,49, 0.328,298.89, 41.34, 58.34, 49.84,
2010,50, 0.328,299.32, 47.89, 55.60, 51.75,
2010,51, 0.328,299.66, 52.44, 56.45, 54.45,
2010,52, 0.326,299.99, 54.93, 58.25, 56.59,
2011, 1, 0.324,300.49, 55.98, 58.53, 57.25,
2011, 2, 0.323,301.18, 58.13, 58.36, 58.24,
2011, 3, 0.320,301.92, 60.05, 58.03, 59.04,
2011, 4, 0.317,302.72, 62.41, 57.16, 59.78,
2011, 5, 0.313,303.68, 65.16, 55.23, 60.20,
2011, 6, 0.305,304.65, 66.63, 53.59, 60.11,
2011, 7, 0.292,305.49, 66.69, 53.73, 60.21,
2011, 8, 0.278,306.37, 67.20, 53.37, 60.29,
2011, 9, 0.264,306.85, 67.64, 56.74, 62.19,
2011,10, 0.250,307.07, 67.67, 61.66, 64.66,
2011,11, 0.236,306.96, 68.13, 67.78, 67.96,
2011,12, 0.226,306.91, 70.98, 69.86, 70.42,
2011,13, 0.217,306.65, 72.86, 70.12, 71.49,
2011,14, 0.209,306.06, 72.72, 69.19, 70.96,
2011,15, 0.204,305.27, 73.31, 66.41, 69.86,
2011,16, 0.201,303.96, 72.69, 65.39, 69.04,
2011,17, 0.199,302.08, 71.89, 66.13, 69.01,
2011,18, 0.200,300.03, 72.59, 64.05, 68.32,
2011,19, 0.201,297.67, 73.16, 62.22, 67.69,
2011,20, 0.203,295.61, 74.73, 55.94, 65.34,
2011,21, 0.204,293.83, 75.74, 47.90, 61.82,
2011,22, 0.197,291.17, 72.70, 45.80, 59.25,
2011,23, 0.191,289.12, 69.91, 41.03, 55.47,
2011,24, 0.186,287.53, 66.71, 36.17, 51.44,
2011,25, 0.180,286.19, 63.31, 33.45, 48.38,
2011,26, 0.177,285.66, 61.73, 28.83, 45.28,
2011,27, 0.176,285.22, 60.86, 26.64, 43.75,
2011,28, 0.178,284.99, 60.41, 25.92, 43.16,
2011,29, 0.177,284.16, 57.10, 28.77, 42.93,
2011,30, 0.174,282.99, 52.18, 34.27, 43.23,
2011,31, 0.176,282.53, 48.62, 38.28, 43.45,
2011,32, 0.184,282.98, 47.33, 40.55, 43.94,
2011,33, 0.194,283.81, 45.89, 42.67, 44.28,
2011,34, 0.207,284.95, 45.08, 43.40, 44.24,
2011,35, 0.220,285.53, 43.82, 47.85, 45.84,
2011,36, 0.237,286.67, 43.88, 49.55, 46.72,
2011,37, 0.255,288.02, 45.04, 50.31, 47.68,
2011,38, 0.270,288.98, 43.18, 54.67, 48.92,
2011,39, 0.290,290.67, 44.26, 52.39, 48.32,
2011,40, 0.311,292.34, 46.29, 47.35, 46.82,
2011,41, 0.331,293.96, 48.53, 41.73, 45.13,
2011,42, 0.345,295.30, 49.42, 36.63, 43.02,
2011,43, 0.356,296.49, 50.96, 34.01, 42.49,
2011,44, 0.363,297.57, 52.37, 32.32, 42.35,
2011,45, 0.364,298.61, 52.75, 29.25, 41.00,
2011,46, 0.358,299.28, 50.33, 30.87, 40.60,
2011,47, 0.351,299.78, 47.94, 33.22, 40.58,
2011,48, 0.343,300.13, 46.27, 35.99, 41.13,
2011,49, 0.334,300.38, 44.93, 38.21, 41.57,
2011,50, 0.326,300.58, 46.40, 36.69, 41.54,
2011,51, 0.319,300.79, 46.83, 39.15, 42.99,
2011,52, 0.315,301.16, 47.54, 40.15, 43.84,
2012, 1, 0.311,301.71, 47.42, 39.65, 43.54,
2012, 2, 0.308,302.41, 48.47, 39.62, 44.04,
2012, 3, 0.303,303.18, 49.64, 39.22, 44.43,
2012, 4, 0.298,304.16, 51.36, 35.82, 43.59,
2012, 5, 0.291,305.33, 52.55, 31.06, 41.81,
2012, 6, 0.280,306.41, 52.05, 28.61, 40.33,
2012, 7, 0.266,307.30, 50.83, 29.10, 39.97,
2012, 8, 0.253,308.19, 50.74, 29.95, 40.35,
2012, 9, 0.240,309.12, 51.46, 28.30, 39.88,
2012,10, 0.225,309.63, 50.35, 29.27, 39.81,
2012,11, 0.211,309.70, 49.80, 34.04, 41.92,
2012,12, 0.200,309.66, 50.74, 37.04, 43.89,
2012,13, 0.191,309.48, 51.88, 36.69, 44.28,
2012,14, 0.183,308.77, 51.93, 37.57, 44.75,
2012,15, 0.178,307.72, 52.32, 40.18, 46.25,
2012,16, 0.175,306.56, 52.07, 39.78, 45.93,
2012,17, 0.174,305.31, 51.49, 37.03, 44.26,
2012,18, 0.171,303.61, 49.82, 34.36, 42.09,
2012,19, 0.168,301.43, 47.81, 32.46, 40.14,
2012,20, 0.164,298.89, 46.79, 30.14, 38.47,
2012,21, 0.161,296.34, 46.40, 27.49, 36.95,
2012,22, 0.148,292.02, 40.87, 37.13, 39.00,
2012,23, 0.140,288.63, 38.44, 39.68, 39.06,
2012,24, 0.135,285.85, 37.37, 41.90, 39.64,
2012,25, 0.132,283.39, 36.28, 44.98, 40.63,
2012,26, 0.128,281.15, 34.32, 47.87, 41.09,
2012,27, 0.126,279.90, 32.64, 47.24, 39.94,
2012,28, 0.123,278.49, 30.32, 49.78, 40.05,
2012,29, 0.120,277.36, 27.31, 52.86, 40.08,
2012,30, 0.119,276.84, 24.17, 55.20, 39.69,
2012,31, 0.125,277.08, 23.23, 55.80, 39.52,
2012,32, 0.139,278.57, 25.45, 52.96, 39.20,
2012,33, 0.158,280.77, 28.71, 49.28, 39.00,
2012,34, 0.181,283.00, 32.16, 47.46, 39.81,
2012,35, 0.207,285.30, 36.10, 44.89, 40.49,
2012,36, 0.234,287.08, 40.28, 44.89, 42.58,
2012,37, 0.259,288.73, 44.49, 45.76, 45.12,
2012,38, 0.284,290.46, 47.89, 44.03, 45.96,
2012,39, 0.306,291.95, 49.79, 41.73, 45.76,
2012,40, 0.326,293.47, 52.05, 36.20, 44.13,
2012,41, 0.343,294.78, 53.53, 32.30, 42.92,
2012,42, 0.356,295.77, 53.47, 31.13, 42.30,
2012,43, 0.363,296.76, 52.87, 30.71, 41.79,
2012,44, 0.364,297.61, 50.90, 32.05, 41.47,
2012,45, 0.358,298.12, 47.40, 36.15, 41.78,
2012,46, 0.348,298.54, 42.85, 41.49, 42.17,
2012,47, 0.341,299.17, 41.14, 42.21, 41.68,
2012,48, 0.336,299.90, 41.85, 40.02, 40.94,
2012,49, 0.333,300.56, 44.07, 37.04, 40.56,
2012,50, 0.328,301.00, 47.10, 32.27, 39.69,
2012,51, 0.321,301.49, 47.43, 30.41, 38.92,
2012,52, 0.313,301.97, 45.64, 29.29, 37.46,
2013, 1, 0.298,302.27, 39.74, 31.22, 35.50,
2013, 2, 0.290,302.80, 38.44, 33.39, 35.94,
2013, 3, 0.283,303.53, 38.63, 33.68, 36.18,
2013, 4, 0.277,304.39, 39.66, 32.62, 36.18,
2013, 5, 0.269,305.22, 39.93, 32.82, 36.41,
2013, 6, 0.260,306.10, 40.05, 33.24, 36.67,
2013, 7, 0.250,307.14, 40.05, 31.63, 35.87,
2013, 8, 0.240,308.30, 40.22, 28.68, 34.47,
2013, 9, 0.229,309.40, 40.16, 25.31, 32.75,
2013,10, 0.218,310.29, 40.84, 22.03, 31.44,
2013,11, 0.211,310.66, 43.68, 23.44, 33.57,
2013,12, 0.195,311.19, 41.48, 20.09, 30.78,
2013,13, 0.183,311.26, 40.67, 17.85, 29.25,
2013,14, 0.174,310.83, 39.49, 16.53, 28.01,
2013,15, 0.168,310.14, 40.09, 16.77, 28.43,
2013,16, 0.163,308.78, 39.44, 19.61, 29.52,
2013,17, 0.160,307.08, 39.38, 22.32, 30.83,
2013,18, 0.159,305.12, 40.90, 23.75, 32.30,
2013,19, 0.158,302.19, 41.57, 28.92, 35.22,
2013,20, 0.160,299.24, 44.50, 30.47, 37.46,
2013,21, 0.164,296.48, 48.30, 29.33, 38.77,
2013,22, 0.168,293.57, 52.50, 27.99, 40.19,
2013,23, 0.172,290.81, 56.33, 26.69, 41.46,
2013,24, 0.175,288.75, 58.57, 25.21, 41.83,
2013,25, 0.175,286.99, 59.43, 25.69, 42.47,
2013,26, 0.173,285.31, 58.50, 26.34, 42.29,
2013,27, 0.167,283.60, 55.32, 29.02, 42.04,
2013,28, 0.166,282.18, 53.32, 32.71, 42.91,
2013,29, 0.166,281.10, 50.92, 36.36, 43.55,
2013,30, 0.168,280.65, 48.54, 38.70, 43.56,
2013,31, 0.174,280.95, 47.30, 39.29, 43.21,
2013,32, 0.181,281.31, 45.87, 42.50, 44.12,
2013,33, 0.197,282.77, 46.82, 43.40, 45.08,
2013,34, 0.216,284.49, 48.93, 42.40, 45.63,
2013,35, 0.237,285.94, 50.95, 42.26, 46.57,
2013,36, 0.258,287.06, 52.32, 44.37, 48.29,
2013,37, 0.280,288.65, 55.13, 43.63, 49.32,
2013,38, 0.302,290.11, 57.60, 43.22, 50.38,
2013,39, 0.319,291.27, 57.78, 44.52, 51.11,
2013,40, 0.335,292.41, 57.59, 45.19, 51.36,
2013,41, 0.348,293.53, 57.05, 46.47, 51.72,
2013,42, 0.358,294.48, 55.52, 46.85, 51.15,
2013,43, 0.366,295.38, 55.58, 47.83, 51.68,
2013,44, 0.371,296.17, 55.86, 49.62, 52.72,
2013,45, 0.370,296.71, 54.23, 53.82, 54.03,
2013,46, 0.366,297.31, 52.96, 56.42, 54.69,
2013,47, 0.360,297.83, 51.44, 58.45, 54.95,
2013,48, 0.351,298.21, 49.63, 61.44, 55.55,
2013,49, 0.342,298.62, 48.76, 62.57, 55.67,
2013,50, 0.334,299.24, 50.49, 57.73, 54.12,
2013,51, 0.325,299.93, 50.42, 52.92, 51.69,
2013,52, 0.317,300.44, 49.17, 51.75, 50.48,
2014, 1, 0.310,301.11, 47.91, 49.57, 48.77,
2014, 2, 0.304,301.80, 48.30, 49.23, 48.80,
2014, 3, 0.299,302.58, 49.07, 48.40, 48.77,
2014, 4, 0.293,303.43, 50.41, 47.20, 48.85,
2014, 5, 0.286,304.14, 51.75, 49.21, 50.52,
2014, 6, 0.279,304.95, 53.05, 50.41, 51.75,
2014, 7, 0.271,305.93, 54.20, 49.03, 51.64,
2014, 8, 0.260,306.99, 54.81, 46.60, 50.73,
2014, 9, 0.247,308.17, 54.56, 41.74, 48.17,
2014,10, 0.234,308.96, 53.93, 39.63, 46.79,
2014,11, 0.225,308.93, 56.38, 45.66, 51.02,
2014,12, 0.207,309.41, 54.03, 42.83, 48.44,
2014,13, 0.194,309.17, 52.88, 43.23, 48.07,
2014,14, 0.183,308.38, 50.39, 44.97, 47.71,
2014,15, 0.175,307.52, 48.89, 43.92, 46.44,
2014,16, 0.171,306.48, 47.45, 41.39, 44.45,
2014,17, 0.168,305.05, 46.80, 39.81, 43.33,
2014,18, 0.168,303.31, 47.52, 37.58, 42.57,
2014,19, 0.169,301.26, 48.93, 35.21, 42.08,
2014,20, 0.172,298.87, 51.62, 32.35, 41.98,
2014,21, 0.173,296.05, 53.39, 30.91, 42.12,
2014,22, 0.172,293.19, 54.40, 29.16, 41.74,
2014,23, 0.171,290.83, 55.51, 26.81, 41.12,
2014,24, 0.169,288.65, 55.25, 25.94, 40.55,
2014,25, 0.167,286.79, 54.57, 26.46, 40.44,
2014,26, 0.166,285.51, 54.61, 25.14, 39.77,
2014,27, 0.166,284.61, 54.59, 24.54, 39.45,
2014,28, 0.168,283.85, 54.86, 24.22, 39.43,
2014,29, 0.168,282.90, 52.69, 26.07, 39.26,
2014,30, 0.171,282.27, 50.80, 28.39, 39.45,
2014,31, 0.178,282.52, 50.27, 29.50, 39.74,
2014,32, 0.192,283.71, 52.29, 28.11, 40.04,
2014,33, 0.211,285.26, 54.81, 26.31, 40.44,
2014,34, 0.232,286.74, 57.56, 24.97, 41.14,
2014,35, 0.254,288.22, 60.05, 23.85, 41.84,
2014,36, 0.277,289.69, 62.68, 23.17, 42.82,
2014,37, 0.299,290.96, 65.05, 23.36, 44.10,
2014,38, 0.318,292.24, 66.18, 23.77, 44.89,
2014,39, 0.337,293.63, 66.57, 21.71, 44.06,
2014,40, 0.353,295.08, 67.17, 16.17, 41.62,
2014,41, 0.364,296.06, 65.53, 14.66, 40.03,
2014,42, 0.368,296.58, 60.77, 17.62, 39.12,
2014,43, 0.371,297.19, 58.18, 22.21, 40.16,
2014,44, 0.372,297.86, 56.04, 26.84, 41.43,
2014,45, 0.371,298.58, 54.50, 28.85, 41.70,
2014,46, 0.367,299.35, 53.41, 29.43, 41.44,
2014,47, 0.360,299.86, 51.38, 32.06, 41.74,
2014,48, 0.352,300.24, 50.21, 34.36, 42.32,
2014,49, 0.344,300.57, 49.98, 35.88, 42.96,
2014,50, 0.335,300.74, 50.81, 35.47, 43.17,
2014,51, 0.324,300.80, 49.06, 40.01, 44.56,
2014,52, 0.315,300.91, 47.90, 44.79, 46.37,
2015, 1, 0.308,301.19, 45.95, 48.76, 47.38,
2015, 2, 0.300,301.74, 44.59, 50.53, 47.59,
2015, 3, 0.292,302.51, 43.35, 49.76, 46.59,
2015, 4, 0.283,303.62, 42.64, 44.55, 43.64,
2015, 5, 0.273,304.76, 41.64, 39.95, 40.83,
2015, 6, 0.263,305.83, 41.03, 37.44, 39.24,
2015, 7, 0.253,306.94, 40.88, 34.85, 37.87,
2015, 8, 0.242,308.04, 40.92, 32.64, 36.79,
2015, 9, 0.231,309.04, 41.00, 30.45, 35.73,
2015,10, 0.220,309.69, 41.38, 30.35, 35.87,
2015,11, 0.213,309.67, 44.70, 36.59, 40.65,
2015,12, 0.198,310.10, 43.22, 34.47, 38.84,
2015,13, 0.187,309.61, 43.40, 38.51, 40.95,
2015,14, 0.179,308.67, 43.36, 42.36, 42.87,
2015,15, 0.175,307.98, 45.14, 40.44, 42.79,
2015,16, 0.171,307.07, 45.49, 37.18, 41.34,
2015,17, 0.169,305.68, 45.35, 35.72, 40.53,
2015,18, 0.168,303.92, 45.67, 33.64, 39.65,
2015,19, 0.167,301.67, 46.56, 32.69, 39.61,
2015,20, 0.168,299.28, 48.94, 29.92, 39.41,
2015,21, 0.172,296.97, 52.41, 26.37, 39.37,
2015,22, 0.174,294.32, 55.42, 24.29, 39.82,
2015,23, 0.173,291.38, 56.61, 25.37, 40.95,
2015,24, 0.171,289.27, 56.96, 25.34, 41.11,
2015,25, 0.171,288.10, 57.68, 23.24, 40.40,
2015,26, 0.167,286.10, 56.01, 25.82, 40.84,
2015,27, 0.162,284.15, 52.90, 29.73, 41.23,
2015,28, 0.161,282.86, 51.58, 32.15, 41.80,
2015,29, 0.162,281.59, 49.84, 36.06, 42.91,
2015,30, 0.166,280.91, 48.91, 38.25, 43.54,
2015,31, 0.173,280.84, 48.38, 39.46, 43.87,
2015,32, 0.185,281.79, 49.44, 39.15, 44.23,
2015,33, 0.201,283.43, 51.04, 37.85, 44.40,
2015,34, 0.219,284.96, 52.22, 36.55, 44.33,
2015,35, 0.238,286.41, 53.40, 35.68, 44.49,
2015,36, 0.259,287.75, 54.97, 36.60, 45.70,
2015,37, 0.281,289.26, 56.95, 36.69, 46.74,
2015,38, 0.304,290.99, 60.14, 34.13, 47.07,
2015,39, 0.323,292.17, 60.38, 34.88, 47.57,
2015,40, 0.341,293.53, 61.28, 32.39, 46.78,
2015,41, 0.355,294.78, 61.50, 30.36, 45.86,
2015,42, 0.362,295.58, 58.25, 31.25, 44.68,
2015,43, 0.370,296.63, 57.75, 29.84, 43.75,
2015,44, 0.374,297.72, 57.77, 28.28, 43.01,
2015,45, 0.373,298.40, 56.37, 30.93, 43.66,
2015,46, 0.368,298.90, 53.99, 35.09, 44.56,
2015,47, 0.358,299.20, 50.12, 40.37, 45.26,
2015,48, 0.349,299.71, 48.61, 41.28, 44.97,
2015,49, 0.340,300.27, 47.74, 39.79, 43.78,
2015,50, 0.329,300.49, 47.16, 38.77, 42.99,
2015,51, 0.319,300.76, 46.28, 40.12, 43.22,
2015,52, 0.312,301.19, 45.90, 39.94, 42.94,
2016, 1, 0.306,301.64, 44.91, 41.06, 43.01,
2016, 2, 0.299,302.02, 44.22, 45.80, 45.04,
2016, 3, 0.292,302.60, 43.89, 48.13, 46.05,
2016, 4, 0.284,303.33, 44.36, 48.83, 46.64,
2016, 5, 0.275,304.05, 44.03, 50.54, 47.32,
2016, 6, 0.265,304.76, 43.46, 53.02, 48.27,
2016, 7, 0.255,305.42, 43.37, 56.28, 49.85,
2016, 8, 0.244,306.00, 43.75, 60.14, 51.97,
2016, 9, 0.235,306.50, 45.10, 63.75, 54.45,
2016,10, 0.228,307.10, 48.72, 63.85, 56.30,
2016,11, 0.210,308.53, 43.76, 50.62, 47.19,
2016,12, 0.195,309.48, 42.48, 42.14, 42.30,
2016,13, 0.185,309.92, 43.19, 34.77, 38.96,
2016,14, 0.176,309.68, 42.12, 31.01, 36.56,
2016,15, 0.169,309.28, 42.06, 26.96, 34.50,
2016,16, 0.165,308.67, 42.05, 22.27, 32.15,
2016,17, 0.161,307.47, 40.97, 20.38, 30.65,
2016,18, 0.159,305.83, 41.14, 19.27, 30.18,
2016,19, 0.160,303.79, 43.07, 18.28, 30.65,
2016,20, 0.159,300.70, 43.92, 21.23, 32.54,
2016,21, 0.157,296.64, 43.92, 27.61, 35.72,
2016,22, 0.158,292.54, 46.04, 31.97, 38.96,
2016,23, 0.163,289.42, 50.39, 32.78, 41.54,
2016,24, 0.166,286.83, 53.34, 33.82, 43.54,
2016,25, 0.165,284.43, 53.68, 37.22, 45.39,
2016,26, 0.164,282.81, 54.04, 37.86, 45.87,
2016,27, 0.164,281.80, 54.02, 38.66, 46.24,
2016,28, 0.170,281.26, 56.53, 38.39, 47.37,
2016,29, 0.175,280.87, 56.67, 39.01, 47.74,
2016,30, 0.181,280.93, 56.79, 38.46, 47.53,
2016,31, 0.193,281.89, 58.47, 35.60, 46.95,
2016,32, 0.208,283.28, 60.60, 32.64, 46.54,
2016,33, 0.220,284.15, 59.93, 34.06, 46.94,
2016,34, 0.234,285.11, 59.77, 35.57, 47.61,
2016,35, 0.254,286.43, 61.55, 35.73, 48.58,
2016,36, 0.276,287.94, 64.08, 34.72, 49.32,
2016,37, 0.296,288.97, 65.63, 37.39, 51.43,
2016,38, 0.313,289.81, 65.84, 43.01, 54.38,
2016,39, 0.332,291.13, 66.83, 43.77, 55.25,
2016,40, 0.353,292.45, 69.23, 43.14, 56.16,
2016,41, 0.366,293.26, 68.97, 48.18, 58.55,
2016,42, 0.372,293.71, 65.27, 55.87, 60.55,
2016,43, 0.379,294.42, 64.40, 60.31, 62.35,
2016,44, 0.385,295.41, 65.33, 59.39, 62.37,
2016,45, 0.388,296.35, 65.99, 57.71, 61.88,
2016,46, 0.386,297.18, 65.69, 56.94, 61.33,
2016,47, 0.381,297.89, 65.32, 56.06, 60.71,
2016,48, 0.375,298.62, 65.04, 53.75, 59.43,
2016,49, 0.365,299.09, 63.79, 53.50, 58.68,
2016,50, 0.355,299.35, 64.53, 53.46, 59.03,
2016,51, 0.345,299.67, 63.66, 54.76, 59.26,
2016,52, 0.337,300.11, 63.08, 55.19, 59.18,
2017, 1, 0.331,300.67, 62.30, 55.20, 58.81,
2017, 2, 0.324,301.38, 61.61, 54.77, 58.26,
2017, 3, 0.316,302.06, 60.53, 55.48, 58.08,
2017, 4, 0.306,302.96, 59.40, 53.79, 56.67,
2017, 5, 0.296,303.98, 58.59, 51.27, 55.01,
2017, 6, 0.285,304.95, 57.29, 50.24, 53.82,
2017, 7, 0.271,305.77, 55.58, 51.27, 53.47,
2017, 8, 0.259,306.66, 54.96, 51.18, 53.11,
2017, 9, 0.246,307.47, 54.58, 50.94, 52.79,
2017,10, 0.233,308.01, 54.36, 52.04, 53.22,
2017,11, 0.225,307.72, 57.00, 60.96, 59.00,
2017,12, 0.208,308.19, 55.56, 58.20, 56.89,
2017,13, 0.197,307.85, 55.08, 59.35, 57.23,
2017,14, 0.187,307.08, 54.09, 60.05, 57.10,
2017,15, 0.182,306.29, 55.45, 57.31, 56.41,
2017,16, 0.179,305.04, 56.12, 55.49, 55.84,
2017,17, 0.178,303.33, 56.38, 55.31, 55.87,
2017,18, 0.179,301.68, 57.40, 50.71, 54.07,
2017,19, 0.181,299.97, 59.18, 44.52, 51.85,
2017,20, 0.181,297.50, 59.82, 41.84, 50.83,
2017,21, 0.181,294.98, 60.36, 38.39, 49.35,
2017,22, 0.182,292.25, 61.60, 36.10, 48.81,
2017,23, 0.182,289.81, 62.80, 34.40, 48.56,
2017,24, 0.180,287.56, 62.45, 33.84, 48.10,
2017,25, 0.176,285.33, 60.80, 36.14, 48.41,
2017,26, 0.172,283.32, 59.47, 37.92, 48.62,
2017,27, 0.173,282.37, 59.65, 36.45, 47.96,
2017,28, 0.178,281.76, 60.90, 35.64, 48.17,
2017,29, 0.183,281.32, 61.29, 35.35, 48.23,
2017,30, 0.190,281.11, 61.54, 35.52, 48.42,
2017,31, 0.202,281.74, 63.22, 33.98, 48.49,
2017,32, 0.218,282.93, 65.54, 32.68, 49.02,
2017,33, 0.233,284.08, 66.64, 34.11, 50.31,
2017,34, 0.251,285.45, 68.11, 34.26, 51.12,
2017,35, 0.271,286.74, 69.99, 34.67, 52.26,
2017,36, 0.292,288.02, 71.68, 36.33, 53.93,
2017,37, 0.313,289.41, 73.73, 37.14, 55.36,
2017,38, 0.329,290.10, 73.52, 43.77, 58.59,
2017,39, 0.345,290.96, 72.81, 48.45, 60.60,
2017,40, 0.359,292.04, 72.16, 49.95, 61.04,
2017,41, 0.368,293.00, 69.74, 53.20, 61.43,
2017,42, 0.373,293.90, 64.98, 54.62, 59.76,
2017,43, 0.377,295.04, 62.78, 52.64, 57.69,
2017,44, 0.379,296.24, 61.27, 48.87, 55.06,
2017,45, 0.377,297.01, 59.41, 49.71, 54.57,
2017,46, 0.373,297.59, 57.44, 52.40, 54.92,
2017,47, 0.367,298.15, 56.64, 53.66, 55.16,
2017,48, 0.360,298.64, 55.94, 54.75, 55.37,
2017,49, 0.353,299.03, 56.08, 55.91, 56.03,
2017,50, 0.345,299.29, 57.69, 56.13, 56.93,
2017,51, 0.337,299.39, 58.17, 60.55, 59.39,
2017,52, 0.332,299.79, 58.97, 63.76, 61.40,
2018, 1, 0.327,300.28, 57.81, 63.69, 60.80,
2018, 2, 0.323,300.92, 58.24, 63.52, 60.93,
2018, 3, 0.317,301.75, 58.48, 62.11, 60.35,
2018, 4, 0.310,302.71, 58.67, 58.19, 58.48,
2018, 5, 0.301,303.61, 58.32, 56.44, 57.42,
2018, 6, 0.289,304.59, 57.43, 54.98, 56.23,
2018, 7, 0.276,305.59, 56.54, 51.70, 54.14,
2018, 8, 0.263,306.74, 55.56, 49.82, 52.71,
2018, 9, 0.249,307.85, 54.76, 47.05, 50.93,
2018,10, 0.235,308.52, 54.34, 45.08, 49.73,
2018,11, 0.223,308.06, 56.29, 54.48, 55.40,
2018,12, 0.208,308.37, 55.23, 55.05, 55.16,
2018,13, 0.198,308.25, 56.10, 56.35, 56.25,
2018,14, 0.189,307.63, 56.27, 53.72, 55.03,
2018,15, 0.182,306.59, 56.75, 51.00, 53.90,
2018,16, 0.178,305.43, 55.27, 51.56, 53.45,
2018,17, 0.176,303.77, 53.94, 51.63, 52.82,
2018,18, 0.174,301.78, 53.52, 49.91, 51.73,
2018,19, 0.173,299.52, 53.70, 47.56, 50.63,
2018,20, 0.174,297.31, 55.29, 43.61, 49.45,
2018,21, 0.174,294.56, 55.67, 41.82, 48.73,
2018,22, 0.170,290.91, 54.95, 42.91, 48.90,
2018,23, 0.167,287.71, 54.15, 43.02, 48.54,
2018,24, 0.163,285.16, 52.85, 43.43, 48.10,
2018,25, 0.159,282.94, 51.94, 43.98, 47.89,
2018,26, 0.158,281.34, 52.11, 42.00, 46.94,
2018,27, 0.157,280.39, 51.69, 40.76, 46.08,
2018,28, 0.155,278.92, 49.94, 43.89, 46.79,
2018,29, 0.154,277.77, 47.51, 46.81, 47.04,
2018,30, 0.158,277.63, 46.56, 47.16, 46.72,
2018,31, 0.166,278.30, 46.67, 46.36, 46.37,
2018,32, 0.177,279.51, 47.28, 46.25, 46.64,
2018,33, 0.192,281.31, 48.27, 46.03, 47.05,
2018,34, 0.211,283.32, 50.05, 44.52, 47.19,
2018,35, 0.232,284.99, 51.33, 45.47, 48.31,
2018,36, 0.259,287.11, 55.22, 42.99, 49.01,
2018,37, 0.289,289.48, 61.47, 36.34, 48.81,
2018,38, 0.312,291.02, 64.40, 35.43, 49.83,
2018,39, 0.332,292.65, 65.65, 31.02, 48.26,
2018,40, 0.349,294.06, 65.65, 26.75, 46.14,
2018,41, 0.358,295.02, 63.34, 27.17, 45.20,
2018,42, 0.365,295.89, 59.66, 26.54, 43.04,
2018,43, 0.370,296.88, 57.83, 26.09, 41.91,
2018,44, 0.371,297.72, 56.15, 27.92, 42.01,
2018,45, 0.369,298.66, 54.21, 26.78, 40.49,
2018,46, 0.363,299.27, 51.40, 29.44, 40.42,
2018,47, 0.353,299.24, 47.67, 39.27, 43.48,
2018,48, 0.346,299.37, 47.38, 44.66, 46.04,
2018,49, 0.341,299.62, 48.70, 47.08, 47.91,
2018,50, 0.332,299.60, 50.22, 50.64, 50.45,
2018,51, 0.326,299.69, 51.08, 55.08, 53.11,
2018,52, 0.321,300.16, 51.93, 54.62, 53.32,
2019, 1, 0.316,300.84, 51.55, 52.60, 52.12,
2019, 2, 0.310,301.59, 51.47, 51.48, 51.54,
2019, 3, 0.304,302.46, 51.86, 49.24, 50.61,
2019, 4, 0.297,303.42, 52.39, 46.62, 49.57,
2019, 5, 0.288,304.38, 52.13, 44.73, 48.49,
2019, 6, 0.278,305.53, 51.73, 40.86, 46.34,
2019, 7, 0.267,306.68, 51.26, 37.53, 44.42,
2019, 8, 0.255,307.73, 50.74, 35.90, 43.34,
2019, 9, 0.242,308.71, 50.20, 33.83, 42.03,
2019,10, 0.230,309.55, 49.85, 31.23, 40.53,
2019,11, 0.220,309.85, 51.62, 33.34, 42.48,
2019,12, 0.205,310.50, 50.15, 28.57, 39.35,
2019,13, 0.193,310.68, 50.19, 24.51, 37.34,
2019,14, 0.184,310.53, 48.85, 19.63, 34.24,
2019,15, 0.176,310.13, 48.47, 16.25, 32.36,
2019,16, 0.171,309.19, 47.01, 14.65, 30.83,
2019,17, 0.167,307.78, 45.65, 14.14, 29.88,
2019,18, 0.164,306.04, 44.40, 13.26, 28.81,
2019,19, 0.163,304.12, 44.70, 11.34, 27.99,
2019,20, 0.164,301.68, 46.65, 10.10, 28.34,
2019,21, 0.162,298.51, 46.56, 12.23, 29.34,
2019,22, 0.161,294.89, 47.88, 15.36, 31.56,
2019,23, 0.165,292.05, 52.09, 15.85, 33.91,
2019,24, 0.165,289.18, 53.23, 19.75, 36.43,
2019,25, 0.161,286.30, 52.04, 26.11, 38.99,
2019,26, 0.159,284.10, 51.15, 28.38, 39.65,
2019,27, 0.158,282.73, 50.69, 30.31, 40.37,
2019,28, 0.159,281.38, 50.20, 34.09, 42.03,
2019,29, 0.159,279.95, 48.08, 38.85, 43.36,
2019,30, 0.162,279.32, 46.76, 41.50, 44.00,
2019,31, 0.172,280.06, 47.78, 40.38, 43.95,
2019,32, 0.186,281.24, 49.51, 38.94, 44.10,
2019,33, 0.201,282.62, 50.85, 38.25, 44.44,
2019,34, 0.218,284.10, 52.22, 38.12, 45.07,
2019,35, 0.242,286.12, 55.83, 35.26, 45.44,
2019,36, 0.270,288.37, 60.68, 30.37, 45.41,
2019,37, 0.296,290.50, 64.86, 26.17, 45.41,
2019,38, 0.318,292.33, 67.20, 22.18, 44.60,
2019,39, 0.337,293.71, 67.75, 19.35, 43.46,
2019,40, 0.354,294.95, 68.28, 16.17, 42.15,
2019,41, 0.366,296.04, 67.64, 14.11, 40.80,
2019,42, 0.370,296.62, 62.80, 16.73, 39.70,
2019,43, 0.372,297.26, 59.04, 21.13, 40.04,
2019,44, 0.373,298.13, 56.84, 22.67, 39.74,
2019,45, 0.371,298.90, 54.89, 23.64, 39.27,
2019,46, 0.366,299.47, 53.14, 26.74, 39.94,
2019,47, 0.360,299.87, 52.08, 30.62, 41.37,
2019,48, 0.354,300.35, 52.38, 31.57, 42.01,
2019,49, 0.346,300.78, 52.06, 31.61, 41.86,
2019,50, 0.336,301.02, 52.33, 29.81, 41.09,
2019,51, 0.327,301.31, 51.37, 30.78, 41.09,
2019,52, 0.317,301.55, 49.70, 33.42, 41.59,
2020, 1, 0.311,302.00, 48.37, 34.61, 41.51,
2020, 2, 0.304,302.65, 47.78, 35.25, 41.54,
2020, 3, 0.295,303.37, 46.88, 35.85, 41.38,
2020, 4, 0.286,304.18, 46.55, 35.35, 40.98,
2020, 5, 0.276,305.02, 45.78, 35.40, 40.62,
2020, 6, 0.266,305.84, 45.03, 36.70, 40.88,
2020, 7, 0.255,306.70, 44.79, 37.62, 41.23,
2020, 8, 0.244,307.73, 44.91, 36.14, 40.55,
2020, 9, 0.232,308.70, 44.97, 34.32, 39.66,
2020,10, 0.221,309.40, 45.20, 33.55, 39.38,
2020,11, 0.214,309.46, 48.00, 38.88, 43.45,
2020,12, 0.198,310.00, 46.62, 35.47, 41.05,
2020,13, 0.188,310.26, 46.80, 30.17, 38.49,
2020,14, 0.179,310.14, 46.00, 25.04, 35.53,
2020,15, 0.172,309.64, 45.84, 22.54, 34.19,
2020,16, 0.168,308.58, 45.43, 22.20, 33.81,
2020,17, 0.167,307.17, 46.02, 21.77, 33.89,
2020,18, 0.167,305.58, 47.26, 19.57, 33.40,
2020,19, 0.167,303.67, 48.52, 17.31, 32.90,
2020,20, 0.169,301.55, 51.14, 14.28, 32.68,
2020,21, 0.170,299.02, 53.05, 13.87, 33.42,
2020,22, 0.172,295.79, 55.64, 16.42, 35.97,
2020,23, 0.176,293.06, 59.67, 16.71, 38.13,
2020,24, 0.180,290.78, 63.00, 17.55, 40.21,
2020,25, 0.183,288.71, 65.01, 19.72, 42.29,
2020,26, 0.184,286.92, 65.59, 20.64, 43.01,
2020,27, 0.184,285.76, 65.47, 20.95, 43.09,
2020,28, 0.188,284.89, 66.01, 21.55, 43.65,
2020,29, 0.193,284.40, 65.91, 21.99, 43.80,
2020,30, 0.199,284.15, 65.25, 22.46, 43.69,
2020,31, 0.204,283.68, 63.09, 25.62, 44.19,
2020,32, 0.210,283.35, 60.68, 30.68, 45.54,
2020,33, 0.221,283.88, 59.19, 33.85, 46.42,
2020,34, 0.235,284.73, 58.85, 35.77, 47.21,
2020,35, 0.253,285.90, 59.55, 36.59, 47.98,
2020,36, 0.272,287.28, 60.04, 37.75, 48.77,
2020,37, 0.289,288.36, 60.11, 41.92, 50.90,
2020,38, 0.303,289.09, 59.02, 49.38, 54.11,
2020,39, 0.317,290.08, 57.16, 53.74, 55.38,
2020,40, 0.331,291.52, 55.97, 52.51, 54.17,
2020,41, 0.341,292.77, 53.36, 53.14, 53.17,
2020,42, 0.348,293.89, 50.53, 52.54, 51.45,
2020,43, 0.357,295.20, 50.46, 48.72, 49.51,
2020,44, 0.361,296.41, 50.47, 45.50, 47.92,
2020,45, 0.361,297.45, 49.42, 43.15, 46.26,
2020,46, 0.358,298.58, 48.60, 38.68, 43.63,
2020,47, 0.352,299.50, 47.56, 35.72, 41.64,
2020,48, 0.344,300.18, 46.44, 34.41, 40.44,
2020,49, 0.335,300.71, 45.43, 33.42, 39.44,
2020,50, 0.325,301.07, 45.42, 30.14, 37.79,
2020,51, 0.316,301.37, 44.46, 30.90, 37.68,
2020,52, 0.310,301.74, 44.45, 31.43, 37.95,
2021, 1, 0.304,302.22, 43.80, 31.59, 37.70,
2021, 2, 0.298,302.79, 42.99, 33.16, 38.08,
2021, 3, 0.291,303.55, 42.60, 33.13, 37.87,
2021, 4, 0.284,304.46, 43.29, 31.41, 37.37,
2021, 5, 0.276,305.33, 43.54, 31.13, 37.36,
2021, 6, 0.267,306.26, 43.74, 30.68, 37.23,
2021, 7, 0.256,307.25, 43.56, 29.90, 36.74,
2021, 8, 0.244,308.14, 43.07, 30.56, 36.82,
2021, 9, 0.232,309.02, 43.16, 29.74, 36.45,
2021,10, 0.220,309.69, 42.99, 29.23, 36.10,
2021,11, 0.210,309.49, 44.75, 37.49, 41.12,
2021,12, 0.196,309.54, 43.81, 39.52, 41.67,
2021,13, 0.188,309.01, 45.76, 43.50, 44.64,
2021,14, 0.181,308.13, 46.55, 45.44, 46.01,
2021,15, 0.175,307.15, 47.72, 44.31, 46.04,
2021,16, 0.174,306.14, 49.06, 40.99, 45.05,
2021,17, 0.173,304.81, 49.74, 39.11, 44.45,
2021,18, 0.172,303.02, 49.61, 37.16, 43.39,
2021,19, 0.172,301.37, 50.36, 32.14, 41.23,
2021,20, 0.172,299.43, 51.59, 27.31, 39.43,
2021,21, 0.170,297.10, 52.02, 25.11, 38.53,
2021,22, 0.169,294.62, 53.56, 22.88, 38.18,
2021,23, 0.168,291.82, 54.58, 23.35, 38.91,
2021,24, 0.166,289.41, 54.40, 25.05, 39.67,
2021,25, 0.166,287.84, 55.57, 24.90, 40.18,
2021,26, 0.171,286.77, 58.55, 22.35, 40.38,
2021,27, 0.174,285.84, 60.05, 21.68, 40.78,
2021,28, 0.178,285.06, 61.04, 22.25, 41.55,
2021,29, 0.181,284.34, 60.42, 24.04, 42.13,
2021,30, 0.185,283.67, 59.04, 26.80, 42.82,
2021,31, 0.189,283.14, 56.86, 31.12, 43.90,
2021,32, 0.196,283.15, 55.00, 35.64, 45.26,
2021,33, 0.201,283.26, 50.24, 42.43, 46.30,
2021,34,-1.000, -1.00, -1.00, -1.00, -1.00,
2021,35,-1.000, -1.00, -1.00, -1.00, -1.00,
2021,36,-1.000, -1.00, -1.00, -1.00, -1.00,
2021,37,-1.000, -1.00, -1.00, -1.00, -1.00,
2021,38,-1.000, -1.00, -1.00, -1.00, -1.00,
2021,39,-1.000, -1.00, -1.00, -1.00, -1.00,
2021,40,-1.000, -1.00, -1.00, -1.00, -1.00,
2021,41,-1.000, -1.00, -1.00, -1.00, -1.00,
2021,42,-1.000, -1.00, -1.00, -1.00, -1.00,
2021,43,-1.000, -1.00, -1.00, -1.00, -1.00,
2021,44,-1.000, -1.00, -1.00, -1.00, -1.00,
2021,45,-1.000, -1.00, -1.00, -1.00, -1.00,
2021,46,-1.000, -1.00, -1.00, -1.00, -1.00,
2021,47,-1.000, -1.00, -1.00, -1.00, -1.00,
2021,48,-1.000, -1.00, -1.00, -1.00, -1.00,
2021,49,-1.000, -1.00, -1.00, -1.00, -1.00,
2021,50,-1.000, -1.00, -1.00, -1.00, -1.00,
2021,51,-1.000, -1.00, -1.00, -1.00, -1.00,
2021,52,-1.000, -1.00, -1.00, -1.00, -1.00,
