1982, 1, 0.303,290.07, 49.48, 39.04, 44.26,
1982, 2, 0.289,289.42, 46.04, 41.11, 43.57,
1982, 3, 0.273,288.34, 40.63, 46.36, 43.50,
1982, 4, 0.266,287.79, 37.30, 51.12, 44.21,
1982, 5, 0.271,288.29, 36.73, 53.14, 44.94,
1982, 6, 0.285,289.63, 39.28, 51.66, 45.47,
1982, 7, 0.305,291.25, 43.92, 48.29, 46.10,
1982, 8, 0.326,292.64, 49.64, 45.45, 47.55,
1982, 9, 0.341,293.53, 54.05, 44.22, 49.13,
1982,10, 0.351,294.61, 57.00, 41.96, 49.48,
1982,11, 0.353,295.25, 57.13, 41.84, 49.48,
1982,12, 0.347,295.12, 54.37, 45.89, 50.13,
1982,13, 0.342,295.02, 52.14, 48.61, 50.37,
1982,14, 0.343,295.19, 52.43, 47.75, 50.09,
1982,15, 0.344,295.53, 53.77, 43.45, 48.61,
1982,16, 0.343,295.41, 54.23, 41.20, 47.72,
1982,17, 0.342,295.18, 54.69, 38.51, 46.60,
1982,18, 0.331,294.53, 51.74, 37.34, 44.54,
1982,19, 0.316,293.50, 46.37, 39.82, 43.10,
1982,20, 0.306,292.87, 42.73, 39.34, 41.03,
1982,21, 0.297,291.96, 39.69, 39.72, 39.71,
1982,22, 0.291,291.05, 37.59, 38.56, 38.07,
1982,23, 0.287,290.36, 36.78, 35.87, 36.32,
1982,24, 0.282,289.57, 35.68, 35.08, 35.38,
1982,25, 0.282,288.97, 36.35, 34.88, 35.62,
1982,26, 0.278,287.73, 35.90, 38.09, 36.99,
1982,27, 0.274,287.07, 35.12, 38.35, 36.73,
1982,28, 0.272,287.09, 35.21, 35.30, 35.25,
1982,29, 0.267,286.39, 34.63, 35.98, 35.30,
1982,30, 0.261,285.73, 33.24, 36.38, 34.81,
1982,31, 0.251,285.17, 30.80, 36.28, 33.54,
1982,32, 0.236,284.14, 25.87, 40.04, 32.96,
1982,33, 0.229,283.83, 21.74, 43.70, 32.72,
1982,34, 0.221,283.49, 18.18, 47.99, 33.09,
1982,35, 0.220,283.91, 17.73, 47.67, 32.70,
1982,36, 0.230,284.93, 20.85, 42.61, 31.73,
1982,37, 0.245,286.26, 25.50, 36.36, 30.93,
1982,38, 0.264,287.59, 32.13, 29.89, 31.01,
1982,39, 0.282,288.42, 39.03, 26.20, 32.62,
1982,40, 0.300,289.55, 45.09, 21.35, 33.22,
1982,41, 0.317,290.75, 50.50, 17.67, 34.09,
1982,42, 0.328,291.32, 53.02, 17.77, 35.39,
1982,43, 0.339,292.17, 56.86, 15.21, 36.03,
1982,44, 0.352,293.03, 61.32, 12.76, 37.04,
1982,45, 0.358,293.28, 62.93, 13.36, 38.15,
1982,46, 0.359,293.47, 62.53, 13.45, 37.99,
1982,47, 0.356,293.60, 61.43, 14.50, 37.96,
1982,48, 0.355,293.67, 61.26, 15.51, 38.38,
1982,49, 0.354,293.72, 61.79, 16.33, 39.06,
1982,50, 0.357,294.06, 61.59, 17.00, 39.30,
1982,51, 0.363,294.54, 63.59, 16.03, 39.81,
1982,52, 0.371,295.09, 66.53, 14.41, 40.47,
1983, 1, 0.376,295.68, 69.89, 12.42, 41.16,
1983, 2, 0.376,296.14, 70.31, 11.58, 40.95,
1983, 3, 0.376,296.68, 69.45, 11.15, 40.30,
1983, 4, 0.377,297.26, 69.08, 10.92, 40.00,
1983, 5, 0.381,297.86, 68.80, 11.13, 39.97,
1983, 6, 0.382,298.42, 67.80, 11.10, 39.45,
1983, 7, 0.380,298.97, 65.85, 11.21, 38.53,
1983, 8, 0.375,299.45, 63.11, 12.15, 37.63,
1983, 9, 0.366,299.74, 59.02, 13.89, 36.45,
1983,10, 0.352,299.86, 53.54, 16.14, 34.84,
1983,11, 0.340,300.13, 48.73, 16.72, 32.73,
1983,12, 0.331,300.43, 45.11, 16.22, 30.67,
1983,13, 0.322,300.61, 42.10, 15.38, 28.74,
1983,14, 0.312,300.61, 39.73, 13.60, 26.67,
1983,15, 0.302,300.22, 37.57, 12.89, 25.23,
1983,16, 0.294,299.70, 35.51, 13.08, 24.30,
1983,17, 0.288,299.24, 34.19, 12.20, 23.19,
1983,18, 0.279,298.16, 32.03, 13.65, 22.84,
1983,19, 0.272,297.25, 30.24, 14.73, 22.48,
1983,20, 0.269,296.52, 29.08, 14.91, 21.99,
1983,21, 0.265,295.17, 27.65, 18.07, 22.86,
1983,22, 0.263,293.59, 26.81, 21.56, 24.19,
1983,23, 0.257,291.60, 25.60, 26.50, 26.05,
1983,24, 0.251,289.33, 24.53, 33.90, 29.21,
1983,25, 0.247,287.62, 24.01, 39.26, 31.63,
1983,26, 0.239,285.67, 22.65, 44.90, 33.78,
1983,27, 0.233,283.68, 21.50, 51.49, 36.50,
1983,28, 0.223,281.40, 19.29, 59.08, 39.19,
1983,29, 0.213,279.17, 17.06, 65.51, 41.28,
1983,30, 0.208,277.61, 15.97, 69.29, 42.63,
1983,31, 0.203,276.29, 14.98, 72.72, 43.85,
1983,32, 0.206,276.30, 16.06, 73.43, 44.75,
1983,33, 0.222,278.02, 19.94, 70.71, 45.32,
1983,34, 0.238,279.43, 24.75, 68.42, 46.59,
1983,35, 0.253,280.74, 30.06, 64.48, 47.27,
1983,36, 0.258,281.06, 31.90, 62.67, 47.28,
1983,37, 0.256,280.78, 30.73, 63.79, 47.26,
1983,38, 0.258,280.83, 30.96, 62.32, 46.64,
1983,39, 0.262,281.18, 32.39, 60.64, 46.52,
1983,40, 0.268,281.72, 33.84, 60.92, 47.38,
1983,41, 0.282,282.95, 37.70, 59.29, 48.49,
1983,42, 0.292,283.89, 40.07, 57.88, 48.97,
1983,43, 0.298,284.45, 42.09, 57.47, 49.78,
1983,44, 0.292,284.15, 39.51, 61.74, 50.63,
1983,45, 0.278,283.57, 34.23, 66.74, 50.49,
1983,46, 0.267,283.20, 29.93, 68.96, 49.44,
1983,47, 0.256,283.01, 26.75, 69.40, 48.07,
1983,48, 0.247,282.83, 24.46, 68.98, 46.72,
1983,49, 0.239,282.77, 23.10, 70.22, 46.66,
1983,50, 0.234,282.91, 19.87, 76.20, 48.03,
1983,51, 0.230,282.98, 19.42, 75.02, 47.22,
1983,52, 0.229,283.24, 20.24, 72.53, 46.39,
1984, 1, 0.223,282.88, 20.94, 71.45, 46.19,
1984, 2, 0.221,282.93, 22.37, 69.28, 45.83,
1984, 3, 0.226,283.48, 23.78, 67.56, 45.67,
1984, 4, 0.235,284.34, 25.56, 67.23, 46.40,
1984, 5, 0.246,285.24, 26.88, 68.00, 47.44,
1984, 6, 0.257,286.12, 28.07, 67.83, 47.95,
1984, 7, 0.271,287.24, 30.62, 66.53, 48.57,
1984, 8, 0.286,288.60, 34.73, 64.58, 49.66,
1984, 9, 0.299,289.57, 38.62, 63.88, 51.25,
1984,10, 0.312,290.47, 42.65, 63.10, 52.88,
1984,11, 0.323,291.20, 46.05, 63.19, 54.62,
1984,12, 0.333,291.93, 49.01, 63.28, 56.14,
1984,13, 0.336,292.13, 50.08, 63.40, 56.74,
1984,14, 0.330,291.36, 47.92, 67.01, 57.47,
1984,15, 0.322,290.41, 45.62, 69.37, 57.49,
1984,16, 0.317,289.49, 44.32, 71.70, 58.01,
1984,17, 0.315,288.67, 44.63, 72.43, 58.53,
1984,18, 0.317,288.21, 46.90, 70.37, 58.63,
1984,19, 0.319,287.66, 48.62, 70.80, 59.71,
1984,20, 0.321,287.21, 49.61, 69.95, 59.78,
1984,21, 0.318,286.51, 48.85, 70.31, 59.58,
1984,22, 0.312,285.52, 46.78, 69.15, 57.97,
1984,23, 0.299,283.97, 42.69, 70.88, 56.78,
1984,24, 0.288,282.55, 39.18, 73.28, 56.23,
1984,25, 0.282,281.75, 37.21, 73.58, 55.40,
1984,26, 0.280,281.43, 37.53, 70.61, 54.07,
1984,27, 0.282,281.51, 38.83, 65.32, 52.07,
1984,28, 0.280,281.06, 38.89, 62.60, 50.74,
1984,29, 0.271,279.83, 36.70, 63.74, 50.22,
1984,30, 0.260,278.48, 33.57, 65.47, 49.52,
1984,31, 0.247,277.03, 30.10, 68.22, 49.16,
1984,32, 0.241,276.59, 28.45, 69.67, 49.06,
1984,33, 0.246,277.48, 28.60, 69.97, 49.29,
1984,34, 0.253,278.78, 30.58, 68.24, 49.41,
1984,35, 0.257,279.62, 31.88, 66.87, 49.37,
1984,36, 0.250,279.07, 29.34, 69.48, 49.41,
1984,37, 0.246,278.87, 26.82, 70.03, 48.43,
1984,38, 0.240,278.67, 23.89, 69.63, 46.76,
1984,39, 0.233,278.71, 21.04, 69.91, 45.47,
1984,40, 0.236,279.64, 20.80, 67.86, 44.33,
1984,41, 0.240,280.45, 20.77, 69.12, 44.95,
1984,42, 0.251,281.62, 23.45, 67.89, 45.67,
1984,43, 0.264,283.09, 28.08, 63.18, 45.63,
1984,44, 0.275,283.88, 31.72, 62.15, 46.94,
1984,45, 0.281,284.52, 34.23, 61.43, 47.83,
1984,46, 0.283,284.54, 34.90, 62.43, 48.66,
1984,47, 0.279,283.85, 34.28, 65.41, 49.85,
1984,48, 0.273,282.43, 33.93, 68.92, 51.42,
1984,49, 0.275,282.61, 36.80, 68.57, 52.69,
1984,50,-1.000, -1.00, -1.00, -1.00, -1.00,
1984,51,-1.000, -1.00, -1.00, -1.00, -1.00,
1984,52,-1.000, -1.00, -1.00, -1.00, -1.00,
1985, 1,-1.000, -1.00, -1.00, -1.00, -1.00,
1985, 2,-1.000, -1.00, -1.00, -1.00, -1.00,
1985, 3,-1.000, -1.00, -1.00, -1.00, -1.00,
1985, 4,-1.000, -1.00, -1.00, -1.00, -1.00,
1985, 5,-1.000, -1.00, -1.00, -1.00, -1.00,
1985, 6,-1.000, -1.00, -1.00, -1.00, -1.00,
1985, 7,-1.000, -1.00, -1.00, -1.00, -1.00,
1985, 8,-1.000, -1.00, -1.00, -1.00, -1.00,
1985, 9, 0.363,295.10, 60.64, 33.56, 47.10,
1985,10, 0.364,295.71, 60.81, 34.36, 47.58,
1985,11, 0.366,296.06, 61.06, 35.79, 48.42,
1985,12, 0.365,296.10, 60.52, 38.76, 49.64,
1985,13, 0.363,295.86, 59.71, 41.53, 50.62,
1985,14, 0.359,295.34, 58.91, 44.01, 51.46,
1985,15, 0.357,294.69, 59.28, 45.56, 52.42,
1985,16, 0.357,294.14, 60.44, 46.75, 53.60,
1985,17, 0.364,293.99, 63.77, 44.51, 54.14,
1985,18, 0.368,293.46, 66.34, 43.21, 54.77,
1985,19, 0.373,293.18, 68.94, 41.08, 55.01,
1985,20, 0.377,292.78, 69.73, 39.59, 54.66,
1985,21, 0.381,292.26, 70.81, 38.57, 54.69,
1985,22, 0.384,291.73, 71.96, 36.23, 54.10,
1985,23, 0.382,290.79, 71.22, 35.13, 53.18,
1985,24, 0.379,290.23, 70.53, 32.90, 51.72,
1985,25, 0.378,290.05, 70.21, 30.34, 50.28,
1985,26, 0.372,289.64, 68.95, 28.71, 48.83,
1985,27, 0.368,289.49, 67.70, 26.25, 46.97,
1985,28, 0.358,288.91, 65.12, 26.53, 45.83,
1985,29, 0.349,288.12, 62.68, 27.68, 45.18,
1985,30, 0.337,286.85, 59.54, 31.05, 45.29,
1985,31, 0.328,285.83, 57.55, 33.34, 45.45,
1985,32, 0.326,285.58, 57.17, 33.80, 45.48,
1985,33, 0.325,285.54, 56.16, 36.25, 46.21,
1985,34, 0.326,285.69, 55.67, 38.08, 46.87,
1985,35, 0.326,285.91, 55.96, 38.43, 47.20,
1985,36, 0.323,285.71, 55.08, 40.00, 47.54,
1985,37, 0.321,285.55, 53.62, 41.04, 47.33,
1985,38, 0.320,285.52, 53.13, 40.70, 46.91,
1985,39, 0.320,285.71, 53.35, 39.80, 46.57,
1985,40, 0.325,286.40, 54.50, 38.18, 46.34,
1985,41, 0.337,287.64, 57.65, 35.58, 46.62,
1985,42, 0.351,289.11, 61.44, 31.23, 46.33,
1985,43, 0.357,289.73, 63.19, 30.71, 46.95,
1985,44, 0.361,290.47, 64.24, 29.13, 46.69,
1985,45, 0.366,291.32, 65.87, 25.69, 45.78,
1985,46, 0.364,291.63, 64.66, 25.23, 44.94,
1985,47, 0.358,291.72, 62.40, 26.27, 44.34,
1985,48, 0.343,291.11, 58.14, 30.22, 44.18,
1985,49, 0.330,290.47, 54.36, 34.60, 44.48,
1985,50, 0.319,290.32, 49.99, 39.75, 44.87,
1985,51, 0.303,289.98, 45.18, 42.39, 43.78,
1985,52, 0.275,288.43, 36.64, 50.30, 43.47,
1986, 1, 0.244,286.20, 30.26, 57.94, 44.10,
1986, 2, 0.223,284.34, 26.21, 63.06, 44.63,
1986, 3, 0.217,283.38, 24.73, 65.73, 45.23,
1986, 4, 0.215,283.07, 23.67, 68.38, 46.02,
1986, 5, 0.224,283.90, 25.46, 67.91, 46.69,
1986, 6, 0.234,284.94, 26.76, 66.49, 46.62,
1986, 7, 0.238,285.78, 26.59, 66.41, 46.50,
1986, 8, 0.238,286.16, 25.47, 68.46, 46.97,
1986, 9, 0.242,286.44, 25.72, 69.99, 47.86,
1986,10, 0.250,287.25, 27.20, 69.92, 48.56,
1986,11, 0.264,288.95, 30.18, 66.60, 48.39,
1986,12, 0.282,290.96, 34.31, 62.22, 48.26,
1986,13, 0.304,292.73, 39.15, 56.87, 48.01,
1986,14, 0.324,294.02, 45.07, 50.81, 47.94,
1986,15, 0.338,294.97, 50.62, 44.09, 47.35,
1986,16, 0.347,295.35, 54.88, 39.89, 47.38,
1986,17, 0.354,295.52, 58.40, 35.32, 46.86,
1986,18, 0.357,295.34, 60.99, 31.96, 46.48,
1986,19, 0.355,294.54, 60.66, 33.10, 46.88,
1986,20, 0.349,293.47, 58.25, 35.43, 46.84,
1986,21, 0.343,292.26, 56.10, 38.35, 47.22,
1986,22, 0.340,291.16, 54.85, 38.75, 46.80,
1986,23, 0.338,290.33, 54.88, 36.22, 45.55,
1986,24, 0.331,289.15, 53.43, 37.76, 45.59,
1986,25, 0.327,288.11, 52.50, 40.29, 46.40,
1986,26, 0.326,287.42, 53.04, 39.73, 46.38,
1986,27, 0.325,287.02, 53.34, 38.28, 45.81,
1986,28, 0.322,286.52, 52.79, 37.97, 45.38,
1986,29, 0.312,285.68, 50.04, 39.17, 44.61,
1986,30, 0.300,284.76, 46.37, 40.66, 43.52,
1986,31, 0.290,284.30, 44.12, 40.13, 42.12,
1986,32, 0.291,284.80, 44.54, 37.30, 40.92,
1986,33, 0.296,285.58, 45.29, 36.07, 40.68,
1986,34, 0.301,286.09, 46.44, 35.92, 41.18,
1986,35, 0.303,286.21, 47.22, 36.19, 41.70,
1986,36, 0.304,286.26, 48.14, 35.53, 41.84,
1986,37, 0.307,286.30, 48.75, 35.41, 42.08,
1986,38, 0.307,286.13, 48.56, 36.39, 42.48,
1986,39, 0.309,286.28, 49.29, 35.82, 42.55,
1986,40, 0.317,287.12, 51.50, 33.52, 42.51,
1986,41, 0.329,288.22, 55.11, 32.29, 43.70,
1986,42, 0.339,289.05, 57.22, 31.46, 44.34,
1986,43, 0.339,289.17, 56.56, 32.87, 44.72,
1986,44, 0.331,288.87, 53.14, 36.96, 45.05,
1986,45, 0.334,289.46, 53.78, 35.31, 44.55,
1986,46, 0.338,290.09, 54.60, 32.70, 43.65,
1986,47, 0.344,290.75, 56.95, 30.13, 43.54,
1986,48, 0.350,291.26, 60.04, 27.91, 43.97,
1986,49, 0.364,292.32, 65.97, 22.83, 44.40,
1986,50, 0.382,293.70, 71.87, 17.73, 44.80,
1986,51, 0.386,294.11, 72.99, 17.01, 45.00,
1986,52, 0.383,294.15, 72.13, 17.89, 45.01,
1987, 1, 0.375,294.01, 71.74, 19.02, 45.38,
1987, 2, 0.363,293.64, 67.91, 21.56, 44.74,
1987, 3, 0.352,293.40, 63.85, 24.13, 43.99,
1987, 4, 0.344,293.41, 60.30, 26.57, 43.44,
1987, 5, 0.342,293.69, 58.01, 28.77, 43.39,
1987, 6, 0.349,294.54, 59.01, 28.11, 43.56,
1987, 7, 0.357,295.45, 60.25, 27.09, 43.67,
1987, 8, 0.363,296.19, 61.49, 27.08, 44.29,
1987, 9, 0.368,296.70, 62.76, 27.64, 45.20,
1987,10, 0.377,297.61, 65.36, 25.75, 45.56,
1987,11, 0.380,298.27, 65.97, 24.60, 45.29,
1987,12, 0.378,298.65, 65.03, 24.48, 44.75,
1987,13, 0.378,299.03, 64.67, 22.91, 43.79,
1987,14, 0.374,299.08, 63.83, 21.53, 42.68,
1987,15, 0.370,298.95, 63.23, 19.85, 41.54,
1987,16, 0.365,298.65, 62.35, 18.80, 40.58,
1987,17, 0.359,298.02, 60.77, 19.37, 40.07,
1987,18, 0.358,297.72, 61.35, 16.11, 38.73,
1987,19, 0.352,296.99, 60.03, 15.78, 37.91,
1987,20, 0.341,295.53, 55.64, 20.69, 38.17,
1987,21, 0.329,293.82, 51.20, 26.71, 38.95,
1987,22, 0.321,292.24, 48.30, 31.02, 39.66,
1987,23, 0.320,291.16, 48.29, 31.13, 39.71,
1987,24, 0.312,289.57, 46.38, 35.04, 40.71,
1987,25, 0.303,287.96, 43.74, 40.46, 42.10,
1987,26, 0.298,286.87, 42.86, 42.15, 42.50,
1987,27, 0.301,286.60, 44.85, 39.57, 42.21,
1987,28, 0.306,286.57, 47.52, 36.27, 41.89,
1987,29, 0.309,286.30, 49.31, 34.62, 41.97,
1987,30, 0.310,286.04, 50.56, 33.04, 41.80,
1987,31, 0.321,286.86, 55.52, 27.37, 41.45,
1987,32, 0.327,287.10, 57.58, 26.38, 41.98,
1987,33, 0.321,286.40, 54.52, 31.76, 43.14,
1987,34, 0.314,285.70, 51.32, 37.27, 44.29,
1987,35, 0.313,285.77, 51.16, 38.12, 44.64,
1987,36, 0.317,286.43, 53.06, 34.81, 43.93,
1987,37, 0.317,286.68, 53.30, 33.10, 43.20,
1987,38, 0.321,286.85, 54.89, 31.11, 43.00,
1987,39, 0.328,287.25, 57.87, 28.76, 43.32,
1987,40, 0.333,287.61, 59.13, 27.76, 43.45,
1987,41, 0.334,287.89, 57.87, 29.31, 43.59,
1987,42, 0.329,288.02, 54.26, 32.60, 43.43,
1987,43, 0.324,288.05, 51.54, 34.96, 43.25,
1987,44, 0.319,288.37, 49.15, 36.13, 42.64,
1987,45, 0.314,288.61, 46.73, 38.19, 42.46,
1987,46, 0.311,288.87, 45.13, 39.36, 42.24,
1987,47, 0.318,289.75, 47.67, 36.23, 41.95,
1987,48, 0.324,290.64, 51.09, 32.10, 41.60,
1987,49, 0.328,291.33, 53.56, 29.52, 41.54,
1987,50, 0.334,292.01, 54.77, 29.33, 42.05,
1987,51, 0.339,292.42, 57.01, 28.01, 42.51,
1987,52, 0.346,292.87, 60.04, 26.25, 43.14,
1988, 1, 0.354,293.35, 65.08, 23.91, 44.49,
1988, 2, 0.365,294.01, 68.88, 21.45, 45.16,
1988, 3, 0.371,294.61, 70.23, 20.47, 45.35,
1988, 4, 0.372,294.62, 69.33, 22.62, 45.97,
1988, 5, 0.371,294.60, 67.46, 25.81, 46.63,
1988, 6, 0.372,294.81, 66.07, 27.84, 46.95,
1988, 7, 0.373,295.15, 65.34, 29.43, 47.39,
1988, 8, 0.383,296.02, 67.66, 29.03, 48.35,
1988, 9, 0.391,296.71, 69.72, 28.75, 49.24,
1988,10, 0.391,297.01, 69.62, 29.82, 49.72,
1988,11, 0.388,297.06, 68.43, 32.13, 50.28,
1988,12, 0.382,296.56, 66.36, 37.03, 51.69,
1988,13, 0.379,296.36, 65.65, 39.39, 52.52,
1988,14, 0.378,296.33, 65.92, 39.43, 52.68,
1988,15, 0.375,295.85, 65.62, 40.43, 53.03,
1988,16, 0.375,295.46, 66.07, 40.31, 53.19,
1988,17, 0.372,294.88, 65.85, 39.77, 52.81,
1988,18, 0.366,293.89, 64.57, 40.52, 52.54,
1988,19, 0.356,292.57, 61.17, 44.52, 52.85,
1988,20, 0.347,291.35, 57.66, 48.13, 52.90,
1988,21, 0.335,289.73, 52.90, 53.45, 53.17,
1988,22, 0.321,288.04, 47.71, 56.48, 52.09,
1988,23, 0.310,286.77, 44.49, 56.12, 50.30,
1988,24, 0.304,285.88, 43.70, 55.17, 49.44,
1988,25, 0.299,285.07, 42.85, 54.82, 48.84,
1988,26, 0.298,284.67, 43.55, 51.71, 47.63,
1988,27, 0.293,283.97, 42.59, 50.79, 46.69,
1988,28, 0.292,283.82, 43.09, 48.32, 45.71,
1988,29, 0.295,284.08, 44.90, 43.88, 44.39,
1988,30, 0.296,284.17, 45.85, 40.51, 43.18,
1988,31, 0.299,284.63, 48.07, 36.55, 42.31,
1988,32, 0.304,285.30, 50.17, 33.78, 41.98,
1988,33, 0.311,286.02, 51.57, 32.73, 42.15,
1988,34, 0.312,286.20, 51.39, 33.83, 42.61,
1988,35, 0.307,285.96, 50.04, 35.98, 43.01,
1988,36, 0.298,285.55, 47.38, 38.14, 42.76,
1988,37, 0.281,284.28, 40.23, 45.23, 42.73,
1988,38, 0.259,282.67, 31.72, 53.49, 42.60,
1988,39, 0.240,281.27, 24.88, 60.87, 42.87,
1988,40, 0.224,279.98, 19.45, 67.69, 43.57,
1988,41, 0.215,280.79, 16.50, 69.01, 42.75,
1988,42, 0.216,281.43, 16.23, 69.42, 42.82,
1988,43, 0.217,282.05, 16.56, 69.32, 42.94,
1988,44, 0.222,282.79, 17.56, 68.95, 43.25,
1988,45, 0.230,283.41, 19.08, 68.15, 43.61,
1988,46, 0.239,283.97, 21.35, 66.41, 43.88,
1988,47, 0.248,284.69, 24.56, 62.58, 43.57,
1988,48, 0.261,285.72, 29.99, 56.26, 43.13,
1988,49, 0.269,286.34, 33.61, 53.73, 43.67,
1988,50, 0.275,286.88, 34.96, 55.82, 45.39,
1988,51, 0.285,287.98, 39.14, 50.19, 44.66,
1988,52, 0.302,289.71, 45.84, 40.93, 43.39,
1989, 1, 0.311,290.57, 51.93, 35.72, 43.83,
1989, 2, 0.313,290.81, 53.70, 34.50, 44.10,
1989, 3, 0.312,291.07, 52.90, 34.67, 43.79,
1989, 4, 0.306,290.87, 50.19, 38.38, 44.29,
1989, 5, 0.295,290.09, 45.01, 46.09, 45.55,
1989, 6, 0.289,289.70, 40.92, 51.65, 46.29,
1989, 7, 0.288,289.81, 38.85, 54.45, 46.65,
1989, 8, 0.289,289.97, 38.10, 57.25, 47.68,
1989, 9, 0.293,290.25, 38.78, 59.16, 48.97,
1989,10, 0.296,290.60, 39.38, 61.08, 50.23,
1989,11, 0.303,290.93, 40.75, 63.63, 52.19,
1989,12, 0.313,291.59, 43.78, 64.01, 53.89,
1989,13, 0.324,292.28, 46.89, 61.81, 54.35,
1989,14, 0.329,292.38, 48.57, 61.09, 54.83,
1989,15, 0.337,292.87, 52.25, 56.20, 54.23,
1989,16, 0.340,292.91, 54.35, 53.33, 53.84,
1989,17, 0.339,292.40, 54.75, 52.46, 53.61,
1989,18, 0.335,291.55, 54.66, 52.15, 53.41,
1989,19, 0.336,291.03, 55.38, 51.47, 53.42,
1989,20, 0.341,290.91, 57.00, 49.21, 53.10,
1989,21, 0.346,290.64, 58.57, 46.88, 52.72,
1989,22, 0.350,290.29, 60.28, 43.13, 51.71,
1989,23, 0.357,290.35, 63.48, 36.27, 49.88,
1989,24, 0.362,290.27, 66.20, 31.03, 48.61,
1989,25, 0.361,289.83, 66.23, 29.97, 48.10,
1989,26, 0.361,289.60, 66.52, 27.45, 46.99,
1989,27, 0.362,289.54, 67.06, 25.05, 46.05,
1989,28, 0.369,290.00, 69.51, 20.67, 45.09,
1989,29, 0.368,290.02, 69.34, 18.91, 44.13,
1989,30, 0.362,289.74, 67.99, 18.44, 43.22,
1989,31, 0.355,289.27, 66.87, 18.86, 42.86,
1989,32, 0.355,289.36, 67.26, 18.10, 42.68,
1989,33, 0.354,289.37, 66.08, 19.65, 42.87,
1989,34, 0.352,289.25, 64.98, 21.89, 43.44,
1989,35, 0.354,289.23, 66.07, 22.65, 44.36,
1989,36, 0.365,290.03, 70.39, 18.43, 44.41,
1989,37, 0.368,290.31, 71.09, 17.38, 44.23,
1989,38, 0.365,290.20, 70.16, 18.28, 44.22,
1989,39, 0.363,290.23, 69.73, 18.25, 43.99,
1989,40, 0.364,290.57, 69.69, 17.59, 43.64,
1989,41, 0.364,290.92, 68.64, 18.25, 43.44,
1989,42, 0.360,291.05, 65.31, 19.43, 42.37,
1989,43, 0.356,291.24, 63.63, 20.12, 41.87,
1989,44, 0.359,291.84, 64.05, 18.38, 41.21,
1989,45, 0.364,292.55, 65.61, 15.89, 40.75,
1989,46, 0.366,292.90, 65.86, 15.29, 40.58,
1989,47, 0.366,293.13, 65.99, 15.58, 40.79,
1989,48, 0.369,293.68, 67.44, 13.53, 40.49,
1989,49, 0.366,293.98, 67.07, 12.87, 39.97,
1989,50, 0.357,293.86, 63.35, 16.29, 39.82,
1989,51, 0.354,294.10, 62.63, 16.41, 39.52,
1989,52, 0.350,294.02, 61.75, 17.70, 39.72,
1990, 1, 0.348,294.17, 63.16, 17.29, 40.22,
1990, 2, 0.347,294.40, 63.44, 17.15, 40.29,
1990, 3, 0.349,294.84, 63.30, 17.20, 40.25,
1990, 4, 0.354,295.53, 63.71, 16.88, 40.30,
1990, 5, 0.360,296.37, 64.11, 16.48, 40.29,
1990, 6, 0.365,297.19, 64.28, 15.70, 39.99,
1990, 7, 0.368,297.70, 63.57, 16.08, 39.82,
1990, 8, 0.366,298.15, 61.78, 17.18, 39.48,
1990, 9, 0.362,298.61, 59.63, 17.90, 38.77,
1990,10, 0.352,298.58, 55.56, 20.73, 38.14,
1990,11, 0.348,298.78, 53.17, 21.76, 37.46,
1990,12, 0.347,299.19, 52.59, 21.05, 36.82,
1990,13, 0.341,299.03, 50.23, 22.48, 36.35,
1990,14, 0.335,298.68, 47.74, 23.67, 35.70,
1990,15, 0.332,298.51, 47.56, 22.63, 35.09,
1990,16, 0.325,297.83, 45.78, 23.91, 34.84,
1990,17, 0.316,296.71, 43.11, 27.40, 35.25,
1990,18, 0.307,295.25, 41.17, 32.27, 36.72,
1990,19, 0.303,293.74, 40.44, 38.04, 39.24,
1990,20, 0.305,292.50, 41.45, 41.84, 41.64,
1990,21, 0.306,291.11, 41.74, 46.14, 43.94,
1990,22, 0.308,289.79, 42.59, 48.06, 45.32,
1990,23, 0.314,288.95, 45.48, 46.10, 45.79,
1990,24, 0.325,288.83, 50.47, 40.85, 45.66,
1990,25, 0.334,288.83, 54.84, 36.53, 45.68,
1990,26, 0.339,288.50, 57.75, 34.31, 46.03,
1990,27, 0.346,288.61, 60.77, 30.40, 45.58,
1990,28, 0.352,288.92, 63.61, 26.03, 44.82,
1990,29, 0.351,288.67, 64.17, 24.70, 44.44,
1990,30, 0.345,288.01, 63.10, 25.48, 44.29,
1990,31, 0.339,287.24, 61.98, 26.96, 44.47,
1990,32, 0.337,287.21, 61.81, 26.36, 44.09,
1990,33, 0.341,287.86, 62.36, 25.11, 43.73,
1990,34, 0.341,288.04, 61.66, 26.13, 43.89,
1990,35, 0.339,288.08, 61.56, 26.85, 44.21,
1990,36, 0.341,288.42, 62.52, 25.90, 44.21,
1990,37, 0.343,288.74, 62.97, 25.07, 44.02,
1990,38, 0.336,288.25, 60.43, 27.58, 44.01,
1990,39, 0.327,287.75, 56.99, 30.74, 43.87,
1990,40, 0.328,288.30, 56.33, 29.44, 42.89,
1990,41, 0.334,289.20, 57.43, 27.97, 42.70,
1990,42, 0.337,289.82, 56.88, 27.79, 42.34,
1990,43, 0.337,290.15, 56.32, 28.14, 42.23,
1990,44, 0.337,290.40, 55.95, 28.48, 42.21,
1990,45, 0.343,290.92, 57.70, 26.74, 42.22,
1990,46, 0.350,291.53, 60.03, 24.43, 42.23,
1990,47, 0.353,291.91, 61.19, 23.78, 42.49,
1990,48, 0.357,292.36, 63.10, 22.07, 42.58,
1990,49, 0.366,293.16, 67.21, 18.66, 42.94,
1990,50, 0.373,293.63, 68.95, 18.74, 43.85,
1990,51, 0.369,293.29, 67.62, 22.34, 44.98,
1990,52, 0.364,293.17, 66.20, 23.80, 45.00,
1991, 1, 0.361,293.54, 67.33, 21.77, 44.55,
1991, 2, 0.352,293.40, 65.02, 22.92, 43.97,
1991, 3, 0.342,293.21, 61.01, 25.33, 43.17,
1991, 4, 0.330,292.90, 56.30, 29.15, 42.73,
1991, 5, 0.327,293.13, 53.79, 31.94, 42.87,
1991, 6, 0.333,293.86, 54.01, 32.21, 43.11,
1991, 7, 0.344,294.90, 56.38, 30.79, 43.59,
1991, 8, 0.355,295.99, 59.13, 29.04, 44.09,
1991, 9, 0.364,296.83, 61.54, 27.92, 44.73,
1991,10, 0.372,297.56, 64.04, 27.21, 45.63,
1991,11, 0.376,298.07, 65.03, 27.43, 46.23,
1991,12, 0.375,298.08, 64.40, 29.28, 46.84,
1991,13, 0.376,298.43, 64.87, 27.88, 46.37,
1991,14, 0.374,298.46, 64.48, 26.61, 45.54,
1991,15, 0.368,297.91, 63.28, 27.13, 45.21,
1991,16, 0.361,297.26, 61.83, 28.04, 44.93,
1991,17, 0.357,296.72, 60.95, 27.44, 44.20,
1991,18, 0.354,296.10, 61.03, 26.32, 43.68,
1991,19, 0.349,295.18, 59.92, 27.42, 43.67,
1991,20, 0.341,293.97, 56.62, 29.93, 43.28,
1991,21, 0.338,293.18, 55.55, 29.68, 42.61,
1991,22, 0.336,292.34, 54.81, 28.84, 41.83,
1991,23, 0.333,291.51, 54.23, 27.60, 40.92,
1991,24, 0.330,290.86, 53.74, 25.57, 39.66,
1991,25, 0.329,290.53, 54.38, 22.91, 38.64,
1991,26, 0.325,289.85, 53.95, 22.41, 38.18,
1991,27, 0.315,288.91, 50.92, 24.28, 37.60,
1991,28, 0.303,288.12, 47.36, 26.05, 36.71,
1991,29, 0.298,287.79, 46.02, 25.91, 35.96,
1991,30, 0.292,287.44, 44.51, 25.74, 35.13,
1991,31, 0.285,287.03, 43.27, 25.75, 34.51,
1991,32, 0.279,286.52, 41.23, 27.30, 34.27,
1991,33, 0.275,286.54, 38.92, 29.12, 34.02,
1991,34, 0.274,286.78, 37.71, 30.12, 33.91,
1991,35, 0.270,286.85, 36.37, 30.92, 33.65,
1991,36, 0.268,286.88, 35.31, 31.75, 33.53,
1991,37, 0.274,287.69, 36.85, 28.93, 32.89,
1991,38, 0.282,288.53, 39.59, 24.97, 32.28,
1991,39, 0.288,288.97, 41.83, 23.76, 32.79,
1991,40, 0.293,289.24, 42.83, 23.95, 33.39,
1991,41, 0.298,289.76, 43.77, 23.97, 33.87,
1991,42, 0.303,290.29, 43.81, 24.09, 33.95,
1991,43, 0.303,290.59, 42.74, 25.05, 33.89,
1991,44, 0.309,291.17, 44.07, 24.30, 34.18,
1991,45, 0.319,291.89, 47.64, 21.85, 34.75,
1991,46, 0.328,292.49, 50.65, 19.27, 34.96,
1991,47, 0.337,293.08, 53.93, 16.82, 35.38,
1991,48, 0.344,293.58, 57.71, 14.79, 36.25,
1991,49, 0.350,293.93, 60.71, 13.86, 37.28,
1991,50, 0.356,294.49, 61.91, 13.16, 37.53,
1991,51, 0.360,295.07, 63.64, 11.40, 37.52,
1991,52, 0.361,295.55, 64.39, 10.08, 37.23,
1992, 1, 0.357,295.89, 64.71,  9.27, 36.99,
1992, 2, 0.351,296.18, 63.13,  9.60, 36.36,
1992, 3, 0.347,296.59, 61.05, 10.37, 35.71,
1992, 4, 0.347,297.09, 60.10, 11.30, 35.70,
1992, 5, 0.349,297.63, 59.10, 12.06, 35.58,
1992, 6, 0.348,298.07, 56.83, 12.61, 34.72,
1992, 7, 0.344,298.39, 53.72, 13.58, 33.65,
1992, 8, 0.339,298.78, 50.68, 14.75, 32.72,
1992, 9, 0.335,299.26, 48.90, 15.44, 32.17,
1992,10, 0.332,299.60, 47.15, 16.26, 31.71,
1992,11, 0.328,299.78, 45.21, 17.35, 31.28,
1992,12, 0.325,299.88, 43.56, 18.41, 30.98,
1992,13, 0.318,299.75, 40.86, 19.63, 30.25,
1992,14, 0.308,299.45, 37.84, 20.33, 29.09,
1992,15, 0.300,299.09, 36.08, 19.84, 27.96,
1992,16, 0.294,298.65, 34.81, 19.26, 27.04,
1992,17, 0.290,297.99, 34.61, 19.14, 26.87,
1992,18, 0.284,296.69, 33.49, 21.89, 27.69,
1992,19, 0.279,295.43, 32.47, 25.34, 28.91,
1992,20, 0.279,294.51, 32.66, 26.50, 29.58,
1992,21, 0.277,293.27, 32.27, 29.01, 30.64,
1992,22, 0.278,291.86, 32.59, 31.68, 32.13,
1992,23, 0.282,290.68, 35.10, 32.07, 33.59,
1992,24, 0.289,290.03, 39.36, 30.62, 34.99,
1992,25, 0.297,289.46, 43.00, 30.00, 36.50,
1992,26, 0.300,288.56, 45.12, 31.11, 38.11,
1992,27, 0.300,287.74, 45.62, 32.69, 39.15,
1992,28, 0.296,286.82, 44.45, 35.06, 39.76,
1992,29, 0.291,286.12, 43.65, 35.83, 39.74,
1992,30, 0.287,285.39, 42.68, 36.54, 39.61,
1992,31, 0.282,284.67, 42.14, 37.62, 39.88,
1992,32, 0.284,284.63, 42.73, 37.96, 40.35,
1992,33, 0.291,285.32, 43.97, 37.57, 40.77,
1992,34, 0.292,285.35, 43.32, 39.91, 41.62,
1992,35, 0.294,285.53, 43.94, 40.45, 42.20,
1992,36, 0.295,285.71, 44.27, 40.26, 42.27,
1992,37, 0.300,286.55, 45.45, 36.98, 41.21,
1992,38, 0.303,287.22, 46.50, 33.43, 39.96,
1992,39, 0.299,287.06, 45.04, 34.58, 39.81,
1992,40, 0.289,286.43, 40.32, 39.28, 39.80,
1992,41, 0.278,285.59, 35.16, 46.78, 40.97,
1992,42, 0.275,285.42, 32.34, 51.04, 41.69,
1992,43, 0.282,286.25, 34.53, 48.82, 41.68,
1992,44, 0.297,287.86, 40.10, 42.44, 41.27,
1992,45, 0.315,289.48, 46.60, 35.45, 41.02,
1992,46, 0.333,290.93, 52.97, 28.51, 40.74,
1992,47, 0.341,291.60, 55.62, 25.92, 40.77,
1992,48, 0.344,292.08, 57.56, 23.96, 40.76,
1992,49, 0.347,292.36, 59.43, 23.43, 41.43,
1992,50, 0.352,292.92, 60.47, 22.96, 41.72,
1992,51, 0.360,293.88, 63.72, 18.47, 41.10,
1992,52, 0.368,294.59, 67.01, 15.55, 41.28,
1993, 1, 0.368,294.82, 68.87, 15.25, 42.06,
1993, 2, 0.363,294.79, 67.72, 16.80, 42.26,
1993, 3, 0.354,294.68, 64.38, 19.74, 42.06,
1993, 4, 0.347,294.75, 61.17, 22.51, 41.84,
1993, 5, 0.341,294.84, 57.76, 25.80, 41.78,
1993, 6, 0.335,294.78, 54.41, 29.05, 41.73,
1993, 7, 0.334,294.97, 52.68, 30.87, 41.78,
1993, 8, 0.338,295.44, 53.11, 31.85, 42.48,
1993, 9, 0.345,295.96, 54.54, 32.36, 43.45,
1993,10, 0.350,296.42, 55.78, 32.85, 44.32,
1993,11, 0.351,296.57, 55.16, 34.57, 44.86,
1993,12, 0.353,296.87, 55.58, 35.14, 45.36,
1993,13, 0.356,297.13, 56.15, 34.45, 45.30,
1993,14, 0.357,297.25, 56.86, 32.59, 44.73,
1993,15, 0.353,297.04, 56.21, 31.19, 43.70,
1993,16, 0.353,296.94, 57.16, 28.97, 43.07,
1993,17, 0.352,296.76, 57.68, 26.17, 41.92,
1993,18, 0.348,296.32, 56.90, 24.00, 40.45,
1993,19, 0.341,295.68, 55.16, 23.44, 39.30,
1993,20, 0.334,294.88, 52.50, 23.74, 38.12,
1993,21, 0.327,294.07, 49.98, 23.77, 36.87,
1993,22, 0.321,293.27, 47.91, 22.89, 35.40,
1993,23, 0.310,291.78, 44.44, 24.97, 34.70,
1993,24, 0.298,289.99, 41.04, 29.67, 35.36,
1993,25, 0.290,288.61, 38.92, 33.38, 36.15,
1993,26, 0.287,287.82, 39.08, 34.02, 36.55,
1993,27, 0.289,287.36, 40.52, 33.30, 36.91,
1993,28, 0.286,286.54, 40.58, 34.65, 37.62,
1993,29, 0.279,285.21, 39.19, 38.36, 38.78,
1993,30, 0.273,284.17, 37.91, 40.52, 39.21,
1993,31, 0.269,283.66, 37.70, 40.38, 39.04,
1993,32, 0.268,283.61, 37.63, 40.40, 39.01,
1993,33, 0.263,283.15, 34.72, 45.25, 39.98,
1993,34, 0.260,282.88, 32.97, 49.21, 41.09,
1993,35, 0.259,282.85, 32.72, 50.24, 41.48,
1993,36, 0.257,282.76, 31.90, 50.27, 41.09,
1993,37, 0.253,282.53, 29.72, 51.28, 40.50,
1993,38, 0.251,282.77, 28.22, 50.08, 39.15,
1993,39, 0.254,283.54, 29.07, 46.95, 38.01,
1993,40, 0.263,284.79, 31.60, 42.62, 37.11,
1993,41, 0.276,286.27, 34.83, 39.21, 37.02,
1993,42, 0.287,287.48, 37.42, 37.73, 37.57,
1993,43, 0.299,288.46, 41.16, 35.72, 38.44,
1993,44, 0.307,289.59, 43.94, 31.30, 37.62,
1993,45, 0.306,289.67, 43.27, 32.41, 37.84,
1993,46, 0.299,289.18, 40.66, 36.80, 38.73,
1993,47, 0.299,289.30, 41.29, 36.35, 38.82,
1993,48, 0.304,289.68, 44.64, 34.05, 39.35,
1993,49, 0.311,290.43, 48.93, 31.39, 40.16,
1993,50, 0.317,291.04, 50.38, 32.50, 41.44,
1993,51, 0.323,291.73, 53.12, 29.97, 41.55,
1993,52, 0.333,292.47, 57.39, 26.92, 42.16,
1994, 1, 0.340,292.96, 62.09, 24.94, 43.51,
1994, 2, 0.344,293.38, 64.05, 24.08, 44.06,
1994, 3, 0.346,293.47, 64.05, 26.34, 45.20,
1994, 4, 0.350,293.57, 64.58, 29.11, 46.85,
1994, 5, 0.355,293.77, 64.56, 31.69, 48.12,
1994, 6, 0.351,293.55, 61.55, 36.07, 48.81,
1994, 7, 0.345,293.43, 58.15, 40.08, 49.12,
1994, 8, 0.346,293.74, 57.26, 42.46, 49.86,
1994, 9, 0.343,293.59, 55.36, 46.47, 50.91,
1994,10, 0.339,293.57, 53.43, 49.96, 51.70,
1994,11, 0.334,293.24, 50.83, 54.89, 52.86,
1994,12, 0.338,293.28, 51.68, 57.71, 54.69,
1994,13, 0.346,293.54, 54.24, 57.23, 55.73,
1994,14, 0.350,293.60, 55.69, 55.72, 55.70,
1994,15, 0.348,293.46, 55.83, 53.50, 54.66,
1994,16, 0.342,292.82, 54.28, 53.82, 54.05,
1994,17, 0.333,291.54, 51.52, 56.66, 54.09,
1994,18, 0.321,290.10, 48.27, 59.40, 53.84,
1994,19, 0.306,288.68, 43.33, 63.40, 53.37,
1994,20, 0.289,287.04, 36.97, 68.02, 52.50,
1994,21, 0.275,285.42, 32.25, 71.65, 51.95,
1994,22, 0.261,283.69, 27.92, 71.70, 49.81,
1994,23, 0.245,281.86, 23.51, 72.05, 47.78,
1994,24, 0.226,279.77, 18.95, 73.91, 46.43,
1994,25, 0.213,278.44, 16.14, 74.34, 45.24,
1994,26, 0.204,277.64, 15.01, 73.66, 44.34,
1994,27, 0.201,277.72, 14.59, 72.26, 43.43,
1994,28, 0.205,278.91, 15.69, 68.15, 41.92,
1994,29, 0.215,280.50, 18.71, 60.94, 39.82,
1994,30, 0.222,281.61, 21.49, 53.84, 37.66,
1994,31, 0.224,281.95, 22.78, 49.42, 36.10,
1994,32, 0.219,281.42, 21.40, 50.48, 35.94,
1994,33, 0.212,280.48, 18.38, 56.27, 37.33,
1994,34, 0.202,279.27, 15.73, 62.55, 39.14,
1994,35, 0.194,277.96, 13.65, 67.52, 40.59,
1994,36, 0.190,277.72, 12.66, 68.89, 40.78,
1994,37,-1.000, -1.00, -1.00, -1.00, -1.00,
1994,38,-1.000, -1.00, -1.00, -1.00, -1.00,
1994,39,-1.000, -1.00, -1.00, -1.00, -1.00,
1994,40,-1.000, -1.00, -1.00, -1.00, -1.00,
1994,41,-1.000, -1.00, -1.00, -1.00, -1.00,
1994,42,-1.000, -1.00, -1.00, -1.00, -1.00,
1994,43,-1.000, -1.00, -1.00, -1.00, -1.00,
1994,44,-1.000, -1.00, -1.00, -1.00, -1.00,
1994,45,-1.000, -1.00, -1.00, -1.00, -1.00,
1994,46,-1.000, -1.00, -1.00, -1.00, -1.00,
1994,47,-1.000, -1.00, -1.00, -1.00, -1.00,
1994,48,-1.000, -1.00, -1.00, -1.00, -1.00,
1994,49,-1.000, -1.00, -1.00, -1.00, -1.00,
1994,50,-1.000, -1.00, -1.00, -1.00, -1.00,
1994,51,-1.000, -1.00, -1.00, -1.00, -1.00,
1994,52,-1.000, -1.00, -1.00, -1.00, -1.00,
1995, 1,-1.000, -1.00, -1.00, -1.00, -1.00,
1995, 2,-1.000, -1.00, -1.00, -1.00, -1.00,
1995, 3,-1.000, -1.00, -1.00, -1.00, -1.00,
1995, 4,-1.000, -1.00, -1.00, -1.00, -1.00,
1995, 5,-1.000, -1.00, -1.00, -1.00, -1.00,
1995, 6,-1.000, -1.00, -1.00, -1.00, -1.00,
1995, 7, 0.365,295.21, 62.11, 29.34, 45.73,
1995, 8, 0.364,295.65, 61.10, 30.22, 45.66,
1995, 9, 0.365,296.11, 60.63, 30.69, 45.66,
1995,10, 0.363,296.49, 59.52, 31.27, 45.40,
1995,11, 0.361,296.84, 58.14, 31.80, 44.97,
1995,12, 0.357,297.03, 56.13, 33.14, 44.63,
1995,13, 0.354,297.05, 54.75, 33.88, 44.32,
1995,14, 0.355,297.23, 55.53, 31.77, 43.65,
1995,15, 0.357,297.44, 57.22, 28.34, 42.78,
1995,16, 0.358,297.52, 58.33, 25.85, 42.09,
1995,17, 0.357,297.14, 58.56, 24.95, 41.76,
1995,18, 0.353,296.37, 58.52, 24.72, 41.62,
1995,19, 0.351,295.44, 58.48, 26.43, 42.45,
1995,20, 0.349,294.31, 57.73, 29.63, 43.68,
1995,21, 0.350,293.22, 58.12, 31.77, 44.94,
1995,22, 0.355,292.53, 60.42, 29.85, 45.14,
1995,23, 0.364,292.15, 64.42, 25.44, 44.93,
1995,24, 0.370,291.73, 67.63, 22.56, 45.09,
1995,25, 0.371,291.09, 68.70, 22.82, 45.76,
1995,26, 0.370,290.28, 68.90, 23.94, 46.42,
1995,27, 0.367,289.53, 68.21, 25.38, 46.79,
1995,28, 0.362,288.77, 66.58, 27.52, 47.05,
1995,29, 0.359,288.22, 65.72, 28.41, 47.06,
1995,30, 0.357,287.86, 65.67, 27.74, 46.71,
1995,31, 0.351,287.41, 65.14, 27.58, 46.36,
1995,32, 0.344,286.75, 62.98, 29.80, 46.39,
1995,33, 0.334,285.86, 58.94, 35.64, 47.29,
1995,34, 0.330,285.56, 56.76, 39.02, 47.89,
1995,35, 0.328,285.53, 56.35, 40.43, 48.39,
1995,36, 0.323,285.27, 54.98, 42.41, 48.69,
1995,37, 0.319,285.22, 53.49, 43.36, 48.42,
1995,38, 0.323,285.80, 54.78, 40.54, 47.66,
1995,39, 0.328,286.51, 56.52, 37.35, 46.93,
1995,40, 0.331,287.11, 56.77, 36.07, 46.42,
1995,41, 0.330,287.24, 54.94, 39.64, 47.29,
1995,42, 0.333,287.81, 54.47, 40.92, 47.70,
1995,43, 0.339,288.74, 55.97, 38.66, 47.32,
1995,44, 0.339,289.10, 55.07, 39.17, 47.12,
1995,45, 0.330,288.65, 51.45, 43.76, 47.60,
1995,46, 0.318,287.95, 46.74, 48.90, 47.82,
1995,47, 0.302,287.09, 41.39, 53.53, 47.46,
1995,48, 0.287,286.32, 37.46, 55.93, 46.69,
1995,49, 0.271,285.21, 33.38, 61.60, 47.49,
1995,50, 0.259,284.15, 28.27, 73.15, 50.71,
1995,51, 0.250,283.56, 26.21, 75.65, 50.93,
1995,52, 0.244,283.35, 25.69, 75.09, 50.39,
1996, 1, 0.238,283.16, 26.77, 72.60, 49.69,
1996, 2, 0.233,283.03, 27.33, 71.41, 49.37,
1996, 3, 0.239,283.82, 29.53, 69.06, 49.30,
1996, 4, 0.255,285.50, 33.64, 64.95, 49.30,
1996, 5, 0.274,287.22, 37.87, 61.77, 49.82,
1996, 6, 0.291,288.63, 41.62, 59.25, 50.44,
1996, 7, 0.308,289.95, 45.67, 56.47, 51.07,
1996, 8, 0.322,290.99, 49.20, 55.55, 52.38,
1996, 9, 0.339,292.46, 54.51, 51.39, 52.95,
1996,10, 0.352,293.67, 58.42, 48.29, 53.36,
1996,11, 0.362,294.40, 61.19, 47.86, 54.52,
1996,12, 0.371,295.19, 63.55, 46.62, 55.08,
1996,13, 0.372,295.53, 63.62, 46.23, 54.92,
1996,14, 0.369,295.34, 61.84, 47.30, 54.57,
1996,15, 0.361,294.78, 59.29, 48.41, 53.85,
1996,16, 0.359,294.40, 59.46, 47.82, 53.64,
1996,17, 0.358,293.82, 59.81, 47.14, 53.47,
1996,18, 0.358,293.31, 61.16, 44.89, 53.02,
1996,19, 0.363,293.06, 63.85, 42.18, 53.02,
1996,20, 0.370,292.85, 66.23, 39.18, 52.71,
1996,21, 0.373,292.33, 67.28, 37.72, 52.50,
1996,22, 0.371,291.50, 66.86, 36.55, 51.71,
1996,23, 0.365,290.30, 65.16, 37.13, 51.15,
1996,24, 0.362,289.73, 65.03, 35.09, 50.06,
1996,25, 0.364,289.75, 66.20, 30.74, 48.47,
1996,26, 0.359,289.08, 64.59, 30.74, 47.66,
1996,27, 0.349,288.11, 61.16, 32.75, 46.96,
1996,28, 0.341,287.44, 58.83, 33.30, 46.07,
1996,29, 0.335,286.89, 57.32, 33.60, 45.46,
1996,30, 0.331,286.45, 56.29, 33.44, 44.86,
1996,31, 0.333,286.70, 58.11, 30.15, 44.13,
1996,32, 0.341,287.55, 61.54, 25.96, 43.75,
1996,33, 0.351,288.37, 64.25, 24.06, 44.15,
1996,34, 0.354,288.57, 64.78, 24.75, 44.77,
1996,35, 0.345,287.66, 62.17, 29.81, 45.99,
1996,36, 0.337,286.81, 59.99, 33.97, 46.98,
1996,37, 0.337,286.84, 59.80, 34.06, 46.93,
1996,38, 0.339,287.00, 60.44, 33.33, 46.88,
1996,39, 0.342,287.40, 61.35, 32.28, 46.82,
1996,40, 0.344,287.99, 61.62, 31.07, 46.35,
1996,41, 0.343,288.26, 60.35, 33.47, 46.91,
1996,42, 0.337,288.05, 56.04, 39.00, 47.52,
1996,43, 0.324,287.43, 50.42, 45.84, 48.13,
1996,44, 0.318,287.45, 47.53, 48.43, 47.98,
1996,45, 0.318,287.93, 47.58, 46.95, 47.26,
1996,46, 0.321,288.50, 48.24, 44.25, 46.24,
1996,47, 0.321,288.93, 48.71, 41.84, 45.27,
1996,48, 0.321,289.07, 49.83, 40.53, 45.18,
1996,49, 0.329,289.76, 54.06, 37.16, 45.61,
1996,50, 0.337,290.42, 56.47, 37.27, 46.87,
1996,51, 0.339,290.48, 57.38, 37.31, 47.34,
1996,52, 0.342,290.98, 59.28, 34.50, 46.89,
1997, 1, 0.346,291.54, 63.15, 31.00, 47.07,
1997, 2, 0.346,291.68, 63.77, 30.92, 47.35,
1997, 3, 0.341,291.67, 61.89, 32.85, 47.37,
1997, 4, 0.335,291.47, 58.87, 36.45, 47.66,
1997, 5, 0.328,291.16, 54.91, 42.02, 48.47,
1997, 6, 0.320,290.82, 50.85, 47.41, 49.13,
1997, 7, 0.313,290.57, 47.02, 52.02, 49.52,
1997, 8, 0.311,290.71, 45.08, 55.14, 50.11,
1997, 9, 0.319,291.55, 47.24, 54.42, 50.83,
1997,10, 0.339,293.15, 53.31, 49.80, 51.56,
1997,11, 0.357,294.71, 59.00, 45.01, 52.01,
1997,12, 0.371,295.77, 63.17, 42.00, 52.58,
1997,13, 0.379,296.41, 66.04, 39.33, 52.68,
1997,14, 0.381,296.48, 66.95, 38.16, 52.55,
1997,15, 0.383,296.57, 68.49, 35.56, 52.02,
1997,16, 0.385,296.73, 70.26, 31.79, 51.03,
1997,17, 0.388,296.73, 71.99, 27.90, 49.95,
1997,18, 0.386,296.27, 72.42, 25.91, 49.17,
1997,19, 0.384,295.65, 72.20, 25.67, 48.94,
1997,20, 0.384,295.19, 71.82, 24.24, 48.03,
1997,21, 0.381,294.41, 70.08, 24.38, 47.23,
1997,22, 0.373,293.35, 67.18, 25.18, 46.18,
1997,23, 0.363,292.13, 63.96, 26.06, 45.01,
1997,24, 0.355,291.05, 61.57, 27.28, 44.43,
1997,25, 0.346,290.03, 58.96, 29.73, 44.34,
1997,26, 0.331,288.53, 54.38, 34.49, 44.43,
1997,27, 0.315,286.91, 48.88, 40.18, 44.53,
1997,28, 0.313,286.61, 48.84, 38.76, 43.80,
1997,29, 0.317,286.99, 51.26, 33.98, 42.62,
1997,30, 0.316,287.00, 51.97, 31.15, 41.56,
1997,31, 0.311,286.84, 51.45, 29.58, 40.52,
1997,32, 0.312,287.23, 52.19, 27.26, 39.72,
1997,33, 0.325,288.41, 55.69, 23.44, 39.57,
1997,34, 0.329,288.90, 56.46, 22.55, 39.50,
1997,35, 0.328,288.95, 56.16, 22.67, 39.42,
1997,36, 0.330,289.22, 57.33, 21.15, 39.24,
1997,37, 0.338,289.84, 60.12, 18.28, 39.20,
1997,38, 0.350,290.62, 64.53, 14.66, 39.60,
1997,39, 0.355,290.83, 66.71, 13.87, 40.29,
1997,40, 0.362,291.01, 68.75, 14.40, 41.58,
1997,41, 0.377,291.87, 73.27, 12.62, 42.95,
1997,42, 0.390,292.68, 76.43, 10.10, 43.27,
1997,43, 0.395,293.05, 77.75,  9.76, 43.75,
1997,44, 0.398,293.37, 78.14, 10.48, 44.31,
1997,45, 0.404,293.83, 79.85,  9.82, 44.83,
1997,46, 0.414,294.55, 82.77,  6.91, 44.84,
1997,47, 0.420,295.10, 84.78,  5.37, 45.08,
1997,48, 0.421,295.43, 85.32,  4.95, 45.14,
1997,49, 0.421,295.66, 85.50,  4.54, 45.02,
1997,50, 0.421,295.91, 85.07,  4.71, 44.89,
1997,51, 0.423,296.33, 85.70,  4.38, 45.04,
1997,52, 0.423,296.62, 85.82,  4.32, 45.07,
1998, 1, 0.424,296.93, 87.99,  4.09, 46.04,
1998, 2, 0.426,297.33, 88.32,  3.83, 46.08,
1998, 3, 0.428,297.82, 87.67,  3.88, 45.78,
1998, 4, 0.426,298.30, 85.82,  4.30, 45.06,
1998, 5, 0.422,298.78, 83.15,  4.92, 44.04,
1998, 6, 0.418,299.28, 80.49,  5.31, 42.90,
1998, 7, 0.416,299.96, 78.43,  4.97, 41.70,
1998, 8, 0.413,300.70, 76.03,  4.48, 40.25,
1998, 9, 0.405,301.34, 72.85,  4.18, 38.52,
1998,10, 0.398,301.79, 69.57,  4.03, 36.80,
1998,11, 0.390,302.08, 66.19,  4.24, 35.21,
1998,12, 0.379,302.12, 62.44,  5.04, 33.74,
1998,13, 0.367,301.98, 57.96,  5.93, 31.94,
1998,14, 0.354,301.51, 53.93,  7.52, 30.73,
1998,15, 0.344,300.93, 51.26,  8.85, 30.05,
1998,16, 0.336,300.34, 49.25,  9.51, 29.38,
1998,17, 0.327,299.43, 46.91, 11.20, 29.06,
1998,18, 0.317,297.98, 44.22, 15.18, 29.70,
1998,19, 0.307,296.18, 41.32, 22.13, 31.73,
1998,20, 0.306,294.88, 41.15, 26.29, 33.72,
1998,21, 0.309,293.75, 42.45, 28.33, 35.39,
1998,22, 0.313,292.66, 44.56, 28.82, 36.69,
1998,23, 0.318,291.40, 47.38, 29.18, 38.28,
1998,24, 0.323,290.13, 50.59, 30.74, 40.67,
1998,25, 0.331,289.32, 54.47, 31.43, 42.95,
1998,26, 0.342,289.15, 59.74, 28.37, 44.05,
1998,27, 0.353,289.05, 64.11, 26.00, 45.05,
1998,28, 0.365,289.32, 68.64, 22.64, 45.64,
1998,29, 0.376,289.68, 72.62, 19.20, 45.91,
1998,30, 0.384,289.92, 75.78, 16.35, 46.07,
1998,31, 0.386,289.69, 77.23, 15.86, 46.54,
1998,32, 0.384,289.31, 77.09, 17.54, 47.31,
1998,33, 0.386,289.33, 77.32, 18.89, 48.11,
1998,34, 0.394,289.88, 79.41, 17.37, 48.39,
1998,35, 0.390,289.37, 78.80, 20.32, 49.56,
1998,36, 0.378,288.47, 75.31, 25.01, 50.16,
1998,37, 0.363,287.54, 69.81, 30.05, 49.93,
1998,38, 0.346,286.14, 63.03, 37.41, 50.22,
1998,39, 0.330,285.02, 56.80, 43.76, 50.28,
1998,40, 0.316,284.27, 50.88, 49.84, 50.36,
1998,41, 0.310,284.29, 47.39, 54.06, 50.72,
1998,42, 0.312,285.01, 46.52, 54.25, 50.39,
1998,43, 0.311,285.39, 45.59, 55.07, 50.33,
1998,44, 0.312,285.92, 45.37, 53.99, 49.68,
1998,45, 0.312,286.28, 45.50, 54.04, 49.77,
1998,46, 0.308,286.23, 43.66, 56.35, 50.01,
1998,47, 0.309,286.56, 44.34, 54.95, 49.65,
1998,48, 0.308,286.54, 44.80, 55.11, 49.95,
1998,49, 0.308,286.78, 46.07, 54.69, 50.38,
1998,50, 0.308,287.11, 45.49, 57.83, 51.66,
1998,51, 0.299,286.65, 43.05, 60.42, 51.73,
1998,52, 0.291,286.19, 41.21, 62.42, 51.82,
1999, 1, 0.289,286.19, 43.83, 60.47, 52.15,
1999, 2, 0.288,286.02, 45.09, 59.76, 52.42,
1999, 3, 0.295,286.56, 47.83, 58.00, 52.92,
1999, 4, 0.309,287.67, 51.92, 55.71, 53.81,
1999, 5, 0.326,288.96, 55.98, 53.85, 54.91,
1999, 6, 0.334,289.54, 56.98, 54.76, 55.87,
1999, 7, 0.334,289.64, 55.84, 57.82, 56.83,
1999, 8, 0.338,289.93, 55.98, 60.26, 58.12,
1999, 9, 0.342,290.14, 57.06, 62.22, 59.64,
1999,10, 0.342,289.86, 56.10, 66.38, 61.24,
1999,11, 0.344,289.98, 56.12, 68.76, 62.44,
1999,12, 0.344,289.76, 55.62, 73.52, 64.57,
1999,13, 0.340,288.99, 53.82, 78.89, 66.35,
1999,14, 0.336,288.27, 52.30, 81.78, 67.04,
1999,15, 0.327,287.13, 49.53, 85.23, 67.38,
1999,16, 0.326,286.69, 49.68, 85.59, 67.63,
1999,17, 0.326,286.41, 50.22, 84.26, 67.24,
1999,18, 0.320,285.68, 49.11, 83.78, 66.45,
1999,19, 0.318,285.29, 48.45, 83.15, 65.80,
1999,20, 0.317,285.03, 47.48, 81.62, 64.55,
1999,21, 0.318,285.01, 47.79, 79.01, 63.40,
1999,22, 0.313,284.34, 45.88, 76.79, 61.33,
1999,23, 0.308,283.94, 44.87, 72.13, 58.50,
1999,24, 0.311,284.22, 46.79, 64.62, 55.70,
1999,25, 0.315,284.41, 48.50, 59.44, 53.97,
1999,26, 0.311,284.10, 48.08, 56.70, 52.39,
1999,27, 0.304,283.63, 45.90, 55.39, 50.64,
1999,28, 0.295,283.18, 43.11, 54.48, 48.79,
1999,29, 0.288,282.98, 41.50, 52.15, 46.82,
1999,30, 0.281,282.74, 39.74, 50.73, 45.23,
1999,31, 0.273,282.22, 38.10, 50.49, 44.30,
1999,32, 0.270,281.96, 37.18, 51.26, 44.22,
1999,33, 0.273,282.21, 37.05, 53.00, 45.02,
1999,34, 0.281,282.85, 39.23, 52.50, 45.86,
1999,35, 0.285,283.03, 40.78, 53.41, 47.09,
1999,36, 0.292,283.51, 43.37, 51.13, 47.25,
1999,37, 0.303,284.45, 46.97, 46.60, 46.78,
1999,38, 0.311,285.14, 49.59, 43.56, 46.58,
1999,39, 0.314,285.38, 50.31, 42.87, 46.59,
1999,40, 0.308,285.13, 47.49, 46.16, 46.83,
1999,41, 0.298,284.60, 42.33, 52.66, 47.50,
1999,42, 0.285,283.99, 35.47, 59.60, 47.53,
1999,43, 0.275,283.60, 30.90, 64.89, 47.89,
1999,44, 0.270,283.70, 28.68, 66.66, 47.67,
1999,45, 0.268,284.15, 27.56, 66.63, 47.10,
1999,46, 0.270,285.00, 27.75, 64.40, 46.07,
1999,47, 0.276,286.04, 30.30, 59.21, 44.76,
1999,48, 0.278,286.50, 32.67, 55.97, 44.32,
1999,49, 0.280,286.87, 35.55, 54.38, 44.96,
1999,50, 0.284,287.14, 36.78, 57.86, 47.32,
1999,51, 0.291,287.44, 40.40, 55.98, 48.19,
1999,52, 0.306,288.52, 47.07, 49.59, 48.33,
2000, 1, 0.318,289.40, 53.97, 43.48, 48.72,
2000, 2, 0.319,289.34, 55.16, 43.45, 49.30,
2000, 3, 0.314,289.13, 53.62, 46.13, 49.87,
2000, 4, 0.308,288.68, 50.63, 51.53, 51.08,
2000, 5, 0.299,287.95, 46.31, 59.00, 52.65,
2000, 6, 0.294,287.53, 43.03, 64.34, 53.68,
2000, 7, 0.291,287.02, 40.58, 68.80, 54.69,
2000, 8, 0.299,287.28, 42.38, 70.75, 56.57,
2000, 9, 0.308,287.63, 44.65, 71.86, 58.25,
2000,10, 0.318,288.15, 47.50, 72.61, 60.06,
2000,11, 0.328,288.45, 50.13, 74.39, 62.26,
2000,12, 0.334,288.51, 52.04, 77.06, 64.55,
2000,13, 0.343,288.88, 54.98, 76.92, 65.95,
2000,14, 0.352,289.47, 57.87, 74.39, 66.13,
2000,15, 0.354,289.66, 59.26, 71.85, 65.56,
2000,16, 0.349,289.37, 57.64, 71.41, 64.53,
2000,17, 0.336,288.65, 53.53, 72.12, 62.83,
2000,18, 0.320,287.66, 48.13, 72.91, 60.52,
2000,19, 0.306,286.86, 43.21, 73.99, 58.60,
2000,20, 0.289,285.41, 36.78, 76.89, 56.83,
2000,21, 0.275,284.15, 31.78, 78.76, 55.27,
2000,22, 0.263,283.11, 27.90, 77.94, 52.92,
2000,23, 0.251,282.06, 24.90, 76.47, 50.69,
2000,24, 0.239,280.84, 21.93, 76.01, 48.97,
2000,25, 0.226,279.74, 18.50, 77.00, 47.75,
2000,26, 0.214,278.75, 16.11, 77.13, 46.62,
2000,27, 0.209,278.69, 15.63, 74.19, 44.91,
2000,28, 0.213,279.55, 17.29, 68.08, 42.69,
2000,29, 0.218,280.37, 19.47, 61.55, 40.51,
2000,30, 0.220,280.89, 20.83, 56.68, 38.75,
2000,31, 0.222,281.23, 22.74, 52.18, 37.46,
2000,32, 0.223,281.41, 23.33, 50.97, 37.15,
2000,33, 0.221,281.56, 21.25, 53.93, 37.59,
2000,34, 0.217,281.89, 19.16, 56.49, 37.83,
2000,35, 0.212,281.92, 17.49, 58.73, 38.11,
2000,36, 0.215,282.28, 18.32, 57.21, 37.77,
2000,37, 0.217,282.38, 18.13, 56.89, 37.51,
2000,38, 0.215,282.27, 17.45, 56.85, 37.15,
2000,39, 0.209,281.51, 15.97, 59.71, 37.84,
2000,40, 0.199,280.41, 13.70, 64.97, 39.34,
2000,41, 0.196,280.06, 12.85, 68.71, 40.78,
2000,42, 0.199,280.26, 12.63, 71.06, 41.85,
2000,43, 0.204,280.74, 13.61, 71.19, 42.40,
2000,44, 0.221,281.98, 17.94, 67.24, 42.59,
2000,45, 0.233,283.15, 21.45, 63.78, 42.62,
2000,46, 0.242,284.15, 23.59, 60.60, 42.10,
2000,47, 0.250,285.12, 25.93, 57.20, 41.56,
2000,48, 0.255,285.67, 27.89, 54.74, 41.31,
2000,49, 0.268,286.64, 32.69, 51.34, 42.02,
2000,50, 0.280,287.32, 35.89, 53.55, 44.72,
2000,51, 0.290,287.66, 40.44, 51.93, 46.19,
2000,52, 0.300,287.83, 45.07, 50.53, 47.80,
2001, 1, 0.309,288.18, 51.07, 47.66, 49.37,
2001, 2, 0.321,288.83, 56.10, 44.70, 50.40,
2001, 3, 0.333,289.54, 59.58, 43.49, 51.54,
2001, 4, 0.339,290.00, 60.90, 45.12, 53.01,
2001, 5, 0.346,290.43, 61.58, 47.76, 54.67,
2001, 6, 0.351,290.89, 61.82, 49.98, 55.90,
2001, 7, 0.353,291.18, 61.24, 51.97, 56.61,
2001, 8, 0.354,291.34, 60.62, 54.63, 57.63,
2001, 9, 0.355,291.52, 60.30, 56.72, 58.51,
2001,10, 0.362,292.05, 62.33, 57.22, 59.77,
2001,11, 0.372,292.71, 64.92, 57.06, 60.99,
2001,12, 0.376,292.93, 66.02, 59.00, 62.51,
2001,13, 0.379,293.20, 67.12, 58.56, 62.84,
2001,14, 0.385,293.77, 69.49, 54.11, 61.80,
2001,15, 0.386,293.79, 70.39, 51.12, 60.76,
2001,16, 0.384,293.58, 70.30, 49.56, 59.93,
2001,17, 0.382,293.19, 69.89, 48.31, 59.10,
2001,18, 0.379,292.48, 69.62, 47.90, 58.76,
2001,19, 0.377,291.76, 69.27, 49.00, 59.13,
2001,20, 0.378,291.37, 69.16, 47.72, 58.44,
2001,21, 0.378,291.06, 69.01, 45.42, 57.21,
2001,22, 0.376,290.57, 68.29, 42.28, 55.28,
2001,23, 0.369,289.66, 66.25, 40.97, 53.61,
2001,24, 0.361,288.84, 64.11, 40.28, 52.19,
2001,25, 0.352,287.93, 61.10, 41.83, 51.46,
2001,26, 0.345,287.23, 58.98, 41.76, 50.37,
2001,27, 0.342,287.16, 58.28, 38.86, 48.57,
2001,28, 0.341,287.18, 58.36, 35.92, 47.14,
2001,29, 0.337,286.74, 57.80, 35.24, 46.52,
2001,30, 0.330,286.06, 56.10, 35.72, 45.91,
2001,31, 0.318,285.04, 53.44, 37.52, 45.48,
2001,32, 0.311,284.50, 51.14, 39.16, 45.15,
2001,33, 0.312,284.83, 50.53, 39.94, 45.23,
2001,34, 0.319,285.50, 52.17, 39.02, 45.60,
2001,35, 0.332,286.67, 57.25, 34.46, 45.85,
2001,36, 0.348,287.98, 63.39, 28.19, 45.79,
2001,37, 0.358,288.48, 66.62, 26.24, 46.43,
2001,38, 0.360,288.32, 67.52, 27.13, 47.32,
2001,39, 0.359,288.16, 67.14, 28.52, 47.83,
2001,40, 0.359,288.49, 66.75, 28.43, 47.59,
2001,41, 0.359,288.66, 65.53, 30.66, 48.09,
2001,42, 0.358,288.81, 63.37, 32.88, 48.13,
2001,43, 0.357,289.12, 62.46, 33.23, 47.84,
2001,44, 0.353,289.18, 60.58, 34.79, 47.69,
2001,45, 0.339,288.39, 54.87, 40.91, 47.89,
2001,46, 0.321,287.15, 47.40, 48.92, 48.16,
2001,47, 0.309,286.37, 43.22, 53.40, 48.31,
2001,48, 0.306,286.63, 43.34, 51.89, 47.62,
2001,49, 0.308,287.37, 45.07, 49.22, 47.14,
2001,50, 0.315,288.41, 47.35, 48.18, 47.77,
2001,51, 0.321,289.18, 50.63, 44.21, 47.42,
2001,52, 0.332,290.18, 55.66, 39.01, 47.33,
2002, 1, 0.339,290.70, 60.91, 35.43, 48.17,
2002, 2, 0.351,291.42, 65.42, 31.90, 48.66,
2002, 3, 0.364,292.46, 69.19, 29.00, 49.10,
2002, 4, 0.372,293.34, 71.02, 28.19, 49.60,
2002, 5, 0.376,293.96, 71.18, 29.37, 50.28,
2002, 6, 0.376,294.17, 69.80, 31.91, 50.86,
2002, 7, 0.374,294.38, 68.02, 33.95, 50.99,
2002, 8, 0.373,294.80, 66.77, 35.23, 51.00,
2002, 9, 0.372,295.05, 65.75, 36.88, 51.32,
2002,10, 0.374,295.64, 65.82, 36.61, 51.22,
2002,11, 0.381,296.63, 67.69, 33.82, 50.75,
2002,12, 0.382,297.18, 67.56, 32.66, 50.11,
2002,13, 0.382,297.41, 66.87, 31.89, 49.38,
2002,14, 0.380,297.34, 66.06, 31.66, 48.86,
2002,15, 0.380,297.24, 66.84, 30.05, 48.45,
2002,16, 0.377,296.86, 66.19, 30.03, 48.11,
2002,17, 0.369,296.10, 63.86, 31.16, 47.51,
2002,18, 0.362,295.13, 62.04, 32.36, 47.20,
2002,19, 0.356,294.01, 60.35, 35.40, 47.88,
2002,20, 0.353,293.03, 58.57, 37.75, 48.16,
2002,21, 0.351,292.04, 57.64, 39.83, 48.73,
2002,22, 0.350,291.20, 57.60, 38.97, 48.28,
2002,23, 0.350,290.45, 58.51, 36.44, 47.47,
2002,24, 0.350,289.79, 59.48, 34.84, 47.16,
2002,25, 0.347,289.08, 58.97, 35.20, 47.08,
2002,26, 0.347,288.76, 59.51, 33.08, 46.30,
2002,27, 0.351,288.82, 61.03, 29.45, 45.24,
2002,28, 0.352,288.47, 61.99, 28.53, 45.26,
2002,29, 0.354,288.41, 63.21, 26.51, 44.86,
2002,30, 0.349,288.07, 62.67, 25.91, 44.29,
2002,31, 0.339,287.35, 60.51, 26.99, 43.75,
2002,32, 0.332,286.97, 58.85, 27.97, 43.41,
2002,33, 0.328,286.70, 56.50, 31.10, 43.80,
2002,34, 0.323,286.21, 53.81, 35.47, 44.64,
2002,35, 0.319,286.07, 52.89, 37.39, 45.14,
2002,36, 0.319,285.99, 53.32, 37.76, 45.54,
2002,37, 0.325,286.30, 54.93, 36.66, 45.80,
2002,38, 0.330,286.61, 56.64, 35.74, 46.19,
2002,39, 0.339,287.48, 60.02, 32.01, 46.02,
2002,40, 0.352,288.73, 64.67, 27.19, 45.93,
2002,41, 0.361,289.42, 67.11, 26.98, 47.04,
2002,42, 0.369,290.16, 68.06, 26.59, 47.32,
2002,43, 0.369,290.31, 67.44, 28.72, 48.08,
2002,44, 0.367,290.37, 66.00, 30.64, 48.32,
2002,45, 0.372,291.03, 67.54, 28.16, 47.85,
2002,46, 0.375,291.47, 68.07, 26.75, 47.41,
2002,47, 0.378,291.85, 68.96, 25.60, 47.28,
2002,48, 0.382,292.37, 71.37, 23.31, 47.34,
2002,49, 0.385,292.75, 73.21, 21.80, 47.50,
2002,50, 0.387,293.07, 73.67, 22.54, 48.10,
2002,51, 0.383,293.04, 72.39, 24.06, 48.22,
2002,52, 0.380,293.26, 72.01, 23.69, 47.85,
2003, 1, 0.374,293.41, 71.80, 23.06, 47.43,
2003, 2, 0.366,293.35, 69.76, 23.77, 46.77,
2003, 3, 0.363,293.68, 68.73, 23.66, 46.19,
2003, 4, 0.363,293.98, 67.93, 24.99, 46.46,
2003, 5, 0.362,294.17, 66.31, 27.36, 46.83,
2003, 6, 0.364,294.38, 65.31, 29.39, 47.35,
2003, 7, 0.366,294.70, 64.58, 30.93, 47.75,
2003, 8, 0.372,295.44, 65.34, 30.83, 48.09,
2003, 9, 0.374,295.94, 65.35, 31.49, 48.42,
2003,10, 0.370,296.10, 63.23, 33.49, 48.36,
2003,11, 0.370,296.38, 62.24, 34.53, 48.39,
2003,12, 0.371,296.70, 62.23, 35.21, 48.72,
2003,13, 0.371,296.79, 61.61, 35.53, 48.57,
2003,14, 0.366,296.69, 59.66, 35.67, 47.66,
2003,15, 0.361,296.51, 58.26, 35.39, 46.83,
2003,16, 0.356,296.13, 56.83, 34.90, 45.86,
2003,17, 0.344,295.03, 53.17, 37.55, 45.36,
2003,18, 0.329,293.38, 48.67, 42.64, 45.66,
2003,19, 0.321,292.17, 46.34, 46.38, 46.36,
2003,20, 0.319,291.32, 45.46, 47.69, 46.57,
2003,21, 0.322,290.95, 46.79, 46.13, 46.46,
2003,22, 0.322,289.97, 46.57, 46.17, 46.37,
2003,23, 0.326,289.57, 49.00, 42.00, 45.50,
2003,24, 0.334,289.63, 53.03, 35.91, 44.47,
2003,25, 0.338,289.08, 55.22, 34.79, 45.01,
2003,26, 0.339,288.30, 56.83, 34.90, 45.87,
2003,27, 0.342,287.85, 58.28, 34.20, 46.24,
2003,28, 0.348,288.00, 60.91, 31.14, 46.02,
2003,29, 0.348,287.74, 61.60, 30.03, 45.82,
2003,30, 0.342,286.76, 60.28, 32.37, 46.33,
2003,31, 0.337,285.90, 59.61, 34.33, 46.97,
2003,32, 0.336,285.41, 59.67, 36.42, 48.05,
2003,33, 0.334,284.92, 58.20, 41.09, 49.65,
2003,34, 0.333,284.66, 57.25, 44.45, 50.85,
2003,35, 0.321,283.34, 53.66, 51.98, 52.82,
2003,36, 0.318,283.19, 52.66, 52.32, 52.49,
2003,37, 0.319,283.70, 52.74, 49.36, 51.05,
2003,38, 0.319,284.01, 52.58, 47.22, 49.90,
2003,39, 0.321,284.60, 53.17, 44.71, 48.94,
2003,40, 0.325,285.41, 53.95, 42.61, 48.28,
2003,41, 0.335,286.72, 56.42, 39.64, 48.03,
2003,42, 0.342,287.75, 57.23, 37.87, 47.55,
2003,43, 0.344,288.31, 57.44, 37.59, 47.52,
2003,44, 0.346,288.73, 57.85, 38.14, 47.99,
2003,45, 0.351,289.35, 59.53, 36.61, 48.07,
2003,46, 0.357,290.43, 61.55, 31.68, 46.61,
2003,47, 0.354,290.63, 60.72, 31.77, 46.24,
2003,48, 0.343,289.96, 57.37, 35.74, 46.55,
2003,49, 0.332,289.54, 54.49, 38.65, 46.57,
2003,50, 0.328,289.62, 52.99, 41.96, 47.48,
2003,51, 0.328,289.68, 53.72, 41.99, 47.85,
2003,52, 0.337,290.26, 57.97, 38.92, 48.45,
2004, 1, 0.353,291.19, 65.08, 33.52, 49.30,
2004, 2,-1.000, -1.00, -1.00, -1.00, -1.00,
2004, 3,-1.000, -1.00, -1.00, -1.00, -1.00,
2004, 4,-1.000, -1.00, -1.00, -1.00, -1.00,
2004, 5, 0.363,292.19, 66.40, 38.43, 52.41,
2004, 6, 0.358,292.13, 63.72, 42.06, 52.89,
2004, 7, 0.355,292.01, 61.45, 45.76, 53.61,
2004, 8, 0.352,291.72, 59.58, 50.64, 55.11,
2004, 9, 0.352,291.43, 59.23, 54.74, 56.98,
2004,10, 0.345,290.68, 56.21, 60.31, 58.26,
2004,11,-1.000, -1.00, -1.00, -1.00, -1.00,
2004,12,-1.000, -1.00, -1.00, -1.00, -1.00,
2004,13,-1.000, -1.00, -1.00, -1.00, -1.00,
2004,14,-1.000, -1.00, -1.00, -1.00, -1.00,
2004,15,-1.000, -1.00, -1.00, -1.00, -1.00,
2004,16,-1.000, -1.00, -1.00, -1.00, -1.00,
2004,17,-1.000, -1.00, -1.00, -1.00, -1.00,
2004,18,-1.000, -1.00, -1.00, -1.00, -1.00,
2004,19,-1.000, -1.00, -1.00, -1.00, -1.00,
2004,20,-1.000, -1.00, -1.00, -1.00, -1.00,
2004,21,-1.000, -1.00, -1.00, -1.00, -1.00,
2004,22,-1.000, -1.00, -1.00, -1.00, -1.00,
2004,23,-1.000, -1.00, -1.00, -1.00, -1.00,
2004,24,-1.000, -1.00, -1.00, -1.00, -1.00,
2004,25, 0.313,283.42, 46.72, 61.04, 53.88,
2004,26, 0.310,283.30, 46.86, 57.68, 52.27,
2004,27, 0.318,284.30, 50.48, 50.60, 50.54,
2004,28, 0.320,284.56, 51.75, 45.99, 48.87,
2004,29,-1.000, -1.00, -1.00, -1.00, -1.00,
2004,30, 0.310,283.89, 49.68, 43.44, 46.56,
2004,31, 0.305,283.71, 49.04, 42.50, 45.77,
2004,32, 0.307,284.07, 49.91, 41.00, 45.46,
2004,33, 0.315,285.00, 51.92, 39.69, 45.81,
2004,34, 0.329,286.21, 55.99, 36.48, 46.24,
2004,35, 0.344,287.58, 61.81, 30.54, 46.18,
2004,36, 0.354,288.11, 65.85, 27.78, 46.82,
2004,37, 0.361,288.81, 68.20, 24.21, 46.21,
2004,38, 0.364,289.22, 69.52, 21.78, 45.65,
2004,39, 0.369,290.03, 70.93, 18.34, 44.63,
2004,40, 0.373,290.82, 71.62, 16.57, 44.10,
2004,41, 0.377,291.52, 71.82, 16.53, 44.17,
2004,42, 0.382,292.16, 71.56, 15.55, 43.55,
2004,43, 0.386,292.52, 72.43, 15.52, 43.98,
2004,44, 0.387,292.77, 72.57, 16.09, 44.33,
2004,45, 0.384,292.74, 71.10, 17.50, 44.30,
2004,46, 0.374,292.14, 67.38, 22.05, 44.71,
2004,47, 0.371,292.15, 66.40, 23.14, 44.77,
2004,48, 0.370,292.47, 67.34, 21.92, 44.63,
2004,49, 0.365,292.26, 66.52, 23.97, 45.24,
2004,50, 0.360,292.02, 64.75, 28.32, 46.53,
2004,51, 0.363,292.30, 66.05, 27.98, 47.02,
2004,52, 0.367,292.69, 68.11, 26.75, 47.43,
2005, 1, 0.370,292.90, 71.21, 26.06, 48.63,
2005, 2, 0.372,293.15, 72.42, 25.58, 49.00,
2005, 3, 0.378,293.88, 73.82, 23.71, 48.77,
2005, 4, 0.383,294.65, 74.52, 22.72, 48.62,
2005, 5, 0.386,295.30, 74.06, 22.87, 48.47,
2005, 6, 0.386,295.64, 72.63, 24.26, 48.44,
2005, 7, 0.388,296.20, 72.11, 24.74, 48.43,
2005, 8, 0.393,296.95, 72.44, 24.37, 48.40,
2005, 9, 0.392,297.36, 71.62, 25.32, 48.47,
2005,10, 0.386,297.36, 68.71, 28.13, 48.42,
2005,11, 0.379,297.37, 65.48, 30.57, 48.03,
2005,12, 0.373,297.44, 62.71, 32.46, 47.59,
2005,13, 0.365,297.39, 59.62, 33.29, 46.45,
2005,14, 0.361,297.39, 58.08, 31.85, 44.97,
2005,15, 0.359,297.49, 58.17, 28.72, 43.44,
2005,16, 0.354,297.26, 57.20, 27.22, 42.21,
2005,17, 0.350,296.81, 56.24, 26.20, 41.22,
2005,18, 0.345,295.96, 55.53, 26.27, 40.90,
2005,19, 0.337,294.36, 52.99, 32.21, 42.60,
2005,20, 0.332,293.01, 50.97, 36.94, 43.96,
2005,21, 0.333,292.12, 51.40, 37.78, 44.59,
2005,22, 0.333,290.92, 51.26, 39.20, 45.23,
2005,23, 0.329,289.59, 50.60, 40.39, 45.49,
2005,24, 0.328,288.67, 51.14, 40.32, 45.73,
2005,25, 0.328,287.82, 51.97, 41.68, 46.83,
2005,26, 0.327,287.11, 52.74, 41.72, 47.23,
2005,27, 0.323,286.57, 52.00, 40.76, 46.38,
2005,28, 0.313,285.48, 49.18, 42.96, 46.07,
2005,29, 0.300,283.71, 45.70, 48.49, 47.10,
2005,30, 0.295,283.38, 44.57, 46.55, 45.56,
2005,31, 0.290,282.91, 44.03, 46.30, 45.16,
2005,32, 0.291,283.15, 44.99, 45.12, 45.05,
2005,33, 0.301,284.13, 47.42, 43.50, 45.46,
2005,34, 0.315,285.31, 51.21, 40.39, 45.80,
2005,35, 0.325,286.28, 55.22, 36.84, 46.03,
2005,36, 0.330,286.75, 57.38, 34.51, 45.95,
2005,37, 0.337,287.47, 59.25, 31.24, 45.24,
2005,38, 0.343,288.09, 61.43, 28.39, 44.91,
2005,39, 0.351,288.83, 64.02, 25.64, 44.83,
2005,40, 0.358,289.88, 66.17, 21.52, 43.84,
2005,41, 0.363,290.65, 67.14, 20.37, 43.76,
2005,42, 0.357,290.18, 63.12, 26.27, 44.69,
2005,43, 0.350,289.67, 60.05, 32.29, 46.17,
2005,44, 0.345,289.51, 57.56, 35.99, 46.77,
2005,45, 0.340,289.41, 55.63, 37.68, 46.66,
2005,46, 0.330,288.82, 51.72, 41.76, 46.74,
2005,47, 0.318,288.28, 47.93, 45.52, 46.73,
2005,48, 0.304,287.44, 44.00, 49.42, 46.71,
2005,49, 0.293,287.03, 41.72, 51.81, 46.77,
2005,50, 0.283,286.60, 38.05, 58.44, 48.25,
2005,51, 0.280,286.73, 37.81, 58.10, 47.95,
2005,52, 0.283,287.18, 39.97, 55.78, 47.88,
2006, 1, 0.289,287.92, 45.18, 50.83, 48.01,
2006, 2, 0.300,288.95, 50.29, 45.14, 47.71,
2006, 3, 0.306,289.33, 51.86, 44.90, 48.38,
2006, 4, 0.310,289.61, 52.12, 46.98, 49.55,
2006, 5, 0.322,290.76, 54.75, 45.60, 50.17,
2006, 6, 0.334,291.72, 57.28, 44.05, 50.66,
2006, 7, 0.345,292.56, 59.67, 42.91, 51.29,
2006, 8, 0.357,293.53, 62.98, 41.62, 52.30,
2006, 9, 0.368,294.22, 66.55, 41.16, 53.86,
2006,10, 0.378,294.87, 69.21, 40.88, 55.05,
2006,11, 0.388,295.64, 72.00, 39.32, 55.66,
2006,12, 0.392,296.16, 73.18, 38.78, 55.98,
2006,13, 0.395,296.42, 73.75, 38.38, 56.06,
2006,14, 0.396,296.51, 73.91, 36.72, 55.32,
2006,15, 0.396,296.66, 74.49, 32.80, 53.65,
2006,16, 0.394,296.60, 73.90, 30.67, 52.29,
2006,17, 0.388,296.20, 72.07, 29.71, 50.89,
2006,18, 0.382,295.59, 70.48, 28.30, 49.39,
2006,19, 0.374,294.72, 68.02, 29.46, 48.74,
2006,20, 0.368,293.87, 65.34, 30.84, 48.09,
2006,21, 0.365,293.03, 63.85, 31.95, 47.90,
2006,22, 0.358,291.81, 61.46, 34.05, 47.76,
2006,23, 0.352,290.73, 59.65, 34.33, 46.99,
2006,24, 0.347,289.81, 58.51, 34.61, 46.56,
2006,25, 0.336,288.41, 54.79, 39.35, 47.07,
2006,26, 0.322,286.67, 50.20, 45.71, 47.96,
2006,27, 0.314,285.64, 47.87, 47.72, 47.79,
2006,28, 0.308,284.67, 46.40, 48.80, 47.60,
2006,29, 0.305,284.09, 46.47, 47.77, 47.12,
2006,30, 0.300,283.59, 45.87, 46.59, 46.23,
2006,31, 0.302,283.86, 47.84, 42.31, 45.08,
2006,32, 0.309,284.81, 50.81, 37.42, 44.11,
2006,33, 0.320,286.21, 53.77, 33.43, 43.60,
2006,34, 0.330,287.42, 56.69, 29.98, 43.33,
2006,35, 0.337,288.29, 59.46, 26.59, 43.02,
2006,36, 0.336,288.49, 59.64, 25.74, 42.69,
2006,37, 0.330,288.43, 57.18, 26.35, 41.76,
2006,38, 0.318,287.87, 52.35, 29.15, 40.75,
2006,39, 0.314,288.07, 50.33, 28.91, 39.62,
2006,40, 0.320,289.09, 51.64, 25.24, 38.44,
2006,41, 0.332,290.32, 55.06, 21.51, 38.28,
2006,42, 0.345,291.28, 58.17, 18.88, 38.52,
2006,43, 0.360,292.24, 63.55, 15.58, 39.56,
2006,44, 0.374,292.99, 68.42, 13.66, 41.04,
2006,45, 0.382,293.45, 70.93, 12.93, 41.93,
2006,46, 0.383,293.47, 70.80, 13.91, 42.36,
2006,47, 0.380,293.28, 69.79, 16.15, 42.97,
2006,48, 0.378,293.60, 70.23, 15.18, 42.70,
2006,49, 0.371,293.81, 68.86, 15.00, 41.93,
2006,50, 0.351,292.98, 61.31, 22.37, 41.84,
2006,51, 0.333,292.33, 55.62, 27.44, 41.53,
2006,52, 0.322,291.99, 52.89, 29.95, 41.42,
2007, 1, 0.319,291.91, 54.79, 30.00, 42.40,
2007, 2, 0.323,292.07, 57.09, 29.56, 43.32,
2007, 3, 0.331,292.30, 59.26, 30.33, 44.79,
2007, 4, 0.345,292.94, 63.07, 30.50, 46.79,
2007, 5, 0.359,293.56, 65.87, 31.39, 48.63,
2007, 6, 0.368,294.13, 67.16, 31.91, 49.53,
2007, 7, 0.374,294.69, 68.01, 32.25, 50.13,
2007, 8, 0.376,294.83, 67.44, 35.21, 51.33,
2007, 9, 0.381,295.64, 68.50, 34.30, 51.40,
2007,10, 0.384,296.60, 68.59, 32.41, 50.50,
2007,11, 0.379,296.83, 65.79, 33.79, 49.79,
2007,12, 0.375,297.16, 63.95, 34.23, 49.09,
2007,13, 0.371,297.40, 62.18, 33.25, 47.72,
2007,14, 0.367,297.43, 60.60, 31.59, 46.10,
2007,15, 0.364,297.40, 60.23, 29.16, 44.69,
2007,16, 0.364,297.35, 60.84, 26.72, 43.78,
2007,17, 0.362,296.94, 60.98, 25.60, 43.29,
2007,18, 0.360,296.26, 61.56, 24.96, 43.26,
2007,19, 0.363,295.67, 63.21, 24.61, 43.91,
2007,20, 0.367,295.17, 64.59, 23.74, 44.17,
2007,21, 0.369,294.41, 65.38, 24.04, 44.71,
2007,22, 0.374,293.77, 67.33, 22.62, 44.98,
2007,23, 0.377,293.22, 69.34, 19.61, 44.48,
2007,24, 0.375,292.35, 69.41, 19.63, 44.52,
2007,25, 0.376,291.84, 70.22, 19.24, 44.73,
2007,26, 0.378,291.48, 71.57, 18.11, 44.84,
2007,27, 0.379,291.09, 72.10, 17.49, 44.79,
2007,28, 0.378,290.85, 72.14, 16.71, 44.42,
2007,29, 0.378,290.69, 72.22, 16.01, 44.11,
2007,30, 0.373,290.05, 71.15, 17.31, 44.23,
2007,31, 0.362,288.97, 68.61, 20.59, 44.60,
2007,32, 0.352,288.19, 65.42, 23.68, 44.55,
2007,33, 0.347,287.84, 62.69, 26.82, 44.76,
2007,34, 0.344,287.69, 61.02, 29.26, 45.14,
2007,35, 0.339,287.45, 59.70, 31.37, 45.53,
2007,36, 0.329,286.74, 56.50, 35.50, 46.00,
2007,37, 0.319,285.88, 52.15, 40.68, 46.41,
2007,38, 0.319,286.03, 51.85, 40.38, 46.11,
2007,39, 0.318,286.00, 51.28, 41.79, 46.54,
2007,40, 0.318,286.10, 50.55, 43.33, 46.94,
2007,41, 0.321,286.80, 50.62, 43.38, 47.00,
2007,42, 0.323,287.47, 49.29, 43.70, 46.49,
2007,43, 0.317,287.16, 46.36, 48.02, 47.19,
2007,44, 0.307,286.45, 42.35, 53.92, 48.13,
2007,45, 0.302,286.29, 40.28, 56.26, 48.27,
2007,46, 0.305,286.99, 41.89, 53.10, 47.50,
2007,47, 0.309,287.79, 44.22, 48.53, 46.37,
2007,48, 0.310,288.30, 46.04, 44.99, 45.52,
2007,49, 0.311,288.55, 47.32, 44.73, 46.02,
2007,50, 0.312,288.85, 47.45, 47.68, 47.56,
2007,51, 0.310,288.88, 47.53, 47.72, 47.63,
2007,52, 0.301,288.00, 45.92, 51.98, 48.95,
2008, 1, 0.300,287.57, 48.83, 52.81, 50.82,
2008, 2, 0.314,288.91, 55.21, 46.28, 50.74,
2008, 3, 0.327,289.95, 59.39, 43.27, 51.33,
2008, 4, 0.335,290.56, 61.15, 44.12, 52.64,
2008, 5, 0.336,290.73, 59.68, 48.31, 53.99,
2008, 6, 0.329,290.42, 55.90, 54.04, 54.97,
2008, 7, 0.321,290.06, 51.55, 59.15, 55.35,
2008, 8, 0.317,289.83, 49.10, 63.26, 56.18,
2008, 9, 0.320,290.11, 49.37, 64.77, 57.07,
2008,10, 0.334,291.15, 53.16, 63.28, 58.22,
2008,11, 0.351,292.35, 58.04, 60.40, 59.22,
2008,12, 0.362,293.22, 61.64, 58.48, 60.06,
2008,13, 0.366,293.26, 62.55, 59.51, 61.03,
2008,14, 0.371,293.61, 63.81, 57.29, 60.55,
2008,15, 0.371,293.80, 64.42, 53.21, 58.82,
2008,16, 0.365,293.13, 62.71, 54.54, 58.63,
2008,17, 0.357,292.26, 60.10, 55.92, 58.01,
2008,18, 0.348,291.26, 57.45, 56.58, 57.01,
2008,19, 0.342,290.49, 55.61, 57.59, 56.60,
2008,20, 0.345,290.44, 56.43, 54.05, 55.24,
2008,21, 0.351,290.50, 58.40, 49.59, 54.00,
2008,22, 0.355,290.45, 60.13, 43.87, 52.00,
2008,23, 0.354,290.01, 60.30, 39.61, 49.95,
2008,24, 0.357,289.99, 62.35, 34.22, 48.29,
2008,25, 0.360,289.90, 63.74, 31.02, 47.38,
2008,26, 0.359,289.65, 63.81, 28.56, 46.19,
2008,27, 0.358,289.55, 63.84, 25.87, 44.86,
2008,28, 0.360,289.62, 65.02, 23.04, 44.03,
2008,29, 0.361,289.51, 65.88, 21.63, 43.75,
2008,30, 0.360,289.24, 66.17, 20.99, 43.58,
2008,31, 0.358,288.99, 67.01, 20.47, 43.74,
2008,32, 0.363,289.24, 69.02, 19.26, 44.14,
2008,33, 0.367,289.47, 69.83, 19.83, 44.83,
2008,34, 0.367,289.36, 68.90, 21.89, 45.40,
2008,35, 0.364,289.13, 68.54, 23.55, 46.04,
2008,36, 0.360,288.76, 67.47, 25.26, 46.37,
2008,37, 0.358,288.82, 66.48, 25.39, 45.93,
2008,38, 0.360,289.21, 66.93, 23.84, 45.38,
2008,39, 0.364,289.78, 68.59, 21.42, 45.00,
2008,40, 0.368,290.33, 69.60, 19.71, 44.66,
2008,41, 0.368,290.69, 68.79, 20.92, 44.85,
2008,42, 0.363,290.52, 65.21, 24.36, 44.78,
2008,43, 0.359,290.35, 63.32, 27.35, 45.33,
2008,44, 0.358,290.50, 62.09, 28.50, 45.29,
2008,45, 0.349,290.10, 58.62, 32.88, 45.75,
2008,46, 0.342,289.67, 55.61, 36.87, 46.24,
2008,47, 0.335,289.41, 53.44, 39.19, 46.32,
2008,48, 0.329,289.21, 52.63, 40.16, 46.39,
2008,49, 0.317,288.60, 49.43, 44.05, 46.74,
2008,50, 0.304,287.88, 44.51, 52.54, 48.52,
2008,51, 0.290,286.98, 40.93, 57.28, 49.11,
2008,52, 0.281,286.40, 39.57, 59.51, 49.54,
2009, 1, 0.276,286.18, 41.26, 58.32, 49.79,
2009, 2, 0.279,286.56, 43.72, 55.92, 49.82,
2009, 3, 0.290,287.67, 47.31, 52.97, 50.14,
2009, 4, 0.310,289.37, 52.32, 49.53, 50.92,
2009, 5, 0.330,290.91, 56.84, 47.24, 52.04,
2009, 6, 0.345,291.71, 60.11, 46.99, 53.55,
2009, 7, 0.357,292.36, 62.99, 46.67, 54.83,
2009, 8, 0.366,292.95, 65.17, 46.81, 55.99,
2009, 9, 0.374,293.63, 67.28, 45.94, 56.61,
2009,10, 0.381,294.45, 69.31, 44.60, 56.96,
2009,11, 0.387,294.99, 70.62, 44.71, 57.66,
2009,12, 0.385,294.94, 69.55, 47.65, 58.60,
2009,13, 0.380,294.77, 67.62, 50.21, 58.91,
2009,14, 0.377,294.58, 66.39, 50.95, 58.67,
2009,15, 0.370,293.80, 63.82, 53.98, 58.90,
2009,16, 0.363,293.06, 61.43, 56.51, 58.97,
2009,17, 0.360,292.65, 61.01, 55.21, 58.11,
2009,18, 0.360,292.32, 62.06, 51.88, 56.97,
2009,19, 0.364,292.16, 63.97, 48.84, 56.41,
2009,20, 0.364,291.78, 63.55, 47.19, 55.37,
2009,21, 0.361,291.08, 61.85, 47.57, 54.71,
2009,22, 0.357,290.45, 60.32, 45.12, 52.72,
2009,23, 0.356,290.16, 60.31, 39.59, 49.95,
2009,24, 0.349,289.47, 58.55, 37.80, 48.17,
2009,25, 0.345,289.17, 57.63, 35.27, 46.45,
2009,26, 0.343,289.12, 57.78, 31.10, 44.44,
2009,27, 0.339,288.95, 57.13, 28.66, 42.89,
2009,28, 0.330,288.28, 54.47, 29.77, 42.12,
2009,29, 0.321,287.67, 52.17, 30.47, 41.32,
2009,30, 0.323,288.16, 53.99, 25.62, 39.80,
2009,31, 0.332,289.11, 58.27, 19.40, 38.83,
2009,32, 0.333,289.25, 59.16, 18.45, 38.81,
2009,33, 0.336,289.44, 59.00, 18.93, 38.97,
2009,34, 0.337,289.57, 58.71, 19.82, 39.27,
2009,35, 0.335,289.43, 58.31, 20.73, 39.52,
2009,36, 0.328,288.92, 56.27, 23.33, 39.80,
2009,37, 0.318,288.24, 51.89, 27.18, 39.54,
2009,38, 0.315,288.19, 49.92, 28.01, 38.96,
2009,39, 0.320,288.73, 51.53, 26.21, 38.87,
2009,40, 0.321,288.59, 51.10, 29.40, 40.25,
2009,41, 0.330,289.17, 53.25, 30.20, 41.72,
2009,42, 0.345,290.53, 57.44, 25.82, 41.63,
2009,43, 0.359,291.68, 62.04, 20.29, 41.17,
2009,44, 0.366,292.44, 64.63, 16.55, 40.59,
2009,45, 0.364,292.42, 63.59, 18.11, 40.85,
2009,46, 0.366,292.82, 63.91, 17.00, 40.45,
2009,47, 0.365,293.08, 63.60, 16.39, 40.00,
2009,48, 0.361,293.02, 63.04, 17.53, 40.28,
2009,49, 0.363,293.35, 64.26, 16.78, 40.52,
2009,50, 0.365,293.61, 64.67, 17.86, 41.27,
2009,51, 0.361,293.44, 63.51, 20.33, 41.92,
2009,52, 0.354,293.05, 61.98, 23.37, 42.68,
2010, 1, 0.344,292.31, 60.59, 27.06, 43.83,
2010, 2, 0.347,292.60, 62.60, 25.79, 44.20,
2010, 3, 0.361,293.82, 67.05, 21.74, 44.40,
2010, 4, 0.374,294.79, 70.78, 19.99, 45.39,
2010, 5, 0.392,296.01, 75.21, 17.68, 46.44,
2010, 6, 0.404,296.97, 77.69, 16.24, 46.97,
2010, 7, 0.409,297.78, 78.31, 15.72, 47.01,
2010, 8, 0.409,298.30, 77.23, 16.66, 46.95,
2010, 9, 0.404,298.69, 74.87, 17.79, 46.33,
2010,10, 0.396,298.83, 71.18, 19.63, 45.40,
2010,11, 0.387,298.81, 67.32, 21.96, 44.64,
2010,12, 0.377,298.69, 63.51, 24.43, 43.97,
2010,13, 0.370,298.57, 60.44, 25.41, 42.93,
2010,14, 0.363,298.36, 58.05, 25.29, 41.67,
2010,15, 0.362,298.19, 58.16, 24.15, 41.15,
2010,16, 0.364,298.16, 59.69, 22.12, 40.91,
2010,17, 0.366,298.03, 61.28, 19.44, 40.36,
2010,18, 0.366,297.67, 62.47, 16.81, 39.64,
2010,19, 0.365,297.15, 62.64, 15.65, 39.14,
2010,20, 0.365,296.52, 62.44, 15.41, 38.92,
2010,21, 0.367,295.90, 63.39, 14.41, 38.90,
2010,22, 0.369,295.22, 64.17, 13.42, 38.79,
2010,23, 0.369,294.25, 64.98, 13.44, 39.21,
2010,24, 0.368,293.26, 65.83, 14.35, 40.09,
2010,25, 0.367,292.23, 66.29, 17.05, 41.67,
2010,26, 0.369,291.57, 67.35, 17.66, 42.51,
2010,27, 0.367,290.96, 67.30, 18.34, 42.82,
2010,28, 0.361,289.85, 65.45, 22.27, 43.86,
2010,29, 0.356,288.94, 64.06, 25.01, 44.54,
2010,30, 0.351,288.16, 63.16, 26.57, 44.87,
2010,31, 0.352,287.95, 64.71, 25.57, 45.14,
2010,32, 0.354,287.88, 66.00, 25.55, 45.78,
2010,33, 0.361,288.13, 67.77, 26.10, 46.93,
2010,34, 0.369,288.45, 69.89, 26.18, 48.04,
2010,35, 0.378,289.05, 73.42, 23.55, 48.49,
2010,36, 0.383,289.44, 75.83, 21.67, 48.75,
2010,37, 0.384,289.56, 76.12, 21.42, 48.77,
2010,38, 0.382,289.59, 75.47, 21.86, 48.66,
2010,39, 0.380,289.84, 74.56, 21.42, 47.99,
2010,40, 0.375,289.91, 72.09, 22.39, 47.24,
2010,41, 0.365,289.65, 67.58, 27.21, 47.39,
2010,42, 0.360,289.71, 63.58, 30.74, 47.16,
2010,43, 0.355,289.85, 61.46, 32.62, 47.04,
2010,44, 0.357,290.38, 61.49, 31.76, 46.62,
2010,45, 0.353,290.44, 60.41, 32.55, 46.48,
2010,46, 0.349,290.30, 59.06, 33.84, 46.45,
2010,47, 0.344,290.26, 57.74, 34.53, 46.14,
2010,48, 0.336,290.02, 55.98, 36.05, 46.01,
2010,49, 0.325,289.35, 53.23, 40.42, 46.82,
2010,50, 0.313,288.55, 48.67, 48.83, 48.75,
2010,51, 0.304,288.15, 46.57, 50.95, 48.76,
2010,52, 0.296,287.71, 45.50, 52.83, 49.16,
2011, 1, 0.288,286.97, 45.77, 54.57, 50.17,
2011, 2, 0.281,286.31, 45.09, 56.96, 51.02,
2011, 3, 0.279,286.20, 44.38, 59.33, 51.86,
2011, 4, 0.284,286.56, 44.86, 61.57, 53.21,
2011, 5, 0.288,286.77, 44.41, 65.24, 54.83,
2011, 6, 0.292,287.06, 43.83, 67.40, 55.62,
2011, 7, 0.299,287.70, 44.78, 67.57, 56.17,
2011, 8, 0.305,288.43, 45.83, 67.93, 56.88,
2011, 9, 0.301,288.35, 43.67, 71.34, 57.51,
2011,10, 0.294,287.84, 39.91, 76.79, 58.35,
2011,11, 0.288,287.56, 36.70, 81.32, 59.01,
2011,12, 0.293,288.30, 36.64, 81.85, 59.24,
2011,13, 0.300,289.23, 37.66, 79.43, 58.54,
2011,14, 0.306,289.81, 38.47, 76.28, 57.37,
2011,15, 0.314,290.42, 41.35, 70.71, 56.03,
2011,16, 0.320,290.99, 44.57, 65.12, 54.84,
2011,17, 0.323,291.03, 46.62, 61.46, 54.04,
2011,18, 0.323,290.39, 47.50, 60.65, 54.07,
2011,19, 0.328,290.39, 49.77, 57.30, 53.54,
2011,20, 0.334,290.51, 51.82, 52.26, 52.04,
2011,21, 0.336,290.21, 52.38, 50.21, 51.30,
2011,22, 0.332,289.46, 51.01, 49.00, 50.01,
2011,23, 0.324,288.40, 48.70, 49.05, 48.87,
2011,24, 0.317,287.61, 46.91, 48.52, 47.72,
2011,25, 0.315,287.35, 46.52, 46.13, 46.33,
2011,26, 0.314,287.04, 46.98, 43.61, 45.30,
2011,27, 0.308,286.28, 45.57, 44.41, 44.99,
2011,28, 0.307,285.91, 45.86, 43.40, 44.63,
2011,29, 0.309,286.10, 47.95, 39.33, 43.64,
2011,30, 0.311,286.13, 49.55, 36.44, 42.99,
2011,31, 0.310,285.79, 50.56, 35.57, 43.07,
2011,32, 0.311,285.72, 50.91, 35.13, 43.02,
2011,33, 0.318,286.30, 52.31, 34.61, 43.46,
2011,34, 0.324,286.67, 53.94, 34.73, 44.33,
2011,35, 0.330,287.02, 56.18, 34.19, 45.18,
2011,36, 0.330,286.84, 56.20, 35.65, 45.92,
2011,37, 0.330,287.09, 55.64, 35.06, 45.35,
2011,38, 0.332,287.58, 56.21, 32.81, 44.51,
2011,39, 0.335,287.95, 57.14, 31.38, 44.26,
2011,40, 0.337,288.37, 57.56, 30.99, 44.27,
2011,41, 0.350,289.64, 61.26, 27.66, 44.46,
2011,42, 0.359,290.73, 63.28, 24.08, 43.68,
2011,43, 0.366,291.51, 65.42, 20.70, 43.06,
2011,44, 0.370,291.97, 66.31, 19.69, 43.00,
2011,45, 0.365,291.91, 64.38, 21.36, 42.87,
2011,46, 0.358,291.79, 61.78, 23.25, 42.51,
2011,47, 0.353,291.53, 60.13, 25.95, 43.04,
2011,48, 0.353,291.68, 61.49, 25.93, 43.71,
2011,49, 0.353,291.74, 62.57, 26.88, 44.72,
2011,50, 0.348,291.42, 60.56, 32.58, 46.57,
2011,51, 0.343,291.21, 59.55, 35.10, 47.32,
2011,52, 0.337,290.73, 58.71, 38.64, 48.68,
2012, 1, 0.337,290.71, 61.28, 38.13, 49.71,
2012, 2, 0.340,290.95, 63.45, 36.73, 50.09,
2012, 3, 0.338,290.49, 62.72, 40.72, 51.72,
2012, 4, 0.341,290.54, 62.75, 43.81, 53.28,
2012, 5, 0.345,290.86, 62.32, 46.36, 54.34,
2012, 6, 0.346,290.84, 60.96, 49.88, 55.42,
2012, 7, 0.351,291.18, 61.47, 51.33, 56.40,
2012, 8, 0.356,291.53, 62.10, 52.92, 57.51,
2012, 9, 0.361,291.95, 63.39, 54.09, 58.74,
2012,10, 0.363,292.12, 63.18, 56.73, 59.96,
2012,11, 0.364,292.29, 62.57, 59.47, 61.02,
2012,12, 0.367,292.69, 62.84, 60.52, 61.68,
2012,13, 0.368,292.80, 62.65, 61.58, 62.12,
2012,14, 0.375,293.46, 65.46, 57.51, 61.49,
2012,15, 0.380,293.83, 68.04, 52.35, 60.19,
2012,16, 0.379,293.57, 68.13, 50.80, 59.47,
2012,17, 0.374,293.14, 66.99, 49.50, 58.25,
2012,18, 0.368,292.43, 65.38, 48.76, 57.07,
2012,19, 0.361,291.55, 63.02, 50.25, 56.64,
2012,20, 0.356,290.67, 60.25, 51.17, 55.71,
2012,21, 0.352,289.78, 58.36, 51.24, 54.80,
2012,22, 0.358,290.56, 60.78, 42.59, 51.69,
2012,23, 0.358,290.32, 61.26, 37.56, 49.41,
2012,24, 0.358,290.08, 61.92, 33.52, 47.72,
2012,25, 0.356,289.71, 61.69, 32.08, 46.88,
2012,26, 0.351,289.09, 60.63, 31.66, 46.14,
2012,27, 0.343,288.85, 58.65, 29.85, 44.25,
2012,28, 0.333,288.05, 55.72, 31.25, 43.49,
2012,29, 0.327,287.66, 54.60, 30.79, 42.69,
2012,30, 0.326,287.66, 54.94, 28.74, 41.84,
2012,31, 0.328,287.77, 56.90, 26.20, 41.55,
2012,32, 0.329,287.71, 57.72, 25.92, 41.82,
2012,33, 0.328,287.56, 56.14, 28.54, 42.34,
2012,34, 0.328,287.64, 55.54, 30.16, 42.85,
2012,35, 0.327,287.66, 55.42, 30.86, 43.14,
2012,36, 0.320,287.13, 52.76, 34.11, 43.44,
2012,37, 0.311,286.46, 48.58, 38.37, 43.47,
2012,38, 0.308,286.60, 47.12, 37.81, 42.46,
2012,39, 0.307,286.83, 46.52, 37.11, 41.81,
2012,40, 0.312,287.46, 47.57, 35.30, 41.43,
2012,41, 0.321,288.53, 50.11, 32.81, 41.46,
2012,42, 0.333,289.63, 52.94, 29.29, 41.11,
2012,43, 0.346,290.69, 57.64, 24.73, 41.19,
2012,44, 0.357,291.47, 61.30, 21.77, 41.54,
2012,45, 0.366,292.23, 64.64, 19.14, 41.89,
2012,46, 0.373,292.79, 66.61, 17.55, 42.08,
2012,47, 0.379,293.37, 68.67, 15.67, 42.17,
2012,48, 0.384,293.91, 71.12, 13.57, 42.34,
2012,49, 0.379,293.75, 70.42, 15.35, 42.88,
2012,50, 0.370,293.41, 67.30, 19.85, 43.58,
2012,51, 0.359,293.05, 63.98, 23.45, 43.72,
2012,52, 0.342,292.20, 59.47, 28.75, 44.11,
2013, 1, 0.353,290.90, 63.67, 33.93, 48.79,
2013, 2, 0.351,290.56, 63.99, 35.08, 49.52,
2013, 3, 0.353,290.69, 64.51, 35.43, 49.96,
2013, 4, 0.366,291.83, 68.05, 34.05, 51.05,
2013, 5, 0.375,292.75, 69.79, 33.64, 51.72,
2013, 6, 0.382,293.46, 71.01, 34.10, 52.56,
2013, 7, 0.388,293.93, 71.93, 35.18, 53.57,
2013, 8, 0.396,294.47, 73.37, 36.15, 54.77,
2013, 9, 0.405,295.31, 75.70, 35.33, 55.54,
2013,10, 0.412,295.83, 76.97, 35.68, 56.34,
2013,11, 0.420,295.89, 79.47, 38.25, 58.88,
2013,12, 0.410,295.89, 76.95, 40.07, 58.51,
2013,13, 0.405,295.64, 75.44, 42.33, 58.89,
2013,14, 0.402,295.51, 74.41, 42.79, 58.60,
2013,15, 0.401,295.49, 74.54, 40.63, 57.56,
2013,16, 0.398,295.15, 73.81, 40.03, 56.91,
2013,17, 0.393,294.52, 72.75, 40.45, 56.59,
2013,18, 0.391,294.01, 73.09, 38.49, 55.77,
2013,19, 0.386,293.40, 72.35, 37.64, 54.98,
2013,20, 0.377,292.19, 69.01, 39.97, 54.47,
2013,21, 0.368,290.87, 65.74, 42.70, 54.21,
2013,22, 0.358,289.54, 62.49, 45.19, 53.78,
2013,23, 0.350,288.56, 60.33, 44.07, 52.09,
2013,24, 0.340,287.53, 58.10, 43.95, 50.88,
2013,25, 0.331,286.33, 55.43, 46.60, 50.77,
2013,26, 0.329,285.66, 55.68, 45.80, 50.53,
2013,27, 0.330,285.50, 56.77, 43.74, 50.02,
2013,28, 0.333,285.36, 58.23, 41.27, 49.47,
2013,29, 0.333,285.00, 58.61, 40.74, 49.40,
2013,30, 0.331,284.53, 58.24, 40.80, 49.28,
2013,31, 0.334,284.48, 59.78, 38.96, 49.18,
2013,32, 0.335,284.56, 60.24, 38.24, 49.08,
2013,33, 0.335,284.77, 59.60, 39.53, 49.43,
2013,34, 0.337,285.20, 59.57, 39.53, 49.44,
2013,35, 0.338,285.60, 59.65, 39.44, 49.42,
2013,36, 0.334,285.72, 58.77, 39.62, 49.06,
2013,37, 0.325,285.18, 55.07, 42.61, 48.73,
2013,38, 0.316,284.79, 51.63, 44.47, 47.92,
2013,39, 0.316,285.39, 51.12, 42.75, 46.85,
2013,40, 0.316,286.17, 50.44, 41.28, 45.77,
2013,41, 0.322,287.25, 51.26, 38.92, 45.01,
2013,42, 0.327,288.19, 51.79, 36.23, 43.95,
2013,43, 0.334,288.95, 53.48, 34.85, 44.12,
2013,44, 0.340,289.46, 55.17, 34.71, 44.90,
2013,45, 0.347,289.90, 57.37, 34.01, 45.63,
2013,46, 0.351,290.37, 58.41, 32.51, 45.40,
2013,47, 0.352,290.54, 58.80, 32.73, 45.71,
2013,48, 0.350,290.40, 59.29, 33.60, 46.40,
2013,49, 0.352,290.64, 61.11, 32.64, 46.85,
2013,50, 0.350,290.71, 60.16, 35.88, 48.00,
2013,51, 0.345,290.40, 59.10, 37.74, 48.40,
2013,52, 0.342,290.14, 58.81, 38.83, 48.81,
2014, 1, 0.341,289.85, 60.14, 38.77, 49.44,
2014, 2, 0.345,290.18, 62.35, 36.62, 49.45,
2014, 3, 0.352,290.84, 64.36, 34.83, 49.58,
2014, 4, 0.367,292.22, 68.34, 32.26, 50.29,
2014, 5, 0.379,293.42, 70.94, 30.51, 50.73,
2014, 6, 0.389,294.54, 73.06, 28.53, 50.80,
2014, 7, 0.396,295.49, 74.21, 26.90, 50.56,
2014, 8, 0.401,296.24, 74.64, 26.54, 50.59,
2014, 9, 0.404,296.86, 74.60, 26.58, 50.60,
2014,10, 0.403,296.98, 73.21, 28.90, 51.05,
2014,11, 0.403,296.62, 72.94, 33.70, 53.33,
2014,12, 0.390,296.43, 69.00, 36.67, 52.84,
2014,13, 0.385,296.21, 67.14, 38.93, 53.04,
2014,14, 0.384,296.07, 66.85, 39.36, 53.10,
2014,15, 0.386,296.16, 68.41, 36.90, 52.65,
2014,16, 0.387,296.10, 69.56, 34.81, 52.18,
2014,17, 0.386,295.67, 69.82, 33.74, 51.78,
2014,18, 0.384,295.15, 70.51, 31.75, 51.11,
2014,19, 0.380,294.37, 69.86, 32.02, 50.92,
2014,20, 0.375,293.43, 67.96, 32.89, 50.39,
2014,21, 0.365,292.01, 64.42, 36.68, 50.53,
2014,22, 0.359,291.09, 62.88, 36.75, 49.77,
2014,23, 0.352,290.01, 60.82, 36.82, 48.77,
2014,24, 0.341,288.68, 57.93, 38.60, 48.21,
2014,25, 0.332,287.70, 55.49, 39.73, 47.48,
2014,26, 0.328,286.98, 54.98, 39.02, 46.81,
2014,27, 0.324,286.35, 54.18, 39.29, 46.53,
2014,28, 0.320,285.70, 53.39, 39.53, 46.25,
2014,29, 0.320,285.59, 53.90, 37.79, 45.63,
2014,30, 0.328,286.29, 56.94, 32.51, 44.55,
2014,31, 0.339,287.27, 61.56, 26.38, 43.82,
2014,32, 0.347,287.90, 64.57, 23.62, 43.94,
2014,33, 0.348,287.74, 64.34, 26.29, 45.16,
2014,34, 0.351,287.84, 64.65, 27.46, 45.92,
2014,35, 0.354,288.21, 65.87, 26.58, 46.09,
2014,36, 0.351,287.87, 64.97, 28.50, 46.61,
2014,37, 0.342,287.18, 61.65, 31.76, 46.59,
2014,38, 0.336,287.22, 59.64, 31.14, 45.29,
2014,39, 0.334,287.88, 58.84, 28.72, 43.68,
2014,40, 0.331,288.30, 56.74, 28.60, 42.57,
2014,41, 0.330,288.69, 55.00, 30.08, 42.45,
2014,42, 0.331,289.02, 53.65, 31.12, 42.30,
2014,43, 0.341,290.03, 56.66, 28.19, 42.33,
2014,44, 0.351,290.87, 59.95, 25.39, 42.60,
2014,45, 0.359,291.36, 62.75, 24.01, 43.31,
2014,46, 0.362,291.59, 63.10, 23.94, 43.46,
2014,47, 0.364,291.82, 63.69, 23.95, 43.77,
2014,48, 0.364,291.88, 64.75, 24.35, 44.51,
2014,49, 0.363,291.74, 65.15, 26.23, 45.66,
2014,50, 0.356,291.34, 62.32, 32.18, 47.24,
2014,51, 0.354,291.27, 62.39, 32.94, 47.65,
2014,52, 0.357,291.30, 63.97, 32.99, 48.48,
2015, 1, 0.361,291.22, 66.76, 32.62, 49.69,
2015, 2, 0.367,291.55, 69.39, 30.62, 50.00,
2015, 3, 0.375,292.24, 71.62, 28.74, 50.17,
2015, 4, 0.387,293.50, 74.89, 26.63, 50.75,
2015, 5, 0.392,294.24, 75.28, 27.01, 51.15,
2015, 6, 0.396,294.92, 75.49, 26.94, 51.22,
2015, 7, 0.402,295.75, 76.20, 25.68, 50.94,
2015, 8, 0.405,296.50, 76.22, 25.22, 50.72,
2015, 9, 0.408,297.29, 75.92, 24.44, 50.18,
2015,10, 0.410,298.10, 75.28, 23.12, 49.20,
2015,11, 0.412,298.19, 75.47, 24.98, 50.23,
2015,12, 0.398,298.30, 71.44, 25.80, 48.62,
2015,13, 0.391,298.31, 69.10, 26.56, 47.83,
2015,14, 0.385,298.08, 67.01, 27.34, 47.18,
2015,15, 0.383,297.94, 67.05, 25.99, 46.51,
2015,16, 0.381,297.71, 66.96, 24.50, 45.72,
2015,17, 0.378,297.34, 66.68, 22.86, 44.76,
2015,18, 0.373,296.69, 66.12, 21.71, 43.89,
2015,19, 0.369,295.96, 65.33, 21.35, 43.31,
2015,20, 0.364,295.20, 63.72, 20.69, 42.16,
2015,21, 0.359,294.34, 62.06, 20.55, 41.24,
2015,22, 0.353,293.22, 60.49, 22.05, 41.15,
2015,23, 0.344,291.74, 58.16, 24.42, 41.12,
2015,24, 0.333,290.11, 55.08, 28.33, 41.47,
2015,25, 0.323,288.73, 52.33, 32.11, 41.96,
2015,26, 0.321,287.98, 52.68, 32.06, 42.08,
2015,27, 0.325,287.92, 54.60, 29.57, 41.81,
2015,28, 0.334,288.35, 58.42, 24.92, 41.35,
2015,29, 0.342,288.81, 61.69, 21.15, 41.13,
2015,30, 0.350,289.34, 64.60, 17.45, 40.77,
2015,31, 0.354,289.47, 67.01, 16.04, 41.33,
2015,32, 0.356,289.48, 67.85, 16.24, 41.85,
2015,33, 0.358,289.74, 67.86, 16.09, 41.80,
2015,34, 0.362,290.02, 68.75, 15.50, 41.97,
2015,35, 0.363,290.36, 69.26, 14.70, 41.84,
2015,36, 0.360,290.50, 68.69, 13.97, 41.20,
2015,37, 0.354,290.45, 66.75, 13.58, 40.00,
2015,38, 0.350,290.61, 65.19, 12.58, 38.73,
2015,39, 0.350,291.35, 65.12, 10.01, 37.43,
2015,40, 0.349,292.09, 63.94,  8.37, 36.03,
2015,41, 0.351,292.59, 63.17,  8.70, 35.84,
2015,42, 0.355,292.88, 63.02,  8.70, 35.74,
2015,43, 0.362,293.24, 64.92,  8.58, 36.65,
2015,44, 0.369,293.49, 66.99,  9.28, 38.04,
2015,45, 0.380,293.80, 70.19,  9.36, 39.67,
2015,46, 0.387,294.16, 72.11,  8.67, 40.29,
2015,47, 0.394,294.55, 74.62,  8.04, 41.25,
2015,48, 0.397,294.76, 75.95,  8.28, 42.04,
2015,49, 0.401,295.10, 77.78,  7.41, 42.53,
2015,50, 0.404,295.42, 79.00,  7.27, 43.08,
2015,51, 0.407,295.59, 80.01,  7.81, 43.87,
2015,52, 0.414,296.03, 82.37,  7.13, 44.73,
2016, 1, 0.422,296.37, 85.32,  7.08, 46.19,
2016, 2, 0.424,296.54, 86.25,  8.24, 47.24,
2016, 3, 0.426,296.83, 86.42,  9.58, 48.00,
2016, 4, 0.429,297.16, 86.72, 11.51, 49.12,
2016, 5, 0.425,297.23, 84.97, 14.59, 49.78,
2016, 6, 0.421,297.23, 82.68, 17.78, 50.24,
2016, 7, 0.416,297.19, 80.27, 21.03, 50.66,
2016, 8, 0.414,297.29, 78.39, 23.87, 51.15,
2016, 9, 0.411,297.50, 76.64, 26.34, 51.51,
2016,10, 0.416,298.23, 77.55, 25.54, 51.55,
2016,11, 0.413,299.34, 75.27, 20.55, 47.92,
2016,12, 0.395,299.31, 69.86, 21.59, 45.73,
2016,13, 0.387,299.32, 67.38, 21.61, 44.49,
2016,14, 0.380,298.93, 65.20, 22.85, 44.02,
2016,15, 0.374,298.41, 63.71, 23.66, 43.67,
2016,16, 0.371,297.99, 63.33, 23.03, 43.17,
2016,17, 0.368,297.41, 62.98, 22.77, 42.86,
2016,18, 0.362,296.42, 61.95, 23.86, 42.88,
2016,19, 0.356,295.21, 60.51, 26.80, 43.62,
2016,20, 0.352,293.97, 59.13, 29.48, 44.29,
2016,21, 0.348,292.72, 57.97, 31.86, 44.90,
2016,22, 0.346,291.65, 57.67, 32.66, 45.11,
2016,23, 0.344,290.75, 58.29, 31.02, 44.55,
2016,24, 0.340,289.48, 58.01, 32.28, 44.98,
2016,25, 0.336,288.49, 57.66, 33.62, 45.40,
2016,26, 0.336,287.81, 58.74, 33.16, 45.68,
2016,27, 0.340,287.42, 60.41, 32.25, 46.07,
2016,28, 0.347,287.59, 63.61, 28.34, 45.61,
2016,29, 0.352,287.77, 65.43, 25.79, 45.30,
2016,30, 0.353,287.71, 66.13, 24.85, 45.20,
2016,31, 0.351,287.08, 65.92, 26.70, 46.10,
2016,32, 0.347,286.38, 64.48, 30.08, 47.11,
2016,33, 0.343,285.88, 62.51, 34.55, 48.38,
2016,34, 0.343,285.77, 61.91, 37.03, 49.34,
2016,35, 0.345,285.94, 62.43, 37.97, 50.05,
2016,36, 0.344,286.00, 62.74, 37.83, 50.14,
2016,37, 0.336,285.24, 59.39, 41.54, 50.30,
2016,38, 0.325,284.38, 55.43, 45.95, 50.52,
2016,39, 0.321,284.40, 53.58, 47.51, 50.42,
2016,40, 0.318,284.63, 51.41, 48.84, 50.04,
2016,41, 0.318,285.10, 50.19, 50.40, 50.22,
2016,42, 0.319,285.66, 48.97, 51.05, 49.93,
2016,43, 0.325,286.63, 50.28, 48.44, 49.28,
2016,44, 0.333,287.78, 52.70, 44.07, 48.31,
2016,45, 0.346,289.11, 57.33, 37.58, 47.38,
2016,46, 0.351,289.75, 59.11, 34.93, 46.95,
2016,47, 0.356,290.21, 60.77, 33.44, 47.05,
2016,48, 0.357,290.26, 62.31, 33.32, 47.78,
2016,49, 0.355,290.05, 62.60, 35.51, 49.04,
2016,50, 0.347,289.37, 59.63, 43.50, 51.55,
2016,51, 0.340,288.86, 57.93, 46.10, 52.01,
2016,52, 0.337,288.62, 57.73, 47.10, 52.41,
2017, 1, 0.332,287.92, 58.09, 48.84, 53.46,
2017, 2, 0.331,287.41, 58.55, 50.42, 54.47,
2017, 3, 0.326,286.81, 57.05, 54.19, 55.62,
2017, 4, 0.335,287.53, 59.15, 55.62, 57.39,
2017, 5, 0.342,288.18, 59.81, 57.52, 58.68,
2017, 6, 0.349,288.88, 61.02, 58.04, 59.55,
2017, 7, 0.357,289.56, 62.30, 57.89, 60.11,
2017, 8, 0.367,290.49, 64.53, 56.64, 60.60,
2017, 9, 0.379,291.70, 67.63, 53.38, 60.53,
2017,10, 0.388,292.70, 69.73, 51.48, 60.62,
2017,11, 0.397,293.07, 72.41, 52.94, 62.70,
2017,12, 0.391,293.71, 71.13, 51.98, 61.56,
2017,13, 0.393,294.38, 71.56, 49.75, 60.66,
2017,14, 0.395,294.79, 72.10, 47.44, 59.77,
2017,15, 0.397,295.13, 73.51, 43.14, 58.31,
2017,16, 0.395,294.98, 73.23, 41.18, 57.19,
2017,17, 0.392,294.66, 72.78, 39.55, 56.15,
2017,18, 0.390,294.24, 72.89, 37.02, 54.92,
2017,19, 0.382,293.24, 70.87, 38.77, 54.79,
2017,20, 0.373,291.95, 67.43, 41.64, 54.51,
2017,21, 0.367,291.10, 65.61, 41.48, 53.53,
2017,22, 0.364,290.40, 65.07, 40.20, 52.57,
2017,23, 0.361,289.72, 64.73, 37.54, 51.03,
2017,24, 0.355,288.98, 63.97, 35.74, 49.71,
2017,25, 0.348,288.13, 62.15, 36.20, 48.94,
2017,26, 0.340,287.03, 60.32, 37.80, 48.78,
2017,27, 0.334,286.02, 58.36, 40.27, 49.03,
2017,28, 0.333,285.52, 58.35, 39.85, 48.80,
2017,29, 0.333,285.47, 58.89, 37.71, 48.02,
2017,30, 0.337,285.82, 60.35, 34.19, 47.00,
2017,31, 0.343,286.36, 63.23, 30.10, 46.44,
2017,32, 0.350,286.96, 65.71, 27.60, 46.46,
2017,33, 0.355,287.49, 66.79, 27.17, 46.78,
2017,34, 0.356,287.62, 66.82, 27.96, 47.18,
2017,35, 0.352,287.13, 65.24, 31.91, 48.36,
2017,36, 0.348,286.81, 63.89, 33.69, 48.59,
2017,37, 0.342,286.63, 61.75, 34.09, 47.73,
2017,38, 0.332,286.13, 58.23, 36.22, 47.04,
2017,39, 0.322,285.38, 53.84, 41.15, 47.35,
2017,40, 0.313,285.02, 49.57, 45.55, 47.44,
2017,41, 0.313,285.56, 48.19, 46.97, 47.51,
2017,42, 0.317,286.49, 48.09, 45.30, 46.63,
2017,43, 0.322,287.25, 49.16, 44.30, 46.66,
2017,44, 0.330,287.99, 51.59, 42.38, 46.91,
2017,45, 0.345,289.30, 57.23, 36.63, 46.85,
2017,46, 0.355,290.15, 60.49, 33.09, 46.71,
2017,47, 0.360,290.48, 62.37, 32.56, 47.40,
2017,48, 0.358,290.14, 62.54, 34.94, 48.70,
2017,49, 0.356,289.87, 63.09, 37.22, 50.13,
2017,50, 0.351,289.57, 61.00, 42.90, 51.94,
2017,51, 0.346,289.14, 59.89, 45.36, 52.61,
2017,52, 0.351,289.48, 59.58, 47.96, 53.77,
2018, 1, 0.354,289.26, 64.58, 44.17, 54.38,
2018, 2, 0.358,289.21, 67.17, 42.39, 54.77,
2018, 3, 0.363,289.52, 68.40, 42.89, 55.64,
2018, 4, 0.375,290.54, 71.74, 41.33, 56.53,
2018, 5, 0.382,291.25, 73.36, 40.92, 57.15,
2018, 6, 0.394,292.54, 74.95, 39.99, 57.49,
2018, 7, 0.404,293.72, 77.12, 37.22, 57.19,
2018, 8, 0.412,294.60, 79.38, 35.01, 57.20,
2018, 9, 0.417,295.25, 80.47, 34.31, 57.41,
2018,10, 0.420,295.92, 80.30, 35.27, 57.80,
2018,11, 0.425,295.86, 81.21, 38.47, 59.86,
2018,12, 0.412,296.00, 78.27, 39.46, 58.88,
2018,13, 0.408,296.11, 76.55, 40.58, 58.58,
2018,14, 0.404,296.02, 75.40, 40.07, 57.75,
2018,15, 0.401,295.80, 75.67, 37.85, 56.76,
2018,16, 0.398,295.48, 74.90, 38.19, 56.55,
2018,17, 0.393,294.93, 73.51, 38.25, 55.89,
2018,18, 0.391,294.44, 73.53, 36.38, 54.95,
2018,19, 0.387,293.74, 72.60, 36.25, 54.43,
2018,20, 0.379,292.82, 69.77, 36.54, 53.17,
2018,21, 0.372,291.78, 67.19, 37.52, 52.38,
2018,22, 0.361,290.11, 63.27, 42.58, 52.92,
2018,23, 0.350,288.70, 59.79, 44.34, 52.05,
2018,24, 0.343,288.01, 58.54, 41.92, 50.16,
2018,25, 0.336,287.15, 56.82, 42.09, 49.25,
2018,26, 0.327,285.80, 54.56, 45.23, 49.66,
2018,27, 0.324,285.32, 53.96, 44.17, 48.81,
2018,28, 0.322,285.05, 54.24, 41.78, 47.73,
2018,29, 0.319,284.55, 53.71, 41.45, 47.33,
2018,30, 0.320,284.63, 54.35, 38.76, 46.33,
2018,31, 0.324,284.95, 56.66, 35.38, 45.87,
2018,32, 0.330,285.58, 58.98, 32.65, 45.68,
2018,33, 0.338,286.74, 61.07, 29.51, 45.15,
2018,34, 0.345,287.49, 62.88, 27.67, 45.14,
2018,35, 0.351,288.22, 65.17, 25.66, 45.26,
2018,36, 0.356,288.90, 67.26, 22.46, 44.71,
2018,37, 0.359,289.57, 68.32, 18.67, 43.33,
2018,38, 0.360,290.26, 69.29, 14.88, 41.91,
2018,39, 0.363,290.97, 70.15, 12.30, 41.08,
2018,40, 0.367,291.81, 71.04,  9.78, 40.26,
2018,41, 0.372,292.42, 71.40,  9.35, 40.25,
2018,42, 0.376,292.85, 71.43,  8.70, 39.94,
2018,43, 0.383,293.42, 73.40,  6.99, 40.08,
2018,44, 0.386,293.60, 73.77,  8.20, 40.88,
2018,45, 0.390,293.70, 74.41,  9.44, 41.83,
2018,46, 0.392,294.01, 74.58,  9.05, 41.72,
2018,47, 0.394,294.30, 75.03,  8.88, 41.87,
2018,48, 0.393,294.19, 74.93, 10.63, 42.70,
2018,49, 0.387,293.61, 73.33, 14.96, 44.08,
2018,50, 0.380,293.18, 70.49, 20.11, 45.26,
2018,51, 0.373,292.62, 68.52, 24.19, 46.33,
2018,52, 0.377,292.81, 69.96, 23.74, 46.83,
2019, 1, 0.380,292.80, 72.32, 23.65, 47.97,
2019, 2, 0.383,292.93, 73.72, 23.47, 48.58,
2019, 3, 0.388,293.49, 75.00, 22.39, 48.68,
2019, 4, 0.398,294.53, 77.63, 20.77, 49.19,
2019, 5, 0.403,295.22, 78.28, 21.03, 49.64,
2019, 6, 0.409,296.11, 79.15, 19.89, 49.51,
2019, 7, 0.415,297.15, 80.10, 17.86, 48.97,
2019, 8, 0.419,298.03, 80.53, 16.87, 48.69,
2019, 9, 0.422,298.77, 80.45, 16.44, 48.45,
2019,10, 0.423,299.31, 79.76, 16.46, 48.11,
2019,11, 0.422,298.90, 78.99, 21.05, 50.03,
2019,12, 0.406,298.68, 74.45, 23.67, 49.05,
2019,13, 0.402,298.73, 73.27, 24.13, 48.69,
2019,14, 0.398,298.45, 72.14, 24.67, 48.39,
2019,15, 0.393,298.23, 71.02, 23.70, 47.34,
2019,16, 0.391,298.09, 70.82, 21.99, 46.39,
2019,17, 0.388,297.66, 70.77, 20.98, 45.86,
2019,18, 0.383,296.84, 70.16, 21.07, 45.60,
2019,19, 0.381,296.20, 70.03, 20.32, 45.16,
2019,20, 0.374,295.05, 67.79, 22.44, 45.11,
2019,21, 0.368,293.84, 65.99, 24.58, 45.27,
2019,22, 0.365,292.94, 65.41, 24.33, 44.81,
2019,23, 0.362,292.06, 65.27, 22.88, 43.98,
2019,24, 0.356,291.03, 64.38, 23.14, 43.62,
2019,25, 0.345,289.49, 61.03, 28.03, 44.34,
2019,26, 0.341,288.58, 60.55, 29.18, 44.64,
2019,27, 0.343,288.44, 61.95, 26.88, 44.18,
2019,28, 0.338,287.37, 60.34, 30.13, 44.94,
2019,29, 0.334,286.64, 59.17, 32.01, 45.34,
2019,30, 0.337,286.80, 60.23, 29.55, 44.66,
2019,31, 0.337,286.68, 60.87, 28.24, 44.38,
2019,32, 0.334,286.46, 60.19, 28.61, 44.24,
2019,33, 0.333,286.35, 58.97, 30.91, 44.84,
2019,34, 0.335,286.61, 59.06, 31.54, 45.22,
2019,35, 0.337,287.15, 59.53, 30.40, 44.88,
2019,36, 0.340,288.02, 60.94, 26.45, 43.59,
2019,37, 0.344,289.10, 62.36, 21.22, 41.68,
2019,38, 0.346,289.83, 63.02, 17.85, 40.32,
2019,39, 0.351,290.78, 64.91, 14.31, 39.54,
2019,40, 0.357,291.69, 66.76, 11.40, 39.01,
2019,41, 0.360,291.94, 66.61, 12.88, 39.67,
2019,42, 0.363,292.00, 66.07, 14.96, 40.44,
2019,43, 0.368,292.18, 66.96, 16.96, 41.90,
2019,44, 0.370,292.21, 67.15, 19.61, 43.34,
2019,45, 0.376,292.44, 68.83, 19.86, 44.30,
2019,46, 0.377,292.52, 68.65, 20.50, 44.52,
2019,47, 0.377,292.57, 68.56, 21.14, 44.78,
2019,48, 0.377,292.65, 69.56, 20.94, 45.17,
2019,49, 0.379,292.86, 71.21, 20.13, 45.60,
2019,50, 0.380,293.24, 71.13, 20.60, 45.81,
2019,51, 0.382,293.40, 72.15, 20.54, 46.30,
2019,52, 0.387,293.62, 74.23, 20.44, 47.31,
2020, 1, 0.395,293.95, 77.45, 19.19, 48.30,
2020, 2, 0.401,294.46, 79.78, 17.34, 48.55,
2020, 3, 0.405,294.77, 80.59, 17.57, 49.07,
2020, 4, 0.410,295.33, 81.70, 18.31, 50.00,
2020, 5, 0.413,295.82, 81.72, 19.35, 50.53,
2020, 6, 0.415,296.14, 81.46, 20.84, 51.16,
2020, 7, 0.416,296.37, 80.88, 22.67, 51.78,
2020, 8, 0.419,296.94, 81.00, 23.16, 52.09,
2020, 9, 0.424,297.71, 81.52, 22.65, 52.10,
2020,10, 0.426,298.18, 81.33, 23.35, 52.35,
2020,11, 0.428,298.01, 81.91, 26.82, 54.38,
2020,12, 0.415,298.12, 78.51, 27.59, 53.06,
2020,13, 0.409,298.27, 76.59, 27.50, 52.05,
2020,14, 0.402,298.16, 74.39, 27.45, 50.93,
2020,15, 0.397,297.94, 73.03, 26.79, 49.91,
2020,16, 0.392,297.54, 71.59, 26.30, 48.95,
2020,17, 0.384,296.98, 69.59, 25.44, 47.51,
2020,18, 0.377,296.07, 67.98, 25.84, 46.89,
2020,19, 0.372,295.16, 67.05, 26.71, 46.87,
2020,20, 0.369,294.42, 66.09, 25.87, 45.97,
2020,21, 0.367,293.77, 65.59, 24.43, 44.96,
2020,22, 0.364,292.78, 65.02, 24.98, 44.91,
2020,23, 0.362,291.89, 65.26, 23.71, 44.36,
2020,24, 0.359,291.04, 65.46, 22.69, 43.87,
2020,25, 0.353,289.82, 64.21, 25.76, 44.72,
2020,26, 0.350,288.63, 64.00, 28.65, 46.05,
2020,27, 0.353,288.37, 65.66, 27.29, 46.20,
2020,28, 0.357,288.08, 67.44, 26.38, 46.59,
2020,29, 0.356,287.40, 67.16, 28.44, 47.52,
2020,30, 0.354,286.72, 66.55, 30.16, 48.13,
2020,31, 0.355,286.40, 67.48, 30.20, 48.68,
2020,32, 0.357,286.43, 68.36, 30.34, 49.18,
2020,33, 0.360,286.86, 68.73, 30.39, 49.40,
2020,34, 0.365,287.61, 69.93, 28.44, 49.00,
2020,35, 0.367,288.16, 70.76, 26.72, 48.55,
2020,36, 0.363,288.07, 69.86, 26.97, 48.24,
2020,37, 0.356,287.79, 67.43, 28.00, 47.54,
2020,38, 0.347,287.32, 64.23, 30.16, 47.03,
2020,39, 0.336,286.39, 59.28, 36.45, 47.75,
2020,40, 0.327,285.84, 55.05, 41.88, 48.38,
2020,41, 0.322,285.51, 51.85, 48.17, 49.96,
2020,42, 0.316,285.03, 47.45, 55.20, 51.30,
2020,43, 0.315,285.11, 46.18, 58.72, 52.43,
2020,44, 0.325,286.15, 49.45, 55.36, 52.40,
2020,45, 0.337,287.32, 54.01, 50.19, 52.06,
2020,46, 0.345,288.25, 56.63, 45.99, 51.27,
2020,47, 0.352,289.02, 59.25, 42.36, 50.77,
2020,48, 0.352,289.16, 60.66, 41.47, 51.03,
2020,49, 0.350,288.98, 61.10, 42.77, 51.91,
2020,50, 0.348,288.93, 60.11, 47.40, 53.76,
2020,51, 0.344,288.57, 59.27, 49.25, 54.25,
2020,52, 0.339,288.04, 58.32, 51.56, 54.95,
2021, 1, 0.337,287.63, 59.68, 51.98, 55.84,
2021, 2, 0.341,287.66, 61.83, 51.04, 56.43,
2021, 3, 0.343,287.76, 62.29, 51.91, 57.11,
2021, 4, 0.356,288.79, 65.33, 51.84, 58.59,
2021, 5, 0.364,289.58, 66.94, 52.52, 59.76,
2021, 6, 0.377,290.65, 69.90, 50.80, 60.37,
2021, 7, 0.388,291.74, 72.80, 47.76, 60.30,
2021, 8, 0.400,292.87, 75.71, 45.00, 60.38,
2021, 9, 0.410,293.97, 78.22, 42.49, 60.38,
2021,10, 0.414,294.38, 78.81, 43.89, 61.36,
2021,11, 0.418,294.30, 79.85, 47.56, 63.73,
2021,12, 0.408,294.76, 77.54, 46.63, 62.10,
2021,13, 0.402,294.65, 75.32, 48.07, 61.71,
2021,14, 0.394,294.27, 72.37, 49.65, 61.02,
2021,15, 0.392,294.44, 71.91, 46.01, 58.96,
2021,16, 0.392,294.65, 72.07, 42.14, 57.11,
2021,17, 0.385,294.09, 69.96, 42.44, 56.19,
2021,18, 0.381,293.68, 69.36, 40.17, 54.75,
2021,19, 0.379,293.56, 69.45, 36.47, 52.94,
2021,20, 0.373,292.99, 67.23, 34.86, 51.03,
2021,21, 0.367,292.26, 64.91, 34.11, 49.49,
2021,22, 0.362,291.57, 63.67, 32.63, 48.11,
2021,23, 0.359,291.04, 63.15, 28.94, 45.97,
2021,24, 0.355,290.59, 62.83, 25.80, 44.19,
2021,25, 0.353,290.40, 63.28, 22.64, 42.74,
2021,26, 0.353,289.87, 64.50, 21.31, 42.69,
2021,27, 0.355,289.54, 65.64, 20.56, 42.88,
2021,28, 0.358,289.32, 67.34, 19.68, 43.28,
2021,29, 0.361,289.07, 68.39, 19.96, 43.98,
2021,30, 0.363,288.95, 69.48, 19.57, 44.37,
2021,31, 0.366,288.84, 71.08, 18.85, 44.84,
2021,32, 0.367,288.66, 71.79, 19.54, 45.54,
2021,33, 0.367,288.77, 71.22, 20.49, 45.70,
2021,34,-1.000, -1.00, -1.00, -1.00, -1.00,
2021,35,-1.000, -1.00, -1.00, -1.00, -1.00,
2021,36,-1.000, -1.00, -1.00, -1.00, -1.00,
2021,37,-1.000, -1.00, -1.00, -1.00, -1.00,
2021,38,-1.000, -1.00, -1.00, -1.00, -1.00,
2021,39,-1.000, -1.00, -1.00, -1.00, -1.00,
2021,40,-1.000, -1.00, -1.00, -1.00, -1.00,
2021,41,-1.000, -1.00, -1.00, -1.00, -1.00,
2021,42,-1.000, -1.00, -1.00, -1.00, -1.00,
2021,43,-1.000, -1.00, -1.00, -1.00, -1.00,
2021,44,-1.000, -1.00, -1.00, -1.00, -1.00,
2021,45,-1.000, -1.00, -1.00, -1.00, -1.00,
2021,46,-1.000, -1.00, -1.00, -1.00, -1.00,
2021,47,-1.000, -1.00, -1.00, -1.00, -1.00,
2021,48,-1.000, -1.00, -1.00, -1.00, -1.00,
2021,49,-1.000, -1.00, -1.00, -1.00, -1.00,
2021,50,-1.000, -1.00, -1.00, -1.00, -1.00,
2021,51,-1.000, -1.00, -1.00, -1.00, -1.00,
2021,52,-1.000, -1.00, -1.00, -1.00, -1.00,
