1982, 1, 0.290,298.37, 57.06, 64.66, 60.86,
1982, 2, 0.276,299.26, 54.11, 59.23, 56.67,
1982, 3, 0.260,299.87, 50.60, 58.34, 54.47,
1982, 4, 0.245,300.60, 47.12, 56.21, 51.67,
1982, 5, 0.229,301.29, 42.44, 54.18, 48.31,
1982, 6, 0.216,301.83, 38.39, 52.70, 45.54,
1982, 7, 0.206,302.51, 36.49, 49.61, 43.05,
1982, 8, 0.200,303.30, 36.30, 45.55, 40.93,
1982, 9, 0.196,303.67, 36.53, 44.47, 40.50,
1982,10, 0.193,303.92, 36.93, 42.45, 39.69,
1982,11, 0.191,303.73, 37.88, 43.39, 40.63,
1982,12, 0.190,302.98, 38.12, 48.45, 43.28,
1982,13, 0.192,301.71, 39.52, 55.31, 47.42,
1982,14, 0.197,300.30, 41.78, 60.47, 51.12,
1982,15, 0.202,299.33, 43.36, 59.91, 51.64,
1982,16, 0.207,298.36, 43.97, 58.70, 51.34,
1982,17, 0.214,297.39, 44.92, 56.28, 50.60,
1982,18, 0.217,296.69, 44.02, 50.17, 47.10,
1982,19, 0.215,295.27, 40.46, 48.73, 44.59,
1982,20, 0.214,294.02, 37.37, 47.25, 42.31,
1982,21, 0.214,292.95, 35.49, 44.56, 40.03,
1982,22, 0.214,291.69, 33.82, 44.00, 38.91,
1982,23, 0.215,290.88, 32.35, 42.30, 37.32,
1982,24, 0.214,289.95, 31.16, 41.98, 36.57,
1982,25, 0.214,288.86, 30.57, 44.74, 37.66,
1982,26, 0.219,288.46, 32.35, 43.83, 38.09,
1982,27, 0.221,288.22, 33.35, 42.18, 37.77,
1982,28, 0.218,287.83, 32.12, 41.30, 36.71,
1982,29, 0.213,286.99, 30.33, 44.12, 37.22,
1982,30, 0.210,286.22, 28.16, 47.39, 37.78,
1982,31, 0.208,286.04, 26.13, 47.57, 36.85,
1982,32, 0.200,285.15, 21.53, 53.39, 37.46,
1982,33, 0.200,284.87, 18.97, 57.24, 38.10,
1982,34, 0.210,285.67, 20.05, 55.15, 37.60,
1982,35, 0.218,286.28, 20.50, 54.89, 37.70,
1982,36, 0.229,287.08, 21.91, 53.43, 37.67,
1982,37, 0.242,287.70, 23.48, 52.66, 38.07,
1982,38, 0.259,288.52, 27.34, 50.10, 38.72,
1982,39, 0.280,289.89, 32.59, 44.99, 38.79,
1982,40, 0.299,291.31, 36.70, 39.36, 38.03,
1982,41, 0.315,292.28, 40.43, 36.54, 38.49,
1982,42, 0.327,292.91, 42.51, 37.83, 40.17,
1982,43, 0.337,293.61, 45.36, 38.48, 41.92,
1982,44, 0.344,294.28, 47.93, 38.77, 43.35,
1982,45, 0.341,294.41, 46.46, 45.24, 45.85,
1982,46, 0.336,295.02, 45.80, 46.22, 46.01,
1982,47, 0.331,295.85, 47.06, 44.40, 45.73,
1982,48, 0.324,296.08, 47.90, 50.56, 49.23,
1982,49, 0.318,296.36, 49.30, 55.22, 52.26,
1982,50, 0.312,296.98, 53.93, 55.09, 54.51,
1982,51, 0.304,297.70, 55.92, 53.22, 54.57,
1982,52, 0.293,298.38, 55.34, 53.37, 54.36,
1983, 1, 0.279,299.16, 51.28, 52.41, 51.84,
1983, 2, 0.264,300.13, 47.48, 46.24, 46.86,
1983, 3, 0.249,301.10, 44.38, 40.50, 42.44,
1983, 4, 0.238,301.90, 43.11, 37.95, 40.53,
1983, 5, 0.225,302.41, 39.87, 39.24, 39.56,
1983, 6, 0.213,302.99, 36.19, 38.35, 37.27,
1983, 7, 0.201,303.73, 32.57, 35.26, 33.91,
1983, 8, 0.191,304.36, 29.23, 33.84, 31.54,
1983, 9, 0.182,304.70, 25.71, 33.80, 29.76,
1983,10, 0.174,305.02, 22.50, 31.61, 27.06,
1983,11, 0.168,305.51, 20.62, 26.24, 23.43,
1983,12, 0.164,305.73, 18.65, 21.81, 20.23,
1983,13, 0.161,305.76, 17.12, 17.73, 17.43,
1983,14, 0.160,305.35, 16.28, 15.90, 16.09,
1983,15, 0.159,304.39, 15.76, 17.53, 16.64,
1983,16, 0.162,302.91, 16.26, 22.03, 19.15,
1983,17, 0.169,301.35, 18.57, 24.93, 21.75,
1983,18, 0.181,299.88, 22.57, 25.72, 24.15,
1983,19, 0.195,298.35, 27.88, 25.22, 26.55,
1983,20, 0.212,297.11, 34.75, 24.53, 29.64,
1983,21, 0.227,295.93, 41.03, 23.50, 32.27,
1983,22, 0.240,294.73, 45.99, 22.72, 34.36,
1983,23, 0.250,293.74, 50.40, 21.86, 36.13,
1983,24, 0.257,292.70, 53.93, 21.82, 37.87,
1983,25, 0.265,292.14, 56.99, 21.01, 39.00,
1983,26, 0.270,291.86, 58.74, 19.91, 39.32,
1983,27, 0.271,291.15, 58.28, 21.80, 40.04,
1983,28, 0.268,290.21, 57.24, 25.10, 41.17,
1983,29, 0.269,289.45, 56.81, 27.60, 42.21,
1983,30, 0.267,288.62, 55.24, 31.20, 43.22,
1983,31, 0.267,287.98, 54.11, 34.18, 44.14,
1983,32, 0.265,287.14, 51.97, 39.33, 45.65,
1983,33, 0.273,287.21, 52.74, 40.74, 46.74,
1983,34, 0.284,287.64, 54.41, 40.69, 47.55,
1983,35, 0.295,287.93, 55.59, 42.40, 49.00,
1983,36, 0.304,288.24, 56.26, 44.30, 50.28,
1983,37, 0.309,288.04, 54.78, 49.62, 52.20,
1983,38, 0.313,287.90, 53.04, 53.95, 53.50,
1983,39, 0.318,288.00, 51.18, 58.51, 54.84,
1983,40, 0.325,288.17, 50.11, 65.61, 57.86,
1983,41, 0.333,288.66, 51.20, 70.11, 60.65,
1983,42, 0.340,289.36, 52.05, 70.61, 61.33,
1983,43, 0.342,289.81, 52.16, 72.44, 62.30,
1983,44, 0.345,290.52, 54.25, 72.80, 63.52,
1983,45, 0.344,291.06, 55.66, 76.37, 66.01,
1983,46, 0.344,291.92, 58.58, 76.67, 67.62,
1983,47, 0.341,292.82, 61.07, 75.40, 68.23,
1983,48, 0.334,293.66, 60.96, 75.61, 68.28,
1983,49, 0.326,294.61, 59.05, 73.98, 66.52,
1983,50, 0.313,295.18, 58.70, 76.77, 67.74,
1983,51, 0.298,295.62, 55.43, 78.93, 67.18,
1983,52, 0.285,296.14, 52.69, 81.53, 67.11,
1984, 1, 0.273,296.83, 49.23, 82.58, 65.90,
1984, 2, 0.258,297.43, 46.76, 81.00, 63.88,
1984, 3, 0.243,297.92, 43.76, 81.16, 62.46,
1984, 4, 0.229,298.42, 41.67, 81.54, 61.60,
1984, 5, 0.218,298.79, 40.49, 83.99, 62.24,
1984, 6, 0.207,298.83, 37.84, 88.56, 63.20,
1984, 7, 0.198,299.11, 36.39, 89.32, 62.85,
1984, 8, 0.193,299.43, 35.89, 88.75, 62.32,
1984, 9, 0.190,299.63, 35.33, 87.15, 61.24,
1984,10, 0.191,299.87, 37.72, 83.64, 60.68,
1984,11, 0.195,300.05, 41.30, 78.92, 60.11,
1984,12, 0.198,300.06, 43.41, 75.66, 59.54,
1984,13, 0.200,299.38, 43.82, 75.69, 59.75,
1984,14, 0.204,298.49, 44.26, 75.35, 59.80,
1984,15, 0.209,297.47, 45.99, 74.75, 60.37,
1984,16, 0.219,296.53, 49.25, 72.62, 60.93,
1984,17, 0.230,295.60, 52.91, 68.88, 60.89,
1984,18, 0.238,294.29, 54.69, 67.50, 61.10,
1984,19, 0.245,293.09, 56.27, 64.96, 60.61,
1984,20, 0.253,292.16, 57.72, 60.69, 59.21,
1984,21, 0.255,290.71, 56.81, 60.63, 58.72,
1984,22, 0.254,289.26, 54.86, 61.16, 58.01,
1984,23, 0.255,288.34, 54.35, 59.84, 57.10,
1984,24, 0.257,287.64, 54.73, 58.04, 56.38,
1984,25, 0.259,287.09, 54.81, 56.83, 55.82,
1984,26, 0.262,286.69, 55.26, 55.87, 55.56,
1984,27, 0.270,287.08, 58.56, 50.13, 54.34,
1984,28, 0.276,287.24, 61.72, 45.74, 53.73,
1984,29, 0.278,286.97, 62.21, 45.00, 53.60,
1984,30, 0.279,286.77, 61.45, 44.55, 53.00,
1984,31, 0.279,286.51, 59.74, 45.53, 52.63,
1984,32, 0.279,286.25, 58.34, 47.13, 52.73,
1984,33, 0.282,285.94, 56.64, 50.73, 53.69,
1984,34, 0.286,285.66, 54.71, 55.33, 55.02,
1984,35, 0.298,286.36, 56.65, 54.34, 55.50,
1984,36, 0.313,287.45, 60.30, 50.32, 55.31,
1984,37, 0.326,288.30, 63.21, 47.45, 55.33,
1984,38, 0.338,289.10, 65.31, 45.02, 55.17,
1984,39, 0.352,290.06, 67.62, 43.61, 55.61,
1984,40, 0.364,291.15, 69.72, 42.14, 55.93,
1984,41, 0.370,291.69, 69.54, 45.20, 57.37,
1984,42, 0.371,292.12, 66.09, 49.53, 57.81,
1984,43, 0.373,293.01, 65.37, 48.02, 56.70,
1984,44, 0.373,293.84, 64.44, 46.51, 55.48,
1984,45, 0.365,294.09, 61.12, 51.44, 56.28,
1984,46, 0.359,294.60, 60.38, 52.92, 56.65,
1984,47, 0.353,295.05, 61.30, 54.16, 57.73,
1984,48, 0.346,295.38, 62.07, 56.68, 59.37,
1984,49, 0.348,296.03, 67.90, 54.91, 61.41,
1984,50,-1.000, -1.00, -1.00, -1.00, -1.00,
1984,51,-1.000, -1.00, -1.00, -1.00, -1.00,
1984,52,-1.000, -1.00, -1.00, -1.00, -1.00,
1985, 1,-1.000, -1.00, -1.00, -1.00, -1.00,
1985, 2,-1.000, -1.00, -1.00, -1.00, -1.00,
1985, 3,-1.000, -1.00, -1.00, -1.00, -1.00,
1985, 4,-1.000, -1.00, -1.00, -1.00, -1.00,
1985, 5,-1.000, -1.00, -1.00, -1.00, -1.00,
1985, 6,-1.000, -1.00, -1.00, -1.00, -1.00,
1985, 7,-1.000, -1.00, -1.00, -1.00, -1.00,
1985, 8,-1.000, -1.00, -1.00, -1.00, -1.00,
1985, 9, 0.192,302.98, 37.80, 46.47, 42.14,
1985,10, 0.185,302.34, 36.09, 52.05, 44.07,
1985,11, 0.189,302.90, 39.37, 48.75, 44.06,
1985,12, 0.192,303.11, 41.16, 46.03, 43.59,
1985,13, 0.197,303.08, 42.89, 42.16, 42.52,
1985,14, 0.201,302.50, 43.46, 40.71, 42.08,
1985,15, 0.206,301.39, 44.35, 42.42, 43.38,
1985,16, 0.212,299.87, 45.51, 46.28, 45.90,
1985,17, 0.219,298.11, 46.59, 50.35, 48.47,
1985,18, 0.225,296.13, 46.55, 55.05, 50.80,
1985,19, 0.229,294.01, 46.30, 59.42, 52.86,
1985,20, 0.235,292.29, 46.62, 61.83, 54.22,
1985,21, 0.240,290.82, 47.21, 62.08, 54.64,
1985,22, 0.243,289.36, 47.00, 62.95, 54.98,
1985,23, 0.244,287.87, 45.62, 65.57, 55.60,
1985,24, 0.245,287.13, 45.82, 63.10, 54.46,
1985,25, 0.248,287.11, 47.08, 57.52, 52.30,
1985,26, 0.252,287.18, 48.61, 52.80, 50.71,
1985,27, 0.258,287.55, 51.83, 46.94, 49.39,
1985,28, 0.266,288.16, 55.67, 39.52, 47.60,
1985,29, 0.272,288.69, 58.36, 33.45, 45.91,
1985,30, 0.272,288.27, 56.93, 34.58, 45.75,
1985,31, 0.267,287.51, 53.53, 38.73, 46.13,
1985,32, 0.264,286.89, 50.40, 42.69, 46.54,
1985,33, 0.263,286.41, 47.38, 47.53, 47.46,
1985,34, 0.264,285.93, 43.96, 53.70, 48.83,
1985,35, 0.270,286.03, 43.28, 57.03, 50.16,
1985,36, 0.282,286.79, 45.14, 55.87, 50.51,
1985,37, 0.297,287.78, 48.27, 51.98, 50.13,
1985,38, 0.311,288.73, 51.31, 46.84, 49.07,
1985,39, 0.322,289.52, 52.19, 44.93, 48.56,
1985,40, 0.334,290.51, 53.86, 43.05, 48.46,
1985,41, 0.344,291.29, 55.51, 41.50, 48.50,
1985,42, 0.348,291.73, 54.13, 43.66, 48.90,
1985,43, 0.349,292.00, 52.99, 48.60, 50.80,
1985,44, 0.350,292.63, 52.85, 50.31, 51.58,
1985,45, 0.352,293.62, 55.28, 47.80, 51.54,
1985,46, 0.350,294.42, 57.12, 47.86, 52.49,
1985,47, 0.347,295.12, 58.83, 49.64, 54.24,
1985,48, 0.344,296.21, 61.62, 46.52, 54.07,
1985,49, 0.339,297.12, 62.40, 42.90, 52.65,
1985,50, 0.329,297.76, 64.79, 42.84, 53.81,
1985,51, 0.315,298.24, 63.22, 44.11, 53.66,
1985,52, 0.299,298.67, 59.83, 47.23, 53.53,
1986, 1, 0.284,299.33, 55.72, 46.38, 51.05,
1986, 2, 0.268,299.86, 52.16, 44.93, 48.55,
1986, 3, 0.251,300.48, 48.89, 43.68, 46.29,
1986, 4, 0.237,301.44, 45.81, 38.95, 42.38,
1986, 5, 0.222,302.20, 42.24, 37.55, 39.89,
1986, 6, 0.210,302.95, 39.73, 35.11, 37.42,
1986, 7, 0.198,303.30, 37.13, 37.11, 37.12,
1986, 8, 0.188,303.44, 34.67, 41.65, 38.16,
1986, 9, 0.182,303.92, 33.00, 39.78, 36.39,
1986,10, 0.175,304.11, 30.48, 38.72, 34.60,
1986,11, 0.169,304.17, 27.67, 37.55, 32.61,
1986,12, 0.165,304.00, 24.79, 36.91, 30.85,
1986,13, 0.165,303.35, 23.17, 38.54, 30.85,
1986,14, 0.169,302.42, 23.88, 40.51, 32.20,
1986,15, 0.176,301.11, 26.61, 44.19, 35.40,
1986,16, 0.185,299.57, 30.19, 48.18, 39.18,
1986,17, 0.196,298.07, 34.05, 50.59, 42.32,
1986,18, 0.209,296.40, 37.72, 53.03, 45.38,
1986,19, 0.223,295.09, 42.82, 51.66, 47.24,
1986,20, 0.238,294.19, 47.94, 47.93, 47.93,
1986,21, 0.248,293.07, 51.02, 45.97, 48.49,
1986,22, 0.257,292.37, 53.89, 41.41, 47.65,
1986,23, 0.262,291.83, 55.42, 36.86, 46.14,
1986,24, 0.268,291.72, 58.24, 29.72, 43.98,
1986,25, 0.268,291.12, 58.25, 28.54, 43.40,
1986,26, 0.264,290.27, 55.82, 31.13, 43.48,
1986,27, 0.262,289.73, 54.02, 31.88, 42.95,
1986,28, 0.261,289.29, 53.84, 31.54, 42.69,
1986,29, 0.260,288.72, 53.09, 32.65, 42.87,
1986,30, 0.263,288.57, 53.29, 31.75, 42.52,
1986,31, 0.269,289.01, 55.05, 28.02, 41.53,
1986,32, 0.278,289.54, 57.45, 24.42, 40.94,
1986,33, 0.287,290.14, 58.70, 21.96, 40.33,
1986,34, 0.291,290.05, 56.97, 24.88, 40.92,
1986,35, 0.299,290.40, 57.52, 25.32, 41.42,
1986,36, 0.309,290.94, 59.10, 23.73, 41.41,
1986,37, 0.323,291.76, 62.44, 19.43, 40.94,
1986,38, 0.333,292.20, 63.46, 17.65, 40.55,
1986,39, 0.340,292.59, 62.25, 18.50, 40.38,
1986,40, 0.347,293.08, 61.39, 19.22, 40.30,
1986,41, 0.353,293.27, 61.22, 22.24, 41.73,
1986,42, 0.356,293.20, 59.01, 28.92, 43.96,
1986,43, 0.362,293.80, 60.52, 30.47, 45.49,
1986,44, 0.368,294.75, 63.58, 27.85, 45.72,
1986,45, 0.366,295.44, 64.10, 28.24, 46.17,
1986,46, 0.360,296.02, 63.12, 30.03, 46.58,
1986,47, 0.350,296.49, 60.32, 33.64, 46.98,
1986,48, 0.340,297.14, 58.11, 34.52, 46.31,
1986,49, 0.327,297.77, 53.53, 34.79, 44.16,
1986,50, 0.313,298.49, 51.95, 33.97, 42.96,
1986,51, 0.298,299.28, 48.74, 31.32, 40.03,
1986,52, 0.283,299.94, 44.88, 31.27, 38.07,
1987, 1, 0.268,300.56, 39.06, 32.01, 35.54,
1987, 2, 0.253,300.92, 35.88, 34.60, 35.24,
1987, 3, 0.237,301.28, 32.92, 37.98, 35.45,
1987, 4, 0.227,302.02, 33.02, 36.22, 34.62,
1987, 5, 0.219,302.82, 33.57, 33.02, 33.30,
1987, 6, 0.208,303.17, 31.97, 35.40, 33.69,
1987, 7, 0.199,303.41, 30.58, 38.86, 34.72,
1987, 8, 0.192,303.82, 29.63, 39.90, 34.76,
1987, 9, 0.190,304.14, 30.81, 39.72, 35.26,
1987,10, 0.190,304.32, 33.14, 38.98, 36.06,
1987,11, 0.190,304.23, 34.79, 39.31, 37.05,
1987,12, 0.192,304.19, 36.54, 37.26, 36.90,
1987,13, 0.195,304.21, 38.56, 32.28, 35.42,
1987,14, 0.198,303.53, 39.51, 31.70, 35.61,
1987,15, 0.200,302.14, 40.14, 35.97, 38.06,
1987,16, 0.208,300.75, 42.68, 38.67, 40.68,
1987,17, 0.219,299.73, 46.07, 36.54, 41.31,
1987,18, 0.230,298.80, 49.05, 32.64, 40.85,
1987,19, 0.239,297.41, 51.74, 31.09, 41.41,
1987,20, 0.244,295.70, 51.82, 34.30, 43.06,
1987,21, 0.250,294.51, 53.24, 33.48, 43.36,
1987,22, 0.258,293.52, 55.99, 31.53, 43.76,
1987,23, 0.264,292.58, 57.68, 30.72, 44.20,
1987,24, 0.265,291.52, 57.81, 31.24, 44.52,
1987,25, 0.268,291.24, 58.62, 28.39, 43.51,
1987,26, 0.271,291.54, 59.05, 23.27, 41.16,
1987,27, 0.268,291.25, 57.09, 22.62, 39.86,
1987,28, 0.265,290.82, 55.28, 22.62, 38.95,
1987,29, 0.265,290.69, 55.12, 21.45, 38.28,
1987,30, 0.269,290.95, 55.71, 18.25, 36.98,
1987,31, 0.271,290.96, 55.51, 17.19, 36.35,
1987,32, 0.274,290.68, 55.46, 18.25, 36.86,
1987,33, 0.279,290.60, 55.12, 19.77, 37.44,
1987,34, 0.290,291.13, 56.53, 18.68, 37.61,
1987,35, 0.304,291.72, 58.99, 17.45, 38.22,
1987,36, 0.315,291.95, 60.97, 18.52, 39.74,
1987,37, 0.326,292.05, 62.95, 20.08, 41.51,
1987,38, 0.339,292.36, 65.32, 19.81, 42.56,
1987,39, 0.351,292.75, 67.09, 20.93, 44.01,
1987,40, 0.361,292.90, 68.04, 25.67, 46.86,
1987,41, 0.370,293.16, 69.46, 28.75, 49.10,
1987,42, 0.376,293.53, 70.03, 30.60, 50.31,
1987,43, 0.378,293.83, 70.33, 34.18, 52.25,
1987,44, 0.377,294.05, 69.70, 40.04, 54.87,
1987,45, 0.372,294.19, 68.70, 46.94, 57.82,
1987,46, 0.366,294.53, 69.07, 50.86, 59.97,
1987,47, 0.357,294.94, 68.87, 53.96, 61.42,
1987,48, 0.348,295.54, 67.77, 55.67, 61.72,
1987,49, 0.337,296.15, 65.22, 56.00, 60.61,
1987,50, 0.326,296.89, 66.10, 55.07, 60.59,
1987,51, 0.315,297.88, 64.81, 49.80, 57.30,
1987,52, 0.305,299.19, 63.90, 40.57, 52.23,
1988, 1, 0.293,300.49, 61.52, 31.85, 46.68,
1988, 2, 0.277,301.36, 57.63, 27.55, 42.59,
1988, 3, 0.259,301.76, 52.97, 29.27, 41.12,
1988, 4, 0.244,302.12, 48.41, 32.22, 40.32,
1988, 5, 0.229,302.19, 43.62, 39.38, 41.50,
1988, 6, 0.216,301.98, 40.48, 49.05, 44.76,
1988, 7, 0.208,301.93, 40.13, 55.70, 47.92,
1988, 8, 0.201,301.64, 38.89, 63.89, 51.39,
1988, 9, 0.197,301.42, 38.42, 68.07, 53.24,
1988,10, 0.192,301.12, 37.09, 70.32, 53.70,
1988,11, 0.188,300.62, 35.16, 72.16, 53.66,
1988,12, 0.185,299.96, 33.69, 74.42, 54.05,
1988,13, 0.185,299.14, 33.14, 75.26, 54.20,
1988,14, 0.189,298.33, 35.06, 74.67, 54.87,
1988,15, 0.197,297.40, 38.25, 73.48, 55.87,
1988,16, 0.204,295.76, 40.47, 76.36, 58.41,
1988,17, 0.216,294.40, 44.31, 76.43, 60.37,
1988,18, 0.231,293.25, 49.35, 74.44, 61.90,
1988,19, 0.245,292.34, 54.92, 70.31, 62.61,
1988,20, 0.259,291.70, 59.92, 64.67, 62.30,
1988,21, 0.272,291.40, 64.41, 56.85, 60.63,
1988,22, 0.284,291.57, 68.17, 46.50, 57.34,
1988,23, 0.292,291.86, 70.48, 36.53, 53.50,
1988,24, 0.295,291.75, 71.06, 29.75, 50.40,
1988,25, 0.293,291.39, 69.64, 27.02, 48.33,
1988,26, 0.293,291.23, 69.07, 24.86, 46.96,
1988,27, 0.292,291.32, 68.40, 21.47, 44.94,
1988,28, 0.289,291.19, 67.31, 19.80, 43.56,
1988,29, 0.287,290.84, 65.69, 20.26, 42.97,
1988,30, 0.288,290.65, 65.00, 20.36, 42.68,
1988,31, 0.289,290.26, 63.83, 22.00, 42.92,
1988,32, 0.290,289.71, 62.81, 24.80, 43.80,
1988,33, 0.295,289.37, 61.81, 27.93, 44.87,
1988,34, 0.303,289.29, 61.70, 30.74, 46.22,
1988,35, 0.313,289.66, 62.39, 31.13, 46.76,
1988,36, 0.321,290.06, 62.96, 30.71, 46.84,
1988,37, 0.323,290.15, 61.38, 31.99, 46.69,
1988,38, 0.322,289.96, 57.69, 35.29, 46.49,
1988,39, 0.320,289.65, 52.56, 41.52, 47.04,
1988,40, 0.320,289.65, 48.56, 47.39, 47.98,
1988,41, 0.315,290.05, 42.78, 52.51, 47.64,
1988,42, 0.322,290.72, 42.27, 54.03, 48.15,
1988,43, 0.327,291.32, 42.92, 56.20, 49.56,
1988,44, 0.331,291.85, 43.96, 58.67, 51.32,
1988,45, 0.334,292.54, 46.37, 59.67, 53.02,
1988,46, 0.335,293.35, 49.48, 60.70, 55.09,
1988,47, 0.333,294.27, 52.03, 59.60, 55.81,
1988,48, 0.331,295.53, 56.04, 53.74, 54.89,
1988,49, 0.327,296.56, 57.30, 49.80, 53.55,
1988,50, 0.320,297.40, 60.63, 47.97, 54.30,
1988,51, 0.310,298.25, 59.97, 44.71, 52.34,
1988,52, 0.299,299.23, 59.54, 40.20, 49.87,
1989, 1, 0.287,300.01, 57.37, 38.40, 47.88,
1989, 2, 0.272,300.76, 54.29, 35.74, 45.01,
1989, 3, 0.260,301.62, 52.76, 32.03, 42.39,
1989, 4, 0.248,302.56, 51.04, 28.02, 39.53,
1989, 5, 0.237,303.46, 50.00, 24.45, 37.22,
1989, 6, 0.227,304.30, 49.06, 21.43, 35.25,
1989, 7, 0.219,304.99, 49.38, 20.43, 34.90,
1989, 8, 0.213,305.50, 48.84, 21.23, 35.04,
1989, 9, 0.208,305.68, 47.68, 23.00, 35.34,
1989,10, 0.204,305.47, 46.87, 25.81, 36.34,
1989,11, 0.203,304.97, 46.87, 30.41, 38.64,
1989,12, 0.205,304.57, 47.97, 32.55, 40.26,
1989,13, 0.209,304.33, 49.08, 31.00, 40.04,
1989,14, 0.212,303.88, 48.92, 29.16, 39.04,
1989,15, 0.214,303.02, 47.95, 29.31, 38.63,
1989,16, 0.218,302.08, 48.11, 28.93, 38.52,
1989,17, 0.221,300.97, 47.08, 27.59, 37.34,
1989,18, 0.225,299.63, 46.56, 26.77, 36.67,
1989,19, 0.229,297.94, 46.48, 27.25, 36.86,
1989,20, 0.233,296.40, 46.58, 27.76, 37.17,
1989,21, 0.240,295.22, 48.04, 26.90, 37.47,
1989,22, 0.245,294.20, 49.41, 25.10, 37.25,
1989,23, 0.251,293.32, 51.03, 24.11, 37.57,
1989,24, 0.256,292.54, 53.31, 22.91, 38.11,
1989,25, 0.262,292.09, 55.66, 21.16, 38.41,
1989,26, 0.269,291.93, 58.37, 19.49, 38.93,
1989,27, 0.272,291.61, 58.87, 19.09, 38.98,
1989,28, 0.270,290.95, 57.89, 20.80, 39.35,
1989,29, 0.267,290.31, 56.14, 22.86, 39.50,
1989,30, 0.264,289.67, 53.36, 25.34, 39.35,
1989,31, 0.265,289.55, 52.77, 25.24, 39.01,
1989,32, 0.270,289.64, 53.64, 24.39, 39.02,
1989,33, 0.276,289.96, 53.72, 23.96, 38.84,
1989,34, 0.283,290.26, 53.25, 24.43, 38.84,
1989,35, 0.293,290.64, 54.05, 24.74, 39.39,
1989,36, 0.306,291.25, 56.43, 23.41, 39.92,
1989,37, 0.319,291.81, 58.95, 21.89, 40.42,
1989,38, 0.333,292.33, 61.82, 19.99, 40.91,
1989,39, 0.348,293.07, 64.94, 17.94, 41.44,
1989,40, 0.361,293.75, 67.19, 16.95, 42.07,
1989,41, 0.371,294.28, 69.33, 16.62, 42.97,
1989,42, 0.377,294.62, 69.24, 18.66, 43.95,
1989,43, 0.380,295.00, 69.94, 21.94, 45.94,
1989,44, 0.382,295.67, 71.15, 22.19, 46.67,
1989,45, 0.380,296.41, 71.79, 20.57, 46.18,
1989,46, 0.371,297.00, 69.76, 20.78, 45.27,
1989,47, 0.359,297.48, 65.85, 22.92, 44.38,
1989,48, 0.347,298.15, 62.37, 22.68, 42.52,
1989,49, 0.333,298.90, 57.49, 21.15, 39.32,
1989,50, 0.316,299.58, 53.87, 19.76, 36.82,
1989,51, 0.298,300.19, 48.39, 18.93, 33.66,
1989,52, 0.280,300.72, 42.97, 20.61, 31.79,
1990, 1, 0.264,301.24, 35.55, 22.67, 29.11,
1990, 2, 0.250,301.80, 33.65, 22.71, 28.18,
1990, 3, 0.240,302.34, 34.00, 23.48, 28.74,
1990, 4, 0.230,302.74, 34.53, 26.54, 30.53,
1990, 5, 0.223,303.21, 36.56, 28.35, 32.45,
1990, 6, 0.217,303.73, 39.26, 28.59, 33.93,
1990, 7, 0.212,303.93, 41.08, 32.99, 37.03,
1990, 8, 0.208,303.80, 42.24, 41.17, 41.71,
1990, 9, 0.207,303.71, 45.04, 45.69, 45.36,
1990,10, 0.210,303.70, 49.80, 46.46, 48.13,
1990,11, 0.214,303.75, 54.98, 44.65, 49.81,
1990,12, 0.219,303.63, 58.35, 43.15, 50.75,
1990,13, 0.222,303.41, 59.44, 40.29, 49.86,
1990,14, 0.225,303.04, 58.68, 36.85, 47.77,
1990,15, 0.227,302.47, 57.15, 34.49, 45.82,
1990,16, 0.228,301.50, 55.02, 34.31, 44.66,
1990,17, 0.229,300.13, 51.95, 35.41, 43.68,
1990,18, 0.229,298.54, 48.88, 36.94, 42.91,
1990,19, 0.229,296.69, 46.06, 38.89, 42.47,
1990,20, 0.230,294.70, 43.51, 43.75, 43.63,
1990,21, 0.230,292.56, 41.05, 50.10, 45.57,
1990,22, 0.230,290.80, 38.67, 53.46, 46.06,
1990,23, 0.230,289.62, 37.33, 54.06, 45.69,
1990,24, 0.229,288.71, 36.91, 53.07, 44.99,
1990,25, 0.233,288.51, 38.51, 48.64, 43.58,
1990,26, 0.237,288.65, 40.61, 43.42, 42.01,
1990,27, 0.241,289.03, 43.14, 37.24, 40.19,
1990,28, 0.247,289.43, 46.26, 31.19, 38.73,
1990,29, 0.252,289.70, 48.92, 27.13, 38.03,
1990,30, 0.258,289.81, 50.90, 25.12, 38.01,
1990,31, 0.265,289.95, 52.84, 23.46, 38.15,
1990,32, 0.272,290.15, 54.62, 21.78, 38.20,
1990,33, 0.281,290.53, 55.69, 20.56, 38.12,
1990,34, 0.289,290.66, 55.65, 22.18, 38.91,
1990,35, 0.295,290.63, 54.72, 25.46, 40.09,
1990,36, 0.302,290.61, 54.54, 28.77, 41.65,
1990,37, 0.312,290.61, 55.34, 31.79, 43.57,
1990,38, 0.322,290.81, 56.35, 33.49, 44.92,
1990,39, 0.333,291.17, 57.35, 36.04, 46.69,
1990,40, 0.342,291.69, 56.88, 38.75, 47.82,
1990,41, 0.350,292.33, 57.78, 40.79, 49.29,
1990,42, 0.357,292.82, 58.04, 43.67, 50.85,
1990,43, 0.362,293.29, 59.20, 45.96, 52.58,
1990,44, 0.362,293.82, 60.02, 46.40, 53.21,
1990,45, 0.361,294.56, 61.66, 44.62, 53.14,
1990,46, 0.356,295.25, 61.51, 44.41, 52.96,
1990,47, 0.347,296.03, 60.72, 42.13, 51.43,
1990,48, 0.336,296.74, 58.84, 40.49, 49.67,
1990,49, 0.327,297.58, 56.75, 37.03, 46.89,
1990,50, 0.318,298.59, 58.55, 31.72, 45.14,
1990,51, 0.307,299.37, 57.25, 28.91, 43.08,
1990,52, 0.294,300.10, 54.88, 27.88, 41.38,
1991, 1, 0.281,300.81, 51.10, 27.31, 39.21,
1991, 2, 0.269,301.53, 49.83, 25.22, 37.52,
1991, 3, 0.259,302.33, 50.42, 22.27, 36.35,
1991, 4, 0.247,303.05, 49.76, 20.78, 35.27,
1991, 5, 0.236,303.73, 48.30, 19.91, 34.11,
1991, 6, 0.227,304.48, 47.72, 17.79, 32.76,
1991, 7, 0.220,305.10, 48.72, 17.12, 32.92,
1991, 8, 0.215,305.59, 48.74, 18.64, 33.69,
1991, 9, 0.210,305.83, 48.45, 21.00, 34.73,
1991,10, 0.207,305.74, 48.27, 23.75, 36.01,
1991,11, 0.206,305.63, 48.57, 24.84, 36.71,
1991,12, 0.205,305.26, 47.85, 26.41, 37.13,
1991,13, 0.205,304.64, 45.97, 28.21, 37.09,
1991,14, 0.205,303.64, 44.32, 31.03, 37.68,
1991,15, 0.207,302.51, 44.13, 33.24, 38.69,
1991,16, 0.212,301.39, 44.19, 34.33, 39.26,
1991,17, 0.216,300.16, 43.76, 34.47, 39.12,
1991,18, 0.222,298.81, 43.80, 34.05, 38.93,
1991,19, 0.229,297.55, 45.46, 30.95, 38.21,
1991,20, 0.235,296.18, 47.00, 30.56, 38.78,
1991,21, 0.238,294.61, 46.88, 32.34, 39.61,
1991,22, 0.241,293.40, 47.15, 31.86, 39.51,
1991,23, 0.243,292.22, 47.14, 32.77, 39.95,
1991,24, 0.246,291.50, 48.16, 30.50, 39.33,
1991,25, 0.247,291.04, 48.26, 28.64, 38.45,
1991,26, 0.243,290.17, 45.47, 31.46, 38.47,
1991,27, 0.238,289.44, 42.52, 33.27, 37.89,
1991,28, 0.231,288.87, 39.75, 33.78, 36.77,
1991,29, 0.224,288.18, 35.97, 35.89, 35.93,
1991,30, 0.216,287.35, 31.30, 39.37, 35.34,
1991,31, 0.208,286.51, 26.39, 43.70, 35.05,
1991,32, 0.204,286.16, 23.37, 46.13, 34.75,
1991,33, 0.205,286.38, 21.42, 46.87, 34.14,
1991,34, 0.209,286.60, 19.46, 48.30, 33.88,
1991,35, 0.218,287.34, 20.40, 47.05, 33.72,
1991,36, 0.232,288.01, 22.88, 46.04, 34.46,
1991,37, 0.249,288.98, 27.19, 41.79, 34.49,
1991,38, 0.268,289.89, 31.84, 37.98, 34.91,
1991,39, 0.280,290.23, 32.53, 41.13, 36.83,
1991,40, 0.295,291.14, 34.25, 40.76, 37.51,
1991,41, 0.310,292.25, 36.79, 37.74, 37.26,
1991,42, 0.324,293.26, 39.06, 35.69, 37.38,
1991,43, 0.333,294.17, 41.60, 34.01, 37.81,
1991,44, 0.341,295.15, 44.50, 30.38, 37.44,
1991,45, 0.340,295.93, 44.59, 28.48, 36.53,
1991,46, 0.336,296.60, 43.91, 27.81, 35.86,
1991,47, 0.326,297.14, 41.71, 28.76, 35.23,
1991,48, 0.313,297.31, 39.03, 34.85, 36.94,
1991,49, 0.298,297.46, 34.77, 40.35, 37.56,
1991,50, 0.285,297.84, 33.46, 43.64, 38.55,
1991,51, 0.275,298.20, 32.99, 46.82, 39.90,
1991,52, 0.267,298.63, 34.47, 50.30, 42.39,
1992, 1, 0.260,299.16, 33.16, 53.07, 43.11,
1992, 2, 0.250,299.65, 34.08, 54.06, 44.07,
1992, 3, 0.242,300.30, 36.11, 53.51, 44.81,
1992, 4, 0.234,300.89, 37.98, 53.40, 45.69,
1992, 5, 0.228,301.74, 40.15, 49.03, 44.59,
1992, 6, 0.221,302.73, 41.43, 41.61, 41.52,
1992, 7, 0.217,303.88, 44.25, 32.52, 38.38,
1992, 8, 0.215,304.88, 46.14, 27.01, 36.58,
1992, 9, 0.211,305.41, 45.77, 25.56, 35.66,
1992,10, 0.205,305.82, 43.39, 22.74, 33.07,
1992,11, 0.200,306.18, 40.40, 19.31, 29.85,
1992,12, 0.195,306.31, 37.61, 16.24, 26.93,
1992,13, 0.193,306.37, 35.80, 12.29, 24.04,
1992,14, 0.190,305.96, 32.93, 10.63, 21.78,
1992,15, 0.187,305.43, 30.69,  8.99, 19.84,
1992,16, 0.187,304.68, 28.97,  8.11, 18.54,
1992,17, 0.187,303.31, 26.59,  9.41, 18.00,
1992,18, 0.189,301.85, 25.36, 10.14, 17.75,
1992,19, 0.192,299.85, 24.27, 12.84, 18.56,
1992,20, 0.193,297.71, 23.32, 18.91, 21.11,
1992,21, 0.196,295.76, 22.99, 23.78, 23.39,
1992,22, 0.198,293.68, 23.34, 29.23, 26.29,
1992,23, 0.200,291.73, 23.50, 35.45, 29.48,
1992,24, 0.199,289.90, 23.11, 41.34, 32.22,
1992,25, 0.203,289.16, 25.24, 41.46, 33.35,
1992,26, 0.209,288.78, 27.90, 41.01, 34.46,
1992,27, 0.211,288.19, 29.43, 42.02, 35.72,
1992,28, 0.213,287.84, 31.06, 41.11, 36.09,
1992,29, 0.218,287.79, 33.35, 38.78, 36.07,
1992,30, 0.226,287.95, 36.28, 35.80, 36.04,
1992,31, 0.234,288.21, 39.01, 33.36, 36.18,
1992,32, 0.238,287.84, 39.41, 35.62, 37.52,
1992,33, 0.249,288.16, 41.21, 35.31, 38.26,
1992,34, 0.263,288.80, 44.12, 33.74, 38.93,
1992,35, 0.278,289.33, 47.47, 33.52, 40.50,
1992,36, 0.293,289.49, 50.52, 35.85, 43.19,
1992,37, 0.306,289.72, 53.32, 37.37, 45.35,
1992,38, 0.321,290.50, 56.66, 34.23, 45.44,
1992,39, 0.332,290.97, 56.99, 36.03, 46.51,
1992,40, 0.335,291.15, 53.89, 41.47, 47.68,
1992,41, 0.339,291.55, 52.75, 44.42, 48.59,
1992,42, 0.343,291.95, 52.33, 47.28, 49.80,
1992,43, 0.348,292.69, 54.04, 46.54, 50.29,
1992,44, 0.348,293.45, 54.03, 45.35, 49.69,
1992,45, 0.343,294.07, 52.88, 45.08, 48.98,
1992,46, 0.335,294.96, 51.27, 42.03, 46.65,
1992,47, 0.324,296.04, 48.39, 37.45, 42.92,
1992,48, 0.310,296.91, 43.30, 35.52, 39.41,
1992,49, 0.298,297.57, 39.28, 35.70, 37.49,
1992,50, 0.286,298.22, 37.88, 35.60, 36.74,
1992,51, 0.273,298.85, 34.90, 35.06, 34.98,
1992,52, 0.260,299.41, 31.45, 37.09, 34.27,
1993, 1, 0.246,299.87, 26.92, 41.34, 34.13,
1993, 2, 0.235,300.22, 26.25, 44.42, 35.34,
1993, 3, 0.227,300.42, 27.39, 49.79, 38.59,
1993, 4, 0.219,300.69, 28.48, 54.36, 41.42,
1993, 5, 0.212,301.00, 29.49, 58.19, 43.84,
1993, 6, 0.207,301.55, 30.78, 56.89, 43.84,
1993, 7, 0.198,302.20, 30.09, 53.71, 41.90,
1993, 8, 0.190,302.50, 28.54, 54.76, 41.65,
1993, 9, 0.185,302.38, 28.01, 58.20, 43.11,
1993,10, 0.184,302.37, 29.98, 58.35, 44.17,
1993,11, 0.186,302.44, 32.86, 55.88, 44.37,
1993,12, 0.188,302.18, 34.76, 55.67, 45.21,
1993,13, 0.191,301.42, 36.31, 57.28, 46.80,
1993,14, 0.198,300.77, 39.96, 55.68, 47.82,
1993,15, 0.209,300.59, 44.74, 49.36, 47.05,
1993,16, 0.218,300.04, 47.69, 45.26, 46.47,
1993,17, 0.227,299.21, 50.07, 41.89, 45.98,
1993,18, 0.236,298.37, 52.16, 37.60, 44.88,
1993,19, 0.243,297.42, 53.88, 32.30, 43.09,
1993,20, 0.249,296.13, 54.71, 31.35, 43.03,
1993,21, 0.254,294.41, 55.65, 34.07, 44.86,
1993,22, 0.263,293.42, 59.13, 31.78, 45.45,
1993,23, 0.274,293.34, 63.55, 24.61, 44.08,
1993,24, 0.279,293.04, 65.38, 20.08, 42.73,
1993,25, 0.280,292.56, 65.16, 18.96, 42.06,
1993,26, 0.277,291.70, 63.01, 21.72, 42.37,
1993,27, 0.273,291.01, 60.62, 23.27, 41.94,
1993,28, 0.272,290.96, 60.16, 20.97, 40.56,
1993,29, 0.271,290.78, 58.98, 20.16, 39.57,
1993,30, 0.270,290.58, 57.48, 19.99, 38.74,
1993,31, 0.272,290.45, 56.72, 20.07, 38.39,
1993,32, 0.273,290.09, 55.14, 21.77, 38.46,
1993,33, 0.278,289.91, 53.77, 24.04, 38.91,
1993,34, 0.282,289.59, 52.24, 28.30, 40.27,
1993,35, 0.291,289.83, 52.51, 29.64, 41.08,
1993,36, 0.302,290.36, 54.00, 28.52, 41.26,
1993,37, 0.314,290.93, 56.04, 26.83, 41.44,
1993,38, 0.323,291.59, 57.12, 24.54, 40.83,
1993,39, 0.332,292.14, 56.67, 24.46, 40.57,
1993,40, 0.338,292.64, 55.45, 25.29, 40.37,
1993,41, 0.344,293.23, 55.63, 24.51, 40.07,
1993,42, 0.350,294.00, 55.96, 23.12, 39.54,
1993,43, 0.354,294.99, 56.56, 20.03, 38.30,
1993,44, 0.352,295.79, 55.43, 18.79, 37.11,
1993,45, 0.347,296.51, 54.10, 17.76, 35.93,
1993,46, 0.337,297.13, 51.05, 18.31, 34.68,
1993,47, 0.322,297.63, 46.16, 20.66, 33.41,
1993,48, 0.305,298.19, 39.97, 22.65, 31.31,
1993,49, 0.288,298.62, 33.59, 24.83, 29.21,
1993,50, 0.274,299.46, 30.62, 23.36, 26.99,
1993,51, 0.260,300.50, 26.86, 19.74, 23.30,
1993,52, 0.245,301.51, 23.44, 16.63, 20.04,
1994, 1, 0.229,302.50, 17.95, 13.75, 15.85,
1994, 2, 0.211,302.83, 15.36, 15.10, 15.23,
1994, 3, 0.197,303.01, 14.53, 18.77, 16.65,
1994, 4, 0.186,302.77, 14.33, 28.54, 21.44,
1994, 5, 0.176,302.21, 14.02, 42.71, 28.37,
1994, 6, 0.171,302.18, 14.95, 49.25, 32.10,
1994, 7, 0.169,302.54, 16.43, 50.53, 33.48,
1994, 8, 0.166,302.27, 17.06, 57.58, 37.32,
1994, 9, 0.166,301.78, 18.73, 63.82, 41.27,
1994,10, 0.169,301.04, 22.89, 69.66, 46.27,
1994,11, 0.180,300.54, 31.28, 71.64, 51.46,
1994,12, 0.192,299.84, 39.91, 74.49, 57.20,
1994,13, 0.206,299.01, 47.67, 75.88, 61.77,
1994,14, 0.221,299.09, 54.88, 68.56, 61.72,
1994,15, 0.232,298.66, 58.80, 63.82, 61.31,
1994,16, 0.237,297.49, 59.11, 63.91, 61.51,
1994,17, 0.240,295.94, 58.15, 65.30, 61.73,
1994,18, 0.242,293.87, 56.60, 69.27, 62.93,
1994,19, 0.245,292.10, 56.00, 71.20, 63.60,
1994,20, 0.245,290.68, 53.88, 70.75, 62.32,
1994,21, 0.238,288.94, 47.95, 71.56, 59.75,
1994,22, 0.230,287.55, 41.96, 71.03, 56.49,
1994,23, 0.222,286.50, 36.58, 69.87, 53.22,
1994,24, 0.215,285.92, 32.46, 66.80, 49.63,
1994,25, 0.211,285.97, 30.35, 62.17, 46.26,
1994,26, 0.209,286.42, 29.15, 56.20, 42.68,
1994,27, 0.212,287.53, 30.68, 46.03, 38.35,
1994,28, 0.212,288.20, 31.53, 38.16, 34.84,
1994,29, 0.209,288.52, 30.73, 33.39, 32.06,
1994,30, 0.210,288.84, 30.31, 29.77, 30.04,
1994,31, 0.212,288.91, 30.22, 28.66, 29.44,
1994,32, 0.217,288.74, 30.78, 29.40, 30.09,
1994,33, 0.221,288.39, 30.39, 32.75, 31.57,
1994,34, 0.227,287.92, 29.79, 37.64, 33.72,
1994,35, 0.230,287.13, 28.64, 43.92, 36.28,
1994,36, 0.238,287.35, 29.51, 46.01, 37.76,
1994,37,-1.000, -1.00, -1.00, -1.00, -1.00,
1994,38,-1.000, -1.00, -1.00, -1.00, -1.00,
1994,39,-1.000, -1.00, -1.00, -1.00, -1.00,
1994,40,-1.000, -1.00, -1.00, -1.00, -1.00,
1994,41,-1.000, -1.00, -1.00, -1.00, -1.00,
1994,42,-1.000, -1.00, -1.00, -1.00, -1.00,
1994,43,-1.000, -1.00, -1.00, -1.00, -1.00,
1994,44,-1.000, -1.00, -1.00, -1.00, -1.00,
1994,45,-1.000, -1.00, -1.00, -1.00, -1.00,
1994,46,-1.000, -1.00, -1.00, -1.00, -1.00,
1994,47,-1.000, -1.00, -1.00, -1.00, -1.00,
1994,48,-1.000, -1.00, -1.00, -1.00, -1.00,
1994,49,-1.000, -1.00, -1.00, -1.00, -1.00,
1994,50,-1.000, -1.00, -1.00, -1.00, -1.00,
1994,51,-1.000, -1.00, -1.00, -1.00, -1.00,
1994,52,-1.000, -1.00, -1.00, -1.00, -1.00,
1995, 1,-1.000, -1.00, -1.00, -1.00, -1.00,
1995, 2,-1.000, -1.00, -1.00, -1.00, -1.00,
1995, 3,-1.000, -1.00, -1.00, -1.00, -1.00,
1995, 4,-1.000, -1.00, -1.00, -1.00, -1.00,
1995, 5,-1.000, -1.00, -1.00, -1.00, -1.00,
1995, 6,-1.000, -1.00, -1.00, -1.00, -1.00,
1995, 7, 0.223,305.00, 45.86, 20.59, 33.22,
1995, 8, 0.219,305.62, 46.70, 20.38, 33.54,
1995, 9, 0.214,305.96, 46.08, 20.77, 33.43,
1995,10, 0.210,305.94, 45.14, 22.05, 33.59,
1995,11, 0.207,305.58, 44.64, 25.20, 34.92,
1995,12, 0.205,304.85, 44.04, 29.93, 36.98,
1995,13, 0.207,304.14, 44.41, 32.39, 38.40,
1995,14, 0.212,303.56, 45.78, 31.71, 38.74,
1995,15, 0.215,302.48, 45.83, 33.92, 39.87,
1995,16, 0.217,300.96, 44.71, 38.38, 41.54,
1995,17, 0.222,299.62, 44.87, 39.27, 42.07,
1995,18, 0.232,298.42, 47.08, 37.88, 42.48,
1995,19, 0.240,297.09, 49.33, 36.09, 42.71,
1995,20, 0.245,295.24, 49.62, 40.26, 44.94,
1995,21, 0.251,293.93, 51.21, 39.89, 45.55,
1995,22, 0.259,293.17, 54.29, 35.47, 44.88,
1995,23, 0.263,292.20, 55.40, 34.47, 44.94,
1995,24, 0.262,290.91, 54.89, 36.44, 45.67,
1995,25, 0.263,290.04, 54.59, 37.18, 45.88,
1995,26, 0.267,289.95, 56.31, 34.00, 45.16,
1995,27, 0.269,289.86, 57.06, 31.27, 44.16,
1995,28, 0.262,288.77, 53.73, 35.47, 44.60,
1995,29, 0.256,287.66, 50.31, 40.41, 45.36,
1995,30, 0.255,287.28, 49.02, 41.10, 45.06,
1995,31, 0.255,287.00, 47.58, 41.87, 44.73,
1995,32, 0.253,286.42, 45.35, 45.39, 45.37,
1995,33, 0.250,285.66, 41.45, 52.16, 46.81,
1995,34, 0.256,285.75, 40.17, 54.41, 47.29,
1995,35, 0.268,286.48, 41.99, 53.08, 47.53,
1995,36, 0.279,287.05, 43.46, 53.03, 48.25,
1995,37, 0.289,287.54, 44.60, 53.34, 48.97,
1995,38, 0.303,288.57, 47.72, 49.10, 48.41,
1995,39, 0.320,289.94, 51.49, 43.69, 47.59,
1995,40, 0.332,290.85, 53.14, 42.41, 47.77,
1995,41, 0.339,291.48, 53.62, 43.26, 48.44,
1995,42, 0.342,292.20, 52.56, 43.52, 48.04,
1995,43, 0.344,292.96, 52.46, 42.26, 47.36,
1995,44, 0.340,293.54, 50.21, 42.50, 46.35,
1995,45, 0.333,294.01, 47.76, 43.57, 45.67,
1995,46, 0.324,294.52, 45.79, 45.67, 45.73,
1995,47, 0.316,295.22, 43.83, 46.25, 45.04,
1995,48, 0.308,296.20, 42.89, 43.36, 43.12,
1995,49, 0.300,297.12, 41.24, 40.23, 40.73,
1995,50, 0.289,297.70, 40.59, 41.62, 41.10,
1995,51, 0.281,298.44, 40.96, 40.28, 40.62,
1995,52, 0.273,299.28, 40.96, 38.61, 39.79,
1996, 1, 0.261,299.84, 36.22, 40.56, 38.39,
1996, 2, 0.250,300.53, 35.37, 38.87, 37.12,
1996, 3, 0.240,301.39, 36.27, 34.97, 35.62,
1996, 4, 0.233,302.10, 38.23, 33.29, 35.76,
1996, 5, 0.227,302.68, 40.74, 33.43, 37.09,
1996, 6, 0.222,302.94, 42.74, 36.95, 39.84,
1996, 7, 0.218,303.28, 45.13, 39.03, 42.08,
1996, 8, 0.216,303.73, 46.69, 39.81, 43.25,
1996, 9, 0.215,304.09, 47.74, 39.30, 43.52,
1996,10, 0.215,304.31, 50.20, 37.32, 43.76,
1996,11, 0.217,304.08, 52.54, 39.06, 45.80,
1996,12, 0.219,303.55, 53.66, 42.43, 48.04,
1996,13, 0.219,302.55, 52.53, 47.46, 50.00,
1996,14, 0.219,300.93, 50.85, 55.36, 53.10,
1996,15, 0.222,299.44, 51.07, 59.86, 55.47,
1996,16, 0.228,298.07, 52.63, 61.93, 57.28,
1996,17, 0.237,296.69, 55.03, 62.83, 58.93,
1996,18, 0.247,295.41, 57.78, 61.77, 59.78,
1996,19, 0.258,294.38, 61.40, 58.11, 59.75,
1996,20, 0.269,293.77, 64.40, 51.89, 58.15,
1996,21, 0.277,293.31, 66.39, 44.62, 55.51,
1996,22, 0.279,292.47, 65.66, 41.14, 53.40,
1996,23, 0.276,291.22, 63.05, 42.21, 52.63,
1996,24, 0.275,290.34, 61.85, 41.06, 51.46,
1996,25, 0.276,290.16, 62.12, 36.93, 49.52,
1996,26, 0.270,289.14, 58.45, 40.32, 49.39,
1996,27, 0.262,288.05, 53.91, 44.27, 49.09,
1996,28, 0.257,287.46, 51.65, 44.47, 48.06,
1996,29, 0.252,286.83, 49.20, 45.84, 47.52,
1996,30, 0.246,285.66, 45.31, 51.39, 48.35,
1996,31, 0.242,284.53, 41.86, 57.60, 49.73,
1996,32, 0.251,284.86, 44.34, 55.82, 50.08,
1996,33, 0.265,286.06, 48.18, 49.91, 49.04,
1996,34, 0.276,286.79, 49.47, 47.91, 48.69,
1996,35, 0.284,287.06, 49.30, 49.60, 49.45,
1996,36, 0.285,286.96, 46.56, 54.04, 50.30,
1996,37, 0.290,287.48, 44.95, 53.92, 49.43,
1996,38, 0.298,288.47, 45.24, 50.01, 47.62,
1996,39, 0.304,288.97, 43.38, 52.79, 48.08,
1996,40, 0.312,289.65, 42.24, 55.21, 48.72,
1996,41, 0.319,290.70, 42.13, 52.99, 47.56,
1996,42, 0.321,291.28, 39.50, 55.06, 47.28,
1996,43, 0.320,291.48, 37.07, 60.61, 48.84,
1996,44, 0.319,291.96, 35.11, 63.87, 49.49,
1996,45, 0.319,292.70, 36.53, 63.51, 50.02,
1996,46, 0.318,293.35, 39.26, 64.23, 51.75,
1996,47, 0.314,293.77, 41.25, 66.91, 54.08,
1996,48, 0.309,294.39, 44.00, 67.23, 55.61,
1996,49, 0.302,294.98, 43.66, 67.94, 55.80,
1996,50, 0.295,295.72, 45.62, 68.64, 57.13,
1996,51, 0.292,296.92, 49.24, 62.14, 55.69,
1996,52, 0.289,298.23, 52.51, 55.19, 53.85,
1997, 1, 0.282,299.07, 52.99, 53.63, 53.31,
1997, 2, 0.276,300.08, 55.33, 47.20, 51.27,
1997, 3, 0.267,300.80, 55.69, 45.35, 50.52,
1997, 4, 0.258,301.35, 56.04, 45.85, 50.94,
1997, 5, 0.249,301.95, 56.47, 45.77, 51.12,
1997, 6, 0.242,302.46, 57.88, 45.33, 51.60,
1997, 7, 0.236,302.83, 59.47, 46.36, 52.91,
1997, 8, 0.231,303.26, 59.86, 46.58, 53.22,
1997, 9, 0.228,303.60, 59.80, 45.55, 52.68,
1997,10, 0.229,303.88, 62.00, 43.09, 52.55,
1997,11, 0.231,303.92, 64.19, 41.82, 53.01,
1997,12, 0.235,303.79, 66.15, 41.16, 53.65,
1997,13, 0.240,303.20, 67.73, 42.35, 55.04,
1997,14, 0.248,302.68, 70.28, 40.49, 55.39,
1997,15, 0.259,302.40, 74.04, 35.62, 54.83,
1997,16, 0.268,302.05, 75.66, 30.46, 53.06,
1997,17, 0.274,301.55, 75.55, 24.79, 50.17,
1997,18, 0.278,300.81, 74.52, 19.64, 47.08,
1997,19, 0.277,299.61, 72.09, 16.23, 44.16,
1997,20, 0.276,298.42, 68.62, 15.02, 41.82,
1997,21, 0.276,297.41, 66.22, 13.39, 39.81,
1997,22, 0.273,295.95, 62.36, 14.59, 38.48,
1997,23, 0.268,294.53, 58.48, 17.05, 37.77,
1997,24, 0.258,292.83, 52.80, 22.07, 37.43,
1997,25, 0.243,290.60, 44.10, 33.03, 38.57,
1997,26, 0.223,287.82, 33.18, 48.54, 40.86,
1997,27, 0.203,285.29, 24.02, 61.18, 42.60,
1997,28, 0.191,283.67, 19.50, 67.23, 43.36,
1997,29, 0.188,283.12, 18.60, 67.44, 43.02,
1997,30, 0.194,283.59, 20.60, 62.50, 41.55,
1997,31, 0.206,284.56, 25.08, 55.77, 40.42,
1997,32, 0.220,285.46, 30.22, 50.94, 40.58,
1997,33, 0.240,286.72, 36.05, 45.52, 40.79,
1997,34, 0.263,288.15, 42.61, 39.52, 41.06,
1997,35, 0.283,289.05, 48.06, 37.01, 42.53,
1997,36, 0.302,290.04, 53.58, 33.24, 43.41,
1997,37, 0.318,290.61, 57.47, 31.99, 44.73,
1997,38, 0.332,291.06, 60.74, 31.24, 45.99,
1997,39, 0.346,291.74, 63.36, 30.71, 47.03,
1997,40, 0.357,292.39, 65.01, 31.22, 48.12,
1997,41, 0.366,293.06, 66.40, 32.05, 49.22,
1997,42, 0.369,293.68, 65.23, 33.51, 49.37,
1997,43, 0.369,294.39, 64.11, 32.71, 48.41,
1997,44, 0.364,295.17, 61.42, 30.10, 45.76,
1997,45, 0.356,295.93, 58.45, 27.16, 42.80,
1997,46, 0.348,296.73, 56.61, 24.45, 40.53,
1997,47, 0.343,297.70, 56.76, 20.03, 38.40,
1997,48, 0.336,298.63, 56.77, 16.07, 36.42,
1997,49, 0.327,299.56, 55.06, 11.62, 33.34,
1997,50, 0.316,300.24, 54.36,  9.69, 32.03,
1997,51, 0.303,300.74, 51.76,  9.96, 30.86,
1997,52, 0.290,301.40, 49.45,  9.96, 29.70,
1998, 1, 0.279,302.10, 45.64,  9.61, 27.63,
1998, 2, 0.267,302.59, 42.82, 10.93, 26.88,
1998, 3, 0.255,302.96, 41.15, 13.89, 27.52,
1998, 4, 0.245,303.38, 41.05, 16.53, 28.79,
1998, 5, 0.238,303.97, 41.58, 16.87, 29.22,
1998, 6, 0.232,304.58, 43.56, 16.66, 30.11,
1998, 7, 0.228,305.27, 47.14, 15.62, 31.38,
1998, 8, 0.227,306.18, 50.34, 12.61, 31.48,
1998, 9, 0.224,306.85, 51.93, 10.21, 31.07,
1998,10, 0.220,307.07, 51.67,  9.76, 30.72,
1998,11, 0.216,307.12, 50.96,  9.89, 30.42,
1998,12, 0.214,306.65, 49.68, 12.62, 31.15,
1998,13, 0.212,305.93, 48.23, 15.80, 32.01,
1998,14, 0.214,305.19, 47.85, 17.13, 32.49,
1998,15, 0.218,304.42, 48.02, 17.40, 32.71,
1998,16, 0.223,303.63, 49.07, 16.66, 32.87,
1998,17, 0.230,302.60, 49.89, 15.51, 32.70,
1998,18, 0.233,300.77, 48.60, 19.13, 33.87,
1998,19, 0.235,298.37, 47.25, 25.16, 36.21,
1998,20, 0.239,296.06, 47.06, 32.66, 39.86,
1998,21, 0.247,294.56, 49.42, 33.87, 41.64,
1998,22, 0.254,293.10, 51.88, 34.96, 43.42,
1998,23, 0.257,291.48, 53.09, 38.57, 45.83,
1998,24, 0.258,290.17, 54.30, 40.40, 47.35,
1998,25, 0.260,288.95, 54.75, 43.83, 49.29,
1998,26, 0.265,288.34, 57.13, 44.45, 50.79,
1998,27, 0.275,288.43, 62.05, 40.63, 51.34,
1998,28, 0.288,288.83, 68.03, 34.75, 51.39,
1998,29, 0.301,289.20, 73.46, 29.94, 51.70,
1998,30, 0.312,289.52, 77.07, 26.17, 51.62,
1998,31, 0.319,289.57, 78.70, 25.06, 51.88,
1998,32, 0.326,289.43, 79.42, 25.88, 52.65,
1998,33, 0.336,289.73, 80.37, 25.39, 52.88,
1998,34, 0.346,290.24, 81.02, 24.44, 52.73,
1998,35, 0.353,290.72, 80.46, 23.83, 52.14,
1998,36, 0.351,290.67, 76.74, 26.27, 51.51,
1998,37, 0.347,290.49, 72.22, 29.42, 50.82,
1998,38, 0.343,290.27, 67.61, 32.78, 50.19,
1998,39, 0.343,290.49, 63.58, 34.87, 49.23,
1998,40, 0.345,291.08, 60.35, 36.13, 48.24,
1998,41, 0.345,291.64, 57.69, 36.68, 47.18,
1998,42, 0.344,292.17, 54.67, 37.46, 46.07,
1998,43, 0.339,292.47, 51.01, 40.30, 45.65,
1998,44, 0.330,292.87, 45.43, 43.35, 44.39,
1998,45, 0.321,293.46, 41.18, 45.34, 43.26,
1998,46, 0.310,293.79, 36.18, 50.97, 43.58,
1998,47, 0.300,294.05, 32.68, 58.52, 45.60,
1998,48, 0.290,294.35, 30.22, 65.61, 47.92,
1998,49, 0.281,294.89, 28.57, 68.22, 48.39,
1998,50, 0.275,295.54, 30.29, 69.84, 50.07,
1998,51, 0.271,296.20, 33.81, 70.13, 51.97,
1998,52, 0.264,296.87, 35.69, 71.78, 53.74,
1999, 1, 0.258,297.45, 34.44, 75.25, 54.84,
1999, 2, 0.250,297.90, 35.71, 76.63, 56.17,
1999, 3, 0.243,298.55, 38.31, 75.91, 57.11,
1999, 4, 0.234,299.16, 39.50, 74.88, 57.19,
1999, 5, 0.225,299.93, 39.67, 71.58, 55.62,
1999, 6, 0.220,300.73, 41.50, 66.11, 53.81,
1999, 7, 0.214,301.15, 42.49, 65.33, 53.91,
1999, 8, 0.209,301.54, 42.81, 64.97, 53.89,
1999, 9, 0.208,301.93, 44.90, 61.84, 53.37,
1999,10, 0.208,302.19, 47.46, 58.16, 52.81,
1999,11, 0.208,301.78, 49.00, 60.08, 54.54,
1999,12, 0.207,300.60, 49.18, 68.01, 58.60,
1999,13, 0.207,298.79, 49.18, 77.92, 63.55,
1999,14, 0.213,296.99, 51.61, 84.82, 68.22,
1999,15, 0.222,295.27, 54.87, 89.56, 72.21,
1999,16, 0.233,293.75, 59.06, 92.28, 75.67,
1999,17, 0.245,292.51, 62.22, 92.00, 77.11,
1999,18, 0.252,291.25, 63.09, 90.78, 76.94,
1999,19, 0.257,290.09, 63.13, 88.54, 75.83,
1999,20, 0.259,289.18, 61.06, 83.93, 72.50,
1999,21, 0.257,288.02, 57.60, 81.35, 69.47,
1999,22, 0.259,287.43, 56.80, 75.83, 66.31,
1999,23, 0.262,287.25, 56.60, 69.06, 62.83,
1999,24, 0.263,287.09, 56.79, 62.73, 59.76,
1999,25, 0.266,286.89, 57.58, 58.85, 58.21,
1999,26, 0.271,287.00, 60.33, 54.04, 57.19,
1999,27, 0.276,287.15, 62.45, 49.43, 55.94,
1999,28, 0.276,286.91, 62.33, 47.39, 54.86,
1999,29, 0.275,286.43, 61.19, 47.86, 54.53,
1999,30, 0.279,286.37, 61.69, 46.44, 54.07,
1999,31, 0.283,286.25, 61.97, 46.25, 54.11,
1999,32, 0.291,286.48, 63.53, 44.77, 54.15,
1999,33, 0.304,287.07, 65.92, 42.69, 54.31,
1999,34, 0.317,287.63, 67.63, 41.86, 54.75,
1999,35, 0.327,288.06, 68.39, 42.52, 55.45,
1999,36, 0.333,288.43, 68.24, 43.60, 55.92,
1999,37, 0.337,288.65, 67.01, 45.63, 56.32,
1999,38, 0.343,289.06, 66.55, 46.56, 56.56,
1999,39, 0.350,289.78, 66.16, 46.79, 56.47,
1999,40, 0.351,290.17, 63.00, 50.80, 56.90,
1999,41, 0.344,290.00, 56.70, 60.41, 58.55,
1999,42, 0.334,289.80, 48.45, 70.59, 59.52,
1999,43, 0.323,289.84, 41.17, 77.57, 59.37,
1999,44, 0.316,290.33, 36.74, 79.85, 58.30,
1999,45, 0.311,291.15, 34.49, 78.87, 56.68,
1999,46, 0.305,292.13, 32.95, 76.01, 54.48,
1999,47, 0.297,292.98, 31.50, 74.19, 52.84,
1999,48, 0.289,293.43, 29.95, 78.29, 54.12,
1999,49, 0.280,293.84, 28.56, 82.37, 55.46,
1999,50, 0.272,294.44, 28.57, 85.49, 57.03,
1999,51, 0.262,295.36, 27.60, 82.58, 55.09,
1999,52, 0.256,296.81, 28.69, 72.88, 50.78,
2000, 1, 0.248,297.97, 28.83, 65.21, 47.02,
2000, 2, 0.241,298.73, 30.68, 62.17, 46.42,
2000, 3, 0.233,299.29, 31.91, 61.98, 46.95,
2000, 4, 0.226,299.58, 33.11, 65.96, 49.53,
2000, 5, 0.221,299.61, 34.92, 72.45, 53.68,
2000, 6, 0.214,299.25, 35.92, 79.81, 57.87,
2000, 7, 0.208,299.17, 37.14, 83.28, 60.21,
2000, 8, 0.203,299.23, 37.39, 85.14, 61.27,
2000, 9, 0.201,298.94, 37.96, 87.85, 62.90,
2000,10, 0.201,298.73, 39.96, 88.79, 64.38,
2000,11, 0.202,298.63, 42.76, 87.13, 64.94,
2000,12, 0.204,298.39, 44.29, 85.94, 65.12,
2000,13, 0.203,297.39, 43.43, 86.96, 65.19,
2000,14, 0.207,295.90, 45.00, 88.89, 66.94,
2000,15, 0.218,294.59, 50.29, 89.29, 69.79,
2000,16, 0.230,293.51, 55.68, 88.66, 72.17,
2000,17, 0.243,292.53, 59.88, 86.91, 73.40,
2000,18, 0.252,291.42, 61.31, 85.08, 73.20,
2000,19, 0.261,290.80, 63.24, 80.35, 71.79,
2000,20, 0.268,290.51, 64.23, 73.37, 68.80,
2000,21, 0.267,289.84, 61.51, 68.30, 64.90,
2000,22, 0.260,288.81, 56.07, 66.29, 61.18,
2000,23, 0.255,288.24, 51.53, 62.16, 56.84,
2000,24, 0.250,287.97, 49.00, 56.45, 52.73,
2000,25, 0.247,287.70, 46.97, 52.90, 49.93,
2000,26, 0.244,287.47, 45.11, 50.57, 47.84,
2000,27, 0.243,287.40, 44.11, 47.67, 45.89,
2000,28, 0.244,287.44, 45.06, 44.05, 44.56,
2000,29, 0.245,287.37, 45.77, 41.92, 43.85,
2000,30, 0.249,287.45, 46.67, 39.66, 43.17,
2000,31, 0.252,287.48, 47.13, 38.51, 42.82,
2000,32, 0.254,287.32, 46.54, 39.43, 42.99,
2000,33, 0.251,286.64, 42.44, 45.61, 44.03,
2000,34, 0.245,285.93, 36.40, 53.06, 44.73,
2000,35, 0.239,285.44, 31.33, 59.93, 45.63,
2000,36, 0.242,285.74, 29.71, 62.04, 45.87,
2000,37, 0.252,286.49, 30.53, 61.20, 45.86,
2000,38, 0.267,287.54, 33.53, 57.29, 45.41,
2000,39, 0.283,288.59, 36.64, 54.83, 45.74,
2000,40, 0.298,289.20, 39.41, 56.37, 47.89,
2000,41, 0.313,289.88, 43.73, 56.83, 50.28,
2000,42, 0.323,291.07, 46.23, 52.47, 49.35,
2000,43, 0.328,292.40, 47.42, 44.95, 46.18,
2000,44, 0.327,293.61, 46.90, 38.37, 42.63,
2000,45, 0.321,294.37, 44.42, 37.01, 40.71,
2000,46, 0.313,295.27, 42.02, 34.61, 38.31,
2000,47, 0.304,296.44, 39.48, 30.18, 34.83,
2000,48, 0.294,297.33, 36.80, 27.99, 32.39,
2000,49, 0.287,298.30, 36.08, 24.58, 30.33,
2000,50, 0.281,299.25, 37.00, 21.81, 29.41,
2000,51, 0.273,299.88, 36.69, 21.32, 29.00,
2000,52, 0.263,299.99, 35.03, 27.21, 31.12,
2001, 1, 0.253,299.85, 32.21, 37.46, 34.83,
2001, 2, 0.248,300.12, 33.60, 41.63, 37.61,
2001, 3, 0.241,300.61, 34.63, 43.34, 38.98,
2001, 4, 0.233,300.86, 34.94, 47.95, 41.44,
2001, 5, 0.228,301.18, 37.07, 51.57, 44.32,
2001, 6, 0.221,301.58, 38.20, 53.23, 45.71,
2001, 7, 0.216,301.94, 40.03, 54.75, 47.39,
2001, 8, 0.210,301.81, 39.76, 60.92, 50.34,
2001, 9, 0.206,301.22, 39.90, 68.49, 54.19,
2001,10, 0.204,300.25, 41.06, 76.26, 58.66,
2001,11, 0.206,299.52, 44.10, 79.84, 61.97,
2001,12, 0.214,299.30, 49.69, 79.08, 64.39,
2001,13, 0.225,299.43, 55.56, 73.15, 64.36,
2001,14, 0.234,299.51, 58.68, 65.62, 62.15,
2001,15, 0.242,299.30, 60.61, 59.22, 59.92,
2001,16, 0.246,298.32, 60.66, 58.09, 59.37,
2001,17, 0.250,296.84, 59.91, 59.65, 59.78,
2001,18, 0.255,295.40, 59.60, 59.76, 59.68,
2001,19, 0.257,293.82, 58.85, 60.31, 59.58,
2001,20, 0.259,292.25, 57.46, 62.43, 59.94,
2001,21, 0.262,291.28, 57.09, 58.99, 58.04,
2001,22, 0.263,290.51, 55.89, 54.84, 55.36,
2001,23, 0.259,289.40, 52.93, 54.62, 53.78,
2001,24, 0.254,288.21, 49.91, 55.36, 52.64,
2001,25, 0.246,287.03, 45.89, 57.78, 51.84,
2001,26, 0.241,286.21, 42.69, 58.95, 50.82,
2001,27, 0.239,285.81, 42.02, 57.97, 50.00,
2001,28, 0.242,285.49, 43.77, 56.58, 50.18,
2001,29, 0.246,285.38, 45.72, 54.58, 50.15,
2001,30, 0.254,286.01, 48.66, 48.74, 48.70,
2001,31, 0.263,286.53, 51.35, 44.39, 47.87,
2001,32, 0.268,286.49, 52.00, 44.78, 48.39,
2001,33, 0.271,286.14, 50.51, 49.27, 49.89,
2001,34, 0.281,286.58, 51.23, 49.78, 50.50,
2001,35, 0.295,287.55, 53.84, 47.14, 50.49,
2001,36, 0.308,288.35, 56.40, 45.38, 50.89,
2001,37, 0.320,289.07, 58.78, 43.29, 51.04,
2001,38, 0.330,289.65, 60.05, 41.58, 50.82,
2001,39, 0.337,290.27, 59.49, 41.19, 50.34,
2001,40, 0.341,290.88, 57.67, 41.91, 49.79,
2001,41, 0.340,290.91, 54.01, 48.72, 51.36,
2001,42, 0.338,291.22, 49.68, 53.25, 51.47,
2001,43, 0.340,292.14, 48.98, 50.54, 49.76,
2001,44, 0.339,292.82, 48.33, 50.16, 49.25,
2001,45, 0.335,293.52, 47.89, 50.27, 49.08,
2001,46, 0.332,294.40, 48.88, 48.94, 48.91,
2001,47, 0.327,295.20, 49.72, 48.95, 49.34,
2001,48, 0.318,295.75, 48.44, 51.52, 49.98,
2001,49, 0.307,296.12, 45.45, 55.83, 50.64,
2001,50, 0.298,296.61, 46.06, 59.62, 52.84,
2001,51, 0.290,297.27, 46.40, 59.64, 53.02,
2001,52, 0.280,297.83, 45.93, 61.47, 53.70,
2002, 1, 0.269,298.50, 43.84, 61.84, 52.84,
2002, 2, 0.259,299.33, 43.26, 57.30, 50.28,
2002, 3, 0.249,300.11, 43.03, 53.95, 48.49,
2002, 4, 0.240,300.83, 43.62, 51.77, 47.70,
2002, 5, 0.233,301.47, 45.36, 50.15, 47.75,
2002, 6, 0.228,302.16, 47.89, 46.99, 47.44,
2002, 7, 0.223,302.87, 49.34, 44.02, 46.68,
2002, 8, 0.217,303.20, 48.07, 45.83, 46.95,
2002, 9, 0.212,303.29, 46.50, 47.87, 47.19,
2002,10, 0.209,303.42, 47.09, 46.87, 46.98,
2002,11, 0.210,303.40, 48.62, 45.99, 47.31,
2002,12, 0.210,303.14, 49.27, 46.04, 47.65,
2002,13, 0.211,302.50, 48.87, 47.14, 48.01,
2002,14, 0.216,302.04, 50.39, 44.58, 47.49,
2002,15, 0.222,301.20, 51.50, 44.20, 47.85,
2002,16, 0.226,299.62, 50.88, 48.69, 49.78,
2002,17, 0.228,297.83, 49.26, 52.91, 51.09,
2002,18, 0.233,296.20, 48.78, 54.21, 51.50,
2002,19, 0.239,294.76, 49.50, 53.49, 51.49,
2002,20, 0.245,293.46, 49.34, 53.47, 51.40,
2002,21, 0.247,291.90, 47.77, 54.95, 51.36,
2002,22, 0.250,290.64, 47.53, 54.55, 51.04,
2002,23, 0.252,289.66, 47.41, 53.35, 50.38,
2002,24, 0.250,288.79, 46.79, 51.92, 49.36,
2002,25, 0.244,287.45, 43.44, 55.68, 49.56,
2002,26, 0.237,286.25, 39.88, 59.63, 49.75,
2002,27, 0.235,286.04, 39.81, 57.20, 48.50,
2002,28, 0.237,285.90, 41.24, 54.25, 47.74,
2002,29, 0.233,284.91, 39.65, 57.56, 48.61,
2002,30, 0.231,283.97, 37.85, 61.41, 49.63,
2002,31, 0.230,283.28, 36.22, 64.28, 50.25,
2002,32, 0.234,283.42, 36.53, 63.79, 50.16,
2002,33, 0.241,283.89, 36.84, 63.39, 50.12,
2002,34, 0.250,284.51, 37.04, 63.10, 50.07,
2002,35, 0.262,285.42, 38.75, 61.58, 50.17,
2002,36, 0.274,286.41, 40.44, 59.45, 49.95,
2002,37, 0.288,287.52, 43.94, 55.19, 49.57,
2002,38, 0.304,288.37, 47.62, 52.33, 49.97,
2002,39, 0.318,289.23, 49.88, 51.96, 50.92,
2002,40, 0.331,290.41, 52.04, 49.86, 50.95,
2002,41, 0.342,291.42, 54.48, 48.10, 51.29,
2002,42, 0.345,291.92, 52.77, 51.82, 52.30,
2002,43, 0.345,292.26, 51.18, 55.62, 53.40,
2002,44, 0.341,292.55, 48.79, 59.12, 53.96,
2002,45, 0.336,293.05, 47.57, 60.86, 54.22,
2002,46, 0.332,293.72, 48.01, 61.91, 54.96,
2002,47, 0.328,294.46, 49.40, 61.90, 55.65,
2002,48, 0.323,295.09, 50.01, 63.62, 56.82,
2002,49, 0.316,295.63, 49.89, 65.40, 57.65,
2002,50, 0.312,296.26, 54.68, 66.24, 60.46,
2002,51, 0.308,296.83, 58.79, 66.36, 62.57,
2002,52, 0.303,297.49, 61.63, 66.52, 64.08,
2003, 1, 0.297,298.19, 62.48, 66.35, 64.41,
2003, 2, 0.292,299.03, 65.63, 61.88, 63.76,
2003, 3, 0.286,299.81, 67.63, 59.13, 63.38,
2003, 4, 0.278,300.38, 68.81, 59.13, 63.97,
2003, 5, 0.269,300.80, 67.99, 60.83, 64.41,
2003, 6, 0.258,300.86, 65.32, 64.98, 65.15,
2003, 7, 0.251,301.01, 65.34, 67.47, 66.40,
2003, 8, 0.247,301.38, 66.12, 67.54, 66.83,
2003, 9, 0.244,301.32, 66.19, 69.47, 67.83,
2003,10, 0.243,301.09, 67.73, 70.91, 69.32,
2003,11, 0.246,300.95, 70.97, 69.82, 70.40,
2003,12, 0.251,300.85, 73.53, 68.01, 70.77,
2003,13, 0.256,300.71, 74.54, 64.19, 69.37,
2003,14, 0.261,300.47, 74.97, 59.39, 67.18,
2003,15, 0.265,300.25, 74.82, 53.08, 63.95,
2003,16, 0.270,299.83, 74.23, 47.75, 60.99,
2003,17, 0.271,298.99, 71.71, 44.39, 58.05,
2003,18, 0.267,297.65, 67.10, 43.81, 55.45,
2003,19, 0.264,296.20, 63.40, 42.66, 53.03,
2003,20, 0.266,295.36, 61.17, 38.65, 49.91,
2003,21, 0.268,294.71, 59.75, 33.97, 46.86,
2003,22, 0.268,293.70, 57.89, 32.00, 44.95,
2003,23, 0.268,292.60, 56.63, 31.93, 44.28,
2003,24, 0.271,291.85, 58.31, 29.69, 44.00,
2003,25, 0.277,291.45, 61.17, 27.16, 44.16,
2003,26, 0.282,290.99, 63.38, 26.81, 45.09,
2003,27, 0.286,290.38, 64.64, 27.92, 46.28,
2003,28, 0.290,290.13, 66.61, 26.62, 46.61,
2003,29, 0.295,290.05, 68.30, 25.03, 46.67,
2003,30, 0.293,289.32, 65.94, 28.31, 47.12,
2003,31, 0.291,288.82, 63.82, 30.69, 47.26,
2003,32, 0.291,288.38, 61.94, 33.39, 47.67,
2003,33, 0.292,288.18, 59.36, 36.39, 47.88,
2003,34, 0.291,287.81, 55.57, 41.78, 48.68,
2003,35, 0.291,287.42, 51.90, 47.95, 49.93,
2003,36, 0.294,287.44, 49.90, 51.66, 50.78,
2003,37, 0.304,288.20, 51.36, 49.69, 50.53,
2003,38, 0.315,289.14, 53.08, 45.08, 49.08,
2003,39, 0.326,290.07, 54.22, 42.13, 48.18,
2003,40, 0.335,290.92, 54.48, 41.08, 47.78,
2003,41, 0.346,292.45, 56.96, 32.47, 44.72,
2003,42, 0.350,293.78, 56.11, 24.79, 40.45,
2003,43, 0.347,294.66, 53.30, 22.96, 38.13,
2003,44, 0.346,295.82, 52.53, 17.79, 35.16,
2003,45, 0.342,296.95, 50.88, 12.68, 31.78,
2003,46, 0.332,297.59, 47.01, 12.06, 29.54,
2003,47, 0.322,297.97, 44.20, 14.70, 29.45,
2003,48, 0.311,298.12, 41.51, 20.30, 30.90,
2003,49, 0.302,298.49, 39.70, 23.59, 31.65,
2003,50, 0.292,298.92, 39.92, 26.27, 33.09,
2003,51, 0.287,299.45, 42.18, 27.33, 34.75,
2003,52, 0.284,300.07, 46.65, 28.27, 37.46,
2004, 1, 0.280,300.84, 49.25, 27.37, 38.31,
2004, 2,-1.000, -1.00, -1.00, -1.00, -1.00,
2004, 3,-1.000, -1.00, -1.00, -1.00, -1.00,
2004, 4,-1.000, -1.00, -1.00, -1.00, -1.00,
2004, 5, 0.261,302.06, 63.78, 41.87, 52.83,
2004, 6, 0.253,302.27, 63.34, 45.23, 54.29,
2004, 7, 0.246,302.64, 63.90, 46.10, 55.00,
2004, 8, 0.243,303.12, 64.77, 45.81, 55.29,
2004, 9, 0.241,303.61, 65.47, 43.26, 54.37,
2004,10, 0.237,303.45, 65.36, 45.20, 55.28,
2004,11,-1.000, -1.00, -1.00, -1.00, -1.00,
2004,12,-1.000, -1.00, -1.00, -1.00, -1.00,
2004,13,-1.000, -1.00, -1.00, -1.00, -1.00,
2004,14,-1.000, -1.00, -1.00, -1.00, -1.00,
2004,15,-1.000, -1.00, -1.00, -1.00, -1.00,
2004,16,-1.000, -1.00, -1.00, -1.00, -1.00,
2004,17,-1.000, -1.00, -1.00, -1.00, -1.00,
2004,18,-1.000, -1.00, -1.00, -1.00, -1.00,
2004,19,-1.000, -1.00, -1.00, -1.00, -1.00,
2004,20,-1.000, -1.00, -1.00, -1.00, -1.00,
2004,21,-1.000, -1.00, -1.00, -1.00, -1.00,
2004,22,-1.000, -1.00, -1.00, -1.00, -1.00,
2004,23,-1.000, -1.00, -1.00, -1.00, -1.00,
2004,24,-1.000, -1.00, -1.00, -1.00, -1.00,
2004,25, 0.252,287.78, 48.93, 49.44, 49.19,
2004,26, 0.254,287.62, 49.39, 47.45, 48.42,
2004,27, 0.256,287.19, 50.64, 47.51, 49.08,
2004,28, 0.258,286.69, 51.84, 47.51, 49.68,
2004,29,-1.000, -1.00, -1.00, -1.00, -1.00,
2004,30, 0.261,286.08, 52.24, 47.78, 50.01,
2004,31, 0.265,286.20, 52.29, 46.66, 49.47,
2004,32, 0.270,286.39, 52.90, 45.73, 49.32,
2004,33, 0.276,286.64, 52.84, 46.12, 49.48,
2004,34, 0.282,286.82, 51.49, 48.13, 49.81,
2004,35, 0.288,287.28, 50.72, 49.02, 49.87,
2004,36, 0.295,287.74, 50.29, 49.64, 49.96,
2004,37, 0.305,288.69, 51.71, 46.17, 48.94,
2004,38, 0.315,290.11, 52.92, 37.87, 45.39,
2004,39, 0.321,291.73, 51.30, 29.33, 40.31,
2004,40, 0.325,293.19, 48.75, 22.21, 35.48,
2004,41, 0.326,294.38, 45.49, 16.96, 31.22,
2004,42, 0.325,295.51, 41.74, 12.38, 27.06,
2004,43, 0.324,296.50, 39.01,  9.27, 24.14,
2004,44, 0.323,297.26, 36.89,  7.96, 22.43,
2004,45, 0.321,298.01, 36.04,  6.15, 21.09,
2004,46, 0.313,298.28, 33.72,  7.77, 20.74,
2004,47, 0.302,298.52, 30.64, 11.00, 20.82,
2004,48, 0.290,298.93, 28.38, 13.46, 20.92,
2004,49, 0.280,299.29, 26.78, 15.97, 21.38,
2004,50, 0.271,299.68, 27.18, 17.88, 22.53,
2004,51, 0.262,300.01, 27.14, 20.63, 23.88,
2004,52, 0.253,300.44, 26.76, 23.81, 25.28,
2005, 1, 0.243,300.86, 23.47, 28.00, 25.74,
2005, 2, 0.231,301.21, 22.23, 31.16, 26.70,
2005, 3, 0.221,301.80, 21.75, 31.00, 26.37,
2005, 4, 0.212,302.44, 21.66, 30.70, 26.18,
2005, 5, 0.205,303.07, 22.26, 29.95, 26.11,
2005, 6, 0.200,303.68, 23.82, 28.71, 26.27,
2005, 7, 0.197,304.07, 25.66, 30.07, 27.87,
2005, 8, 0.193,304.34, 27.01, 33.04, 30.03,
2005, 9, 0.190,304.26, 27.39, 37.42, 32.40,
2005,10, 0.187,303.90, 27.91, 41.71, 34.81,
2005,11, 0.186,303.38, 28.94, 45.59, 37.27,
2005,12, 0.186,302.51, 29.87, 51.13, 40.50,
2005,13, 0.189,301.67, 31.65, 53.91, 42.78,
2005,14, 0.196,301.18, 34.65, 51.74, 43.19,
2005,15, 0.202,300.56, 36.99, 49.43, 43.21,
2005,16, 0.207,299.71, 38.13, 47.85, 42.99,
2005,17, 0.211,298.55, 38.04, 47.19, 42.61,
2005,18, 0.214,297.06, 37.47, 47.74, 42.60,
2005,19, 0.216,294.91, 36.50, 52.49, 44.50,
2005,20, 0.219,292.94, 35.91, 56.59, 46.25,
2005,21, 0.221,291.04, 34.93, 59.24, 47.08,
2005,22, 0.222,289.18, 34.50, 62.15, 48.33,
2005,23, 0.222,287.44, 33.71, 65.24, 49.47,
2005,24, 0.223,286.30, 34.62, 65.24, 49.93,
2005,25, 0.228,285.97, 36.90, 62.78, 49.84,
2005,26, 0.235,286.45, 40.75, 56.97, 48.86,
2005,27, 0.248,287.77, 47.59, 45.31, 46.45,
2005,28, 0.254,288.27, 51.02, 38.62, 44.82,
2005,29, 0.250,286.31, 48.99, 48.57, 48.78,
2005,30, 0.246,287.08, 45.83, 41.81, 43.82,
2005,31, 0.243,286.41, 42.89, 44.84, 43.86,
2005,32, 0.246,286.16, 42.41, 46.45, 44.43,
2005,33, 0.259,286.92, 44.77, 43.85, 44.31,
2005,34, 0.275,288.00, 48.00, 40.07, 44.03,
2005,35, 0.292,289.01, 51.86, 36.82, 44.34,
2005,36, 0.305,289.70, 54.52, 35.23, 44.88,
2005,37, 0.316,290.32, 56.27, 33.70, 44.98,
2005,38, 0.326,290.94, 57.48, 32.09, 44.79,
2005,39, 0.333,291.61, 56.64, 31.30, 43.97,
2005,40, 0.339,292.52, 55.92, 27.98, 41.95,
2005,41, 0.340,292.97, 53.41, 27.94, 40.68,
2005,42, 0.334,292.92, 47.35, 33.50, 40.42,
2005,43, 0.329,293.12, 43.06, 38.65, 40.86,
2005,44, 0.325,293.62, 40.10, 40.98, 40.54,
2005,45, 0.321,294.10, 38.83, 42.64, 40.74,
2005,46, 0.317,294.59, 40.20, 43.86, 42.03,
2005,47, 0.312,294.88, 41.88, 47.04, 44.46,
2005,48, 0.306,295.22, 43.77, 49.39, 46.58,
2005,49, 0.300,295.56, 44.79, 51.88, 48.34,
2005,50, 0.296,296.15, 48.39, 54.38, 51.39,
2005,51, 0.293,297.08, 52.09, 52.53, 52.31,
2005,52, 0.290,298.10, 55.50, 50.11, 52.80,
2006, 1, 0.288,299.19, 59.46, 46.50, 52.98,
2006, 2, 0.286,300.35, 63.69, 39.01, 51.35,
2006, 3, 0.280,301.16, 65.23, 36.37, 50.80,
2006, 4, 0.272,301.72, 65.42, 37.86, 51.64,
2006, 5, 0.263,302.01, 64.51, 42.80, 53.66,
2006, 6, 0.254,302.10, 63.33, 48.62, 55.97,
2006, 7, 0.246,302.13, 62.95, 54.26, 58.60,
2006, 8, 0.239,302.07, 60.60, 60.09, 60.34,
2006, 9, 0.234,302.07, 58.95, 61.89, 60.42,
2006,10, 0.230,301.85, 58.46, 63.84, 61.15,
2006,11, 0.228,301.37, 58.12, 66.26, 62.19,
2006,12, 0.228,300.75, 58.54, 69.24, 63.89,
2006,13, 0.229,299.76, 58.01, 72.51, 65.26,
2006,14, 0.232,298.77, 58.25, 73.40, 65.83,
2006,15, 0.239,298.13, 60.44, 70.17, 65.30,
2006,16, 0.246,297.48, 61.97, 66.17, 64.07,
2006,17, 0.252,296.65, 62.35, 62.37, 62.36,
2006,18, 0.254,295.39, 61.18, 60.98, 61.08,
2006,19, 0.257,294.22, 60.33, 58.29, 59.31,
2006,20, 0.260,293.41, 59.06, 53.97, 56.51,
2006,21, 0.261,292.53, 57.10, 50.16, 53.63,
2006,22, 0.259,291.49, 54.63, 48.05, 51.34,
2006,23, 0.259,290.69, 52.90, 45.45, 49.18,
2006,24, 0.255,289.89, 51.07, 43.22, 47.15,
2006,25, 0.250,289.06, 48.60, 43.28, 45.94,
2006,26, 0.244,288.13, 45.42, 45.85, 45.63,
2006,27, 0.240,287.41, 43.28, 47.33, 45.31,
2006,28, 0.241,287.21, 44.17, 45.23, 44.70,
2006,29, 0.244,287.12, 45.64, 42.97, 44.30,
2006,30, 0.249,287.12, 46.76, 41.12, 43.94,
2006,31, 0.253,286.93, 46.81, 41.44, 44.13,
2006,32, 0.261,287.30, 48.74, 39.22, 43.98,
2006,33, 0.273,288.20, 51.13, 35.34, 43.23,
2006,34, 0.290,289.52, 54.98, 29.45, 42.21,
2006,35, 0.305,290.62, 58.27, 25.02, 41.65,
2006,36, 0.317,291.44, 60.20, 21.90, 41.05,
2006,37, 0.322,291.79, 59.47, 21.72, 40.60,
2006,38, 0.324,292.04, 57.23, 22.50, 39.87,
2006,39, 0.327,292.58, 54.38, 22.59, 38.49,
2006,40, 0.331,293.46, 52.41, 20.09, 36.25,
2006,41, 0.338,294.60, 52.40, 14.42, 33.41,
2006,42, 0.343,295.74, 52.26,  8.15, 30.20,
2006,43, 0.344,296.68, 51.21,  4.69, 27.95,
2006,44, 0.338,297.27, 47.22,  4.39, 25.81,
2006,45, 0.329,297.65, 42.48,  5.29, 23.89,
2006,46, 0.320,298.04, 39.37,  6.57, 22.97,
2006,47, 0.314,298.48, 39.20,  8.65, 23.93,
2006,48, 0.307,298.83, 39.70, 11.84, 25.77,
2006,49, 0.301,298.99, 40.23, 17.15, 28.69,
2006,50, 0.293,299.09, 42.78, 23.21, 33.00,
2006,51, 0.285,299.33, 44.27, 27.42, 35.85,
2006,52, 0.277,299.71, 45.36, 31.16, 38.26,
2007, 1, 0.270,300.14, 45.18, 35.09, 40.14,
2007, 2, 0.263,300.58, 46.47, 37.59, 42.03,
2007, 3, 0.257,301.15, 48.84, 38.06, 43.45,
2007, 4, 0.252,301.92, 50.86, 35.86, 43.36,
2007, 5, 0.245,302.52, 51.40, 35.76, 43.58,
2007, 6, 0.239,303.13, 52.11, 34.68, 43.40,
2007, 7, 0.234,303.72, 52.89, 33.70, 43.30,
2007, 8, 0.228,303.97, 51.62, 37.75, 44.69,
2007, 9, 0.224,304.08, 50.90, 40.85, 45.87,
2007,10, 0.222,304.12, 51.88, 41.50, 46.69,
2007,11, 0.220,303.53, 52.58, 46.05, 49.31,
2007,12, 0.221,303.00, 53.42, 48.29, 50.86,
2007,13, 0.224,302.75, 54.64, 45.51, 50.08,
2007,14, 0.227,302.02, 54.82, 45.12, 49.97,
2007,15, 0.229,300.86, 53.41, 47.18, 50.30,
2007,16, 0.230,299.42, 51.76, 50.43, 51.10,
2007,17, 0.233,297.95, 50.68, 52.09, 51.39,
2007,18, 0.238,296.40, 50.19, 52.92, 51.55,
2007,19, 0.244,295.17, 51.43, 50.41, 50.92,
2007,20, 0.252,294.26, 52.82, 46.91, 49.87,
2007,21, 0.262,293.89, 56.31, 39.32, 47.81,
2007,22, 0.270,293.34, 59.13, 33.75, 46.44,
2007,23, 0.275,292.70, 60.78, 30.23, 45.50,
2007,24, 0.272,291.28, 59.18, 33.25, 46.21,
2007,25, 0.265,289.78, 55.91, 38.92, 47.42,
2007,26, 0.264,289.30, 55.14, 38.49, 46.81,
2007,27, 0.264,289.03, 55.51, 36.82, 46.17,
2007,28, 0.264,288.44, 55.44, 37.49, 46.46,
2007,29, 0.267,288.16, 56.59, 36.86, 46.72,
2007,30, 0.268,287.78, 56.02, 37.73, 46.88,
2007,31, 0.271,287.64, 55.49, 37.79, 46.64,
2007,32, 0.276,287.85, 56.11, 36.24, 46.17,
2007,33, 0.279,287.68, 54.07, 39.20, 46.64,
2007,34, 0.286,288.20, 53.55, 38.73, 46.14,
2007,35, 0.295,288.84, 53.71, 37.85, 45.78,
2007,36, 0.300,289.15, 52.63, 38.87, 45.75,
2007,37, 0.303,289.25, 50.38, 41.34, 45.86,
2007,38, 0.301,289.00, 46.41, 46.55, 46.48,
2007,39, 0.304,289.52, 43.46, 47.65, 45.56,
2007,40, 0.310,290.50, 41.46, 45.99, 43.73,
2007,41, 0.313,291.06, 39.40, 47.36, 43.38,
2007,42, 0.318,291.89, 38.83, 45.64, 42.23,
2007,43, 0.320,292.65, 38.71, 44.04, 41.37,
2007,44, 0.323,293.84, 39.97, 37.42, 38.69,
2007,45, 0.325,295.30, 42.56, 28.57, 35.57,
2007,46, 0.322,296.01, 42.24, 29.93, 36.08,
2007,47, 0.318,296.93, 42.87, 28.21, 35.54,
2007,48, 0.315,298.00, 45.39, 23.39, 34.39,
2007,49, 0.309,298.54, 45.33, 24.35, 34.84,
2007,50, 0.301,298.86, 46.61, 28.42, 37.51,
2007,51, 0.297,299.22, 49.84, 31.59, 40.72,
2007,52, 0.292,299.74, 53.05, 34.12, 43.59,
2008, 1, 0.287,300.19, 55.07, 38.57, 46.82,
2008, 2, 0.283,300.57, 59.11, 41.02, 50.06,
2008, 3, 0.274,300.59, 60.42, 49.01, 54.72,
2008, 4, 0.263,300.49, 59.69, 58.52, 59.10,
2008, 5, 0.252,300.48, 58.46, 65.92, 62.19,
2008, 6, 0.245,300.67, 59.51, 68.22, 63.87,
2008, 7, 0.239,300.81, 61.04, 70.20, 65.62,
2008, 8, 0.236,301.40, 62.40, 66.16, 64.28,
2008, 9, 0.233,302.01, 63.20, 60.65, 61.92,
2008,10, 0.230,302.13, 62.56, 58.83, 60.70,
2008,11, 0.225,301.71, 59.75, 61.12, 60.44,
2008,12, 0.225,301.30, 58.95, 62.55, 60.75,
2008,13, 0.228,300.77, 59.12, 62.45, 60.79,
2008,14, 0.231,299.83, 59.21, 64.00, 61.60,
2008,15, 0.236,298.74, 59.62, 65.07, 62.34,
2008,16, 0.238,297.46, 58.53, 66.41, 62.47,
2008,17, 0.240,296.12, 56.06, 67.28, 61.67,
2008,18, 0.240,294.66, 53.05, 67.74, 60.39,
2008,19, 0.243,293.47, 51.82, 65.53, 58.67,
2008,20, 0.246,292.25, 50.44, 64.06, 57.25,
2008,21, 0.251,291.42, 50.22, 59.49, 54.85,
2008,22, 0.254,290.84, 50.26, 53.65, 51.95,
2008,23, 0.256,290.29, 50.55, 48.82, 49.69,
2008,24, 0.257,289.70, 51.28, 44.98, 48.13,
2008,25, 0.257,289.13, 51.34, 43.42, 47.38,
2008,26, 0.260,288.83, 52.35, 41.57, 46.96,
2008,27, 0.265,288.84, 54.92, 37.92, 46.42,
2008,28, 0.268,288.57, 56.83, 36.30, 46.56,
2008,29, 0.272,288.32, 58.27, 35.52, 46.89,
2008,30, 0.273,287.86, 57.51, 36.96, 47.24,
2008,31, 0.278,287.97, 58.26, 35.37, 46.81,
2008,32, 0.286,288.40, 60.51, 32.64, 46.58,
2008,33, 0.294,288.54, 60.83, 33.70, 47.27,
2008,34, 0.302,288.78, 60.17, 35.35, 47.76,
2008,35, 0.309,289.27, 59.81, 35.77, 47.79,
2008,36, 0.314,289.57, 58.64, 37.19, 47.91,
2008,37, 0.317,289.74, 56.86, 39.71, 48.28,
2008,38, 0.318,289.69, 54.06, 44.57, 49.31,
2008,39, 0.324,290.32, 52.41, 45.98, 49.20,
2008,40, 0.327,290.89, 49.02, 48.84, 48.93,
2008,41, 0.328,291.13, 45.54, 54.65, 50.09,
2008,42, 0.329,291.60, 42.52, 58.12, 50.32,
2008,43, 0.329,292.09, 40.39, 60.80, 50.60,
2008,44, 0.326,292.56, 38.46, 62.60, 50.53,
2008,45, 0.323,293.01, 38.45, 64.37, 51.41,
2008,46, 0.321,293.60, 41.02, 64.40, 52.71,
2008,47, 0.319,294.44, 44.31, 61.38, 52.85,
2008,48, 0.314,295.33, 45.94, 58.47, 52.20,
2008,49, 0.308,296.18, 46.70, 55.20, 50.95,
2008,50, 0.302,296.94, 49.95, 54.04, 52.00,
2008,51, 0.299,297.81, 53.67, 50.67, 52.17,
2008,52, 0.295,298.67, 57.60, 48.25, 52.93,
2009, 1, 0.288,299.22, 58.16, 50.72, 54.44,
2009, 2, 0.282,299.84, 60.92, 49.46, 55.19,
2009, 3, 0.277,300.74, 63.91, 45.05, 54.48,
2009, 4, 0.269,301.52, 64.63, 42.55, 53.59,
2009, 5, 0.260,301.98, 63.69, 43.74, 53.71,
2009, 6, 0.253,302.25, 63.62, 46.21, 54.91,
2009, 7, 0.248,302.36, 64.74, 50.54, 57.64,
2009, 8, 0.244,302.26, 65.20, 57.16, 61.18,
2009, 9, 0.243,302.06, 66.13, 61.47, 63.80,
2009,10, 0.243,301.66, 68.20, 65.02, 66.61,
2009,11, 0.244,301.00, 70.65, 68.99, 69.82,
2009,12, 0.248,300.40, 73.54, 71.63, 72.58,
2009,13, 0.253,299.70, 75.12, 72.04, 73.58,
2009,14, 0.257,299.00, 75.49, 70.51, 73.00,
2009,15, 0.260,298.33, 73.76, 67.70, 70.73,
2009,16, 0.261,297.62, 71.26, 64.45, 67.85,
2009,17, 0.263,296.94, 68.91, 59.85, 64.38,
2009,18, 0.265,296.04, 66.62, 55.82, 61.22,
2009,19, 0.266,294.90, 64.98, 52.78, 58.88,
2009,20, 0.267,293.74, 62.55, 51.33, 56.94,
2009,21, 0.269,292.81, 61.48, 47.90, 54.69,
2009,22, 0.272,292.02, 60.94, 44.15, 52.55,
2009,23, 0.272,291.32, 59.99, 41.22, 50.60,
2009,24, 0.274,290.76, 60.33, 37.89, 49.11,
2009,25, 0.275,290.27, 60.63, 36.03, 48.33,
2009,26, 0.277,289.92, 61.50, 34.68, 48.09,
2009,27, 0.279,289.55, 62.00, 33.90, 47.95,
2009,28, 0.276,288.94, 60.86, 34.80, 47.83,
2009,29, 0.273,288.36, 58.83, 36.25, 47.54,
2009,30, 0.275,288.25, 58.47, 35.32, 46.90,
2009,31, 0.283,288.61, 60.68, 32.12, 46.40,
2009,32, 0.294,289.17, 64.16, 28.13, 46.14,
2009,33, 0.305,289.84, 65.95, 24.91, 45.43,
2009,34, 0.318,290.79, 67.83, 20.71, 44.27,
2009,35, 0.325,291.16, 67.55, 20.56, 44.06,
2009,36, 0.331,291.57, 67.12, 19.78, 43.45,
2009,37, 0.334,291.98, 65.93, 18.94, 42.43,
2009,38, 0.338,292.35, 64.21, 18.61, 41.41,
2009,39, 0.342,293.06, 62.23, 17.13, 39.68,
2009,40, 0.348,293.73, 60.59, 16.62, 38.61,
2009,41, 0.351,294.20, 59.08, 17.31, 38.19,
2009,42, 0.354,294.87, 57.37, 16.99, 37.18,
2009,43, 0.357,295.70, 57.72, 15.99, 36.85,
2009,44, 0.360,296.49, 58.92, 14.36, 36.64,
2009,45, 0.355,297.00, 57.91, 14.52, 36.22,
2009,46, 0.345,297.58, 54.64, 13.85, 34.24,
2009,47, 0.336,298.31, 52.78, 12.31, 32.55,
2009,48, 0.326,298.85, 50.88, 13.65, 32.27,
2009,49, 0.315,299.21, 47.75, 16.56, 32.16,
2009,50, 0.304,299.58, 47.12, 19.31, 33.22,
2009,51, 0.294,299.84, 46.61, 23.54, 35.07,
2009,52, 0.286,300.12, 47.43, 28.67, 38.05,
2010, 1, 0.275,300.46, 43.26, 34.64, 38.95,
2010, 2, 0.270,300.75, 46.91, 38.47, 42.69,
2010, 3, 0.265,301.21, 50.27, 40.16, 45.21,
2010, 4, 0.261,301.76, 54.60, 40.71, 47.66,
2010, 5, 0.258,302.39, 58.86, 39.31, 49.09,
2010, 6, 0.255,303.01, 62.35, 37.58, 49.97,
2010, 7, 0.253,303.78, 65.86, 33.71, 49.79,
2010, 8, 0.252,304.64, 69.07, 29.64, 49.35,
2010, 9, 0.249,305.26, 69.94, 26.90, 48.42,
2010,10, 0.242,305.32, 67.14, 27.35, 47.25,
2010,11, 0.235,305.29, 63.19, 27.30, 45.25,
2010,12, 0.230,305.29, 59.33, 25.39, 42.36,
2010,13, 0.226,305.02, 55.90, 24.27, 40.08,
2010,14, 0.223,304.17, 52.11, 25.98, 39.04,
2010,15, 0.224,303.47, 50.47, 25.33, 37.90,
2010,16, 0.226,302.57, 49.21, 24.94, 37.07,
2010,17, 0.229,301.18, 48.06, 26.52, 37.29,
2010,18, 0.233,299.73, 47.20, 27.30, 37.25,
2010,19, 0.236,297.96, 46.13, 28.83, 37.48,
2010,20, 0.241,296.58, 46.72, 29.21, 37.97,
2010,21, 0.247,295.41, 47.97, 28.22, 38.10,
2010,22, 0.251,293.93, 48.40, 29.80, 39.10,
2010,23, 0.253,292.54, 48.95, 32.17, 40.56,
2010,24, 0.258,291.63, 51.53, 31.42, 41.47,
2010,25, 0.264,291.27, 54.65, 28.86, 41.76,
2010,26, 0.268,290.78, 56.58, 28.75, 42.66,
2010,27, 0.268,289.78, 56.26, 32.21, 44.24,
2010,28, 0.266,288.90, 55.40, 34.68, 45.04,
2010,29, 0.265,288.30, 54.58, 36.09, 45.34,
2010,30, 0.264,287.71, 53.11, 38.25, 45.68,
2010,31, 0.267,287.55, 52.53, 38.51, 45.52,
2010,32, 0.271,287.50, 52.67, 38.94, 45.81,
2010,33, 0.277,287.77, 52.55, 39.17, 45.86,
2010,34, 0.284,288.02, 52.04, 40.46, 46.25,
2010,35, 0.290,287.98, 51.19, 44.46, 47.82,
2010,36, 0.298,288.13, 51.49, 47.51, 49.50,
2010,37, 0.308,288.35, 52.71, 49.50, 51.10,
2010,38, 0.313,288.51, 51.79, 51.27, 51.53,
2010,39, 0.318,288.84, 50.15, 54.42, 52.28,
2010,40, 0.323,289.27, 48.02, 58.83, 53.43,
2010,41, 0.325,289.74, 45.73, 62.44, 54.08,
2010,42, 0.327,290.50, 44.01, 62.53, 53.27,
2010,43, 0.328,291.47, 43.07, 60.19, 51.63,
2010,44, 0.329,292.51, 43.55, 56.14, 49.85,
2010,45, 0.328,293.57, 45.09, 50.87, 47.98,
2010,46, 0.321,294.38, 43.88, 48.51, 46.20,
2010,47, 0.312,295.05, 42.29, 48.61, 45.45,
2010,48, 0.305,295.84, 41.81, 48.41, 45.11,
2010,49, 0.301,296.70, 43.07, 46.02, 44.55,
2010,50, 0.297,297.15, 47.38, 48.06, 47.72,
2010,51, 0.292,297.55, 50.15, 50.93, 50.54,
2010,52, 0.290,298.09, 54.69, 53.80, 54.25,
2011, 1, 0.288,298.52, 58.96, 58.41, 58.69,
2011, 2, 0.284,298.85, 62.60, 61.46, 62.03,
2011, 3, 0.279,299.17, 66.25, 64.86, 65.56,
2011, 4, 0.273,299.56, 68.43, 67.91, 68.17,
2011, 5, 0.268,299.93, 70.46, 69.95, 70.21,
2011, 6, 0.262,300.20, 71.33, 71.21, 71.27,
2011, 7, 0.252,300.34, 68.57, 73.79, 71.18,
2011, 8, 0.244,300.44, 65.70, 76.01, 70.86,
2011, 9, 0.238,300.21, 63.50, 78.95, 71.23,
2011,10, 0.234,299.71, 63.06, 82.35, 72.71,
2011,11, 0.232,299.01, 63.30, 85.77, 74.53,
2011,12, 0.232,298.66, 62.55, 86.03, 74.29,
2011,13, 0.232,298.44, 60.41, 82.19, 71.30,
2011,14, 0.234,298.29, 59.16, 76.06, 67.61,
2011,15, 0.237,298.01, 58.01, 69.83, 63.92,
2011,16, 0.240,297.48, 56.86, 65.17, 61.01,
2011,17, 0.242,296.54, 55.02, 62.79, 58.91,
2011,18, 0.246,295.60, 54.25, 59.11, 56.68,
2011,19, 0.247,294.26, 53.22, 57.78, 55.50,
2011,20, 0.251,293.35, 52.85, 54.28, 53.57,
2011,21, 0.255,292.81, 53.21, 47.79, 50.50,
2011,22, 0.253,291.67, 50.62, 46.44, 48.53,
2011,23, 0.253,290.70, 49.60, 45.36, 47.48,
2011,24, 0.252,289.87, 49.65, 43.72, 46.69,
2011,25, 0.251,289.11, 48.79, 43.76, 46.27,
2011,26, 0.252,288.63, 48.91, 43.44, 46.17,
2011,27, 0.256,288.36, 50.81, 42.11, 46.46,
2011,28, 0.258,287.95, 52.39, 41.63, 47.01,
2011,29, 0.258,287.39, 51.93, 42.65, 47.29,
2011,30, 0.256,286.79, 49.77, 44.60, 47.19,
2011,31, 0.258,286.63, 49.18, 44.48, 46.83,
2011,32, 0.262,286.45, 49.51, 45.65, 47.58,
2011,33, 0.268,286.58, 48.91, 46.75, 47.83,
2011,34, 0.272,286.83, 46.85, 48.33, 47.59,
2011,35, 0.271,286.63, 42.71, 53.88, 48.30,
2011,36, 0.272,286.62, 39.47, 58.26, 48.86,
2011,37, 0.272,286.63, 35.70, 61.94, 48.82,
2011,38, 0.270,286.61, 31.49, 65.99, 48.74,
2011,39, 0.277,287.31, 30.24, 67.20, 48.72,
2011,40, 0.291,288.63, 31.88, 65.51, 48.70,
2011,41, 0.305,290.13, 35.21, 61.59, 48.40,
2011,42, 0.320,291.71, 39.32, 55.30, 47.31,
2011,43, 0.330,293.14, 43.45, 47.86, 45.66,
2011,44, 0.336,294.42, 47.14, 39.89, 43.52,
2011,45, 0.335,295.34, 48.83, 35.24, 42.04,
2011,46, 0.330,295.98, 48.98, 34.57, 41.77,
2011,47, 0.324,296.49, 49.04, 35.39, 42.21,
2011,48, 0.316,296.84, 48.86, 38.28, 43.57,
2011,49, 0.308,297.09, 48.18, 42.38, 45.28,
2011,50, 0.300,297.22, 49.69, 48.99, 49.34,
2011,51, 0.291,297.46, 50.07, 53.70, 51.89,
2011,52, 0.285,297.89, 51.80, 57.31, 54.55,
2012, 1, 0.278,298.11, 50.68, 64.09, 57.38,
2012, 2, 0.271,298.49, 51.43, 66.73, 59.08,
2012, 3, 0.265,298.89, 53.14, 69.11, 61.13,
2012, 4, 0.263,299.36, 57.73, 70.41, 64.07,
2012, 5, 0.263,300.05, 63.10, 69.17, 66.14,
2012, 6, 0.262,300.82, 68.01, 65.16, 66.58,
2012, 7, 0.260,301.32, 71.95, 64.00, 67.98,
2012, 8, 0.260,301.64, 74.07, 64.68, 69.38,
2012, 9, 0.256,301.65, 73.66, 65.92, 69.79,
2012,10, 0.253,301.52, 72.96, 66.40, 69.68,
2012,11, 0.250,301.20, 72.53, 66.88, 69.71,
2012,12, 0.251,300.94, 72.78, 66.43, 69.61,
2012,13, 0.252,300.62, 72.34, 64.10, 68.22,
2012,14, 0.254,300.09, 70.72, 61.72, 66.22,
2012,15, 0.254,299.43, 68.39, 59.01, 63.70,
2012,16, 0.255,298.77, 66.35, 55.63, 60.99,
2012,17, 0.257,298.01, 64.41, 51.79, 58.10,
2012,18, 0.257,296.93, 61.65, 49.39, 55.52,
2012,19, 0.256,295.51, 58.40, 48.51, 53.46,
2012,20, 0.251,293.64, 53.22, 51.92, 52.57,
2012,21, 0.243,291.58, 47.23, 55.79, 51.51,
2012,22, 0.249,290.86, 48.50, 53.37, 50.94,
2012,23, 0.244,289.34, 44.65, 55.71, 50.18,
2012,24, 0.242,288.31, 44.09, 55.02, 49.56,
2012,25, 0.244,287.65, 44.76, 53.80, 49.28,
2012,26, 0.247,287.22, 46.46, 52.38, 49.42,
2012,27, 0.245,286.66, 45.44, 52.60, 49.02,
2012,28, 0.243,285.89, 45.00, 54.11, 49.56,
2012,29, 0.238,284.94, 42.56, 57.25, 49.91,
2012,30, 0.238,284.55, 41.20, 57.98, 49.59,
2012,31, 0.238,284.24, 39.85, 58.88, 49.37,
2012,32, 0.242,284.33, 39.67, 58.75, 49.21,
2012,33, 0.251,285.14, 40.92, 56.04, 48.48,
2012,34, 0.266,286.44, 43.60, 51.34, 47.47,
2012,35, 0.283,287.86, 47.81, 46.06, 46.93,
2012,36, 0.296,288.68, 50.29, 44.14, 47.22,
2012,37, 0.307,289.48, 51.86, 41.68, 46.77,
2012,38, 0.320,290.72, 54.54, 35.06, 44.80,
2012,39, 0.332,292.07, 56.23, 29.05, 42.64,
2012,40, 0.342,293.29, 57.11, 23.67, 40.39,
2012,41, 0.348,294.17, 57.08, 20.15, 38.61,
2012,42, 0.352,294.98, 55.25, 18.86, 37.06,
2012,43, 0.353,295.81, 53.86, 17.83, 35.85,
2012,44, 0.346,296.12, 49.76, 20.46, 35.11,
2012,45, 0.334,296.05, 43.81, 26.94, 35.37,
2012,46, 0.321,296.14, 38.90, 32.00, 35.45,
2012,47, 0.311,296.51, 36.85, 34.27, 35.56,
2012,48, 0.304,296.83, 37.20, 36.98, 37.09,
2012,49, 0.300,297.30, 39.55, 37.70, 38.63,
2012,50, 0.299,297.88, 45.17, 38.33, 41.75,
2012,51, 0.298,298.60, 50.72, 36.45, 43.59,
2012,52, 0.295,299.29, 55.01, 36.59, 45.80,
2013, 1, 0.287,299.20, 52.80, 46.51, 49.66,
2013, 2, 0.280,299.59, 53.64, 49.05, 51.35,
2013, 3, 0.274,300.29, 55.56, 48.00, 51.78,
2013, 4, 0.272,301.10, 60.69, 46.50, 53.60,
2013, 5, 0.265,301.62, 61.84, 47.24, 54.55,
2013, 6, 0.258,302.10, 62.64, 47.81, 55.23,
2013, 7, 0.252,302.69, 62.91, 46.10, 54.51,
2013, 8, 0.247,303.33, 61.97, 44.03, 53.00,
2013, 9, 0.242,303.94, 60.76, 40.75, 50.76,
2013,10, 0.240,304.45, 60.37, 36.52, 48.45,
2013,11, 0.239,304.34, 61.09, 37.18, 49.14,
2013,12, 0.236,305.01, 59.90, 29.71, 44.81,
2013,13, 0.234,304.79, 57.91, 28.77, 43.34,
2013,14, 0.234,304.08, 56.13, 29.87, 43.01,
2013,15, 0.235,303.10, 54.98, 31.57, 43.27,
2013,16, 0.239,301.79, 55.04, 34.66, 44.85,
2013,17, 0.242,300.09, 54.66, 38.02, 46.34,
2013,18, 0.246,298.47, 54.22, 38.97, 46.59,
2013,19, 0.252,297.27, 55.73, 35.48, 45.61,
2013,20, 0.258,296.25, 56.71, 31.75, 44.23,
2013,21, 0.260,295.08, 56.63, 30.51, 43.57,
2013,22, 0.262,294.02, 56.51, 29.42, 42.96,
2013,23, 0.262,292.85, 55.70, 29.99, 42.83,
2013,24, 0.264,292.06, 57.38, 28.99, 43.15,
2013,25, 0.266,291.06, 58.57, 30.90, 44.67,
2013,26, 0.266,289.37, 57.76, 37.50, 47.57,
2013,27, 0.264,287.75, 56.36, 43.99, 50.13,
2013,28, 0.266,286.76, 56.79, 46.47, 51.59,
2013,29, 0.273,286.13, 58.71, 47.44, 53.02,
2013,30, 0.278,285.51, 59.06, 49.50, 54.23,
2013,31, 0.283,285.21, 58.97, 50.88, 54.91,
2013,32, 0.292,285.39, 60.49, 50.66, 55.58,
2013,33, 0.302,285.94, 61.76, 49.64, 55.71,
2013,34, 0.307,286.12, 60.73, 51.71, 56.24,
2013,35, 0.311,286.28, 58.53, 54.90, 56.73,
2013,36, 0.311,286.41, 55.57, 58.27, 56.93,
2013,37, 0.321,287.77, 56.52, 52.67, 54.61,
2013,38, 0.329,289.19, 57.28, 45.14, 51.22,
2013,39, 0.335,290.16, 55.85, 42.99, 49.43,
2013,40, 0.338,291.04, 53.45, 43.48, 48.48,
2013,41, 0.344,292.29, 54.22, 39.25, 46.75,
2013,42, 0.350,293.41, 54.51, 34.81, 44.68,
2013,43, 0.349,294.09, 52.73, 35.58, 44.17,
2013,44, 0.345,294.49, 49.90, 38.90, 44.41,
2013,45, 0.337,294.91, 45.88, 42.05, 43.98,
2013,46, 0.328,295.33, 43.29, 44.59, 43.95,
2013,47, 0.319,295.66, 41.93, 47.95, 44.96,
2013,48, 0.310,295.98, 40.69, 52.09, 46.42,
2013,49, 0.304,296.49, 40.68, 53.02, 46.87,
2013,50, 0.300,297.27, 44.01, 51.21, 47.63,
2013,51, 0.294,297.84, 46.30, 50.86, 48.60,
2013,52, 0.288,298.33, 48.36, 53.10, 50.74,
2014, 1, 0.283,299.09, 48.50, 51.33, 49.92,
2014, 2, 0.278,300.04, 51.20, 45.66, 48.43,
2014, 3, 0.273,300.93, 54.51, 41.34, 47.92,
2014, 4, 0.272,301.80, 60.34, 38.11, 49.23,
2014, 5, 0.266,302.50, 61.44, 36.84, 49.14,
2014, 6, 0.259,303.19, 61.37, 35.19, 48.29,
2014, 7, 0.252,303.71, 61.06, 34.98, 48.02,
2014, 8, 0.245,304.05, 59.52, 36.56, 48.04,
2014, 9, 0.239,304.30, 58.01, 36.84, 47.43,
2014,10, 0.236,304.40, 57.91, 36.93, 47.42,
2014,11, 0.235,303.55, 59.48, 44.71, 52.10,
2014,12, 0.234,303.36, 59.25, 45.15, 52.21,
2014,13, 0.234,302.64, 58.62, 47.97, 53.30,
2014,14, 0.234,301.82, 57.79, 49.31, 53.56,
2014,15, 0.236,300.94, 57.06, 49.41, 53.25,
2014,16, 0.240,299.96, 56.69, 49.51, 53.11,
2014,17, 0.244,298.92, 56.25, 47.95, 52.11,
2014,18, 0.249,297.94, 56.62, 43.89, 50.26,
2014,19, 0.256,297.02, 58.20, 38.26, 48.25,
2014,20, 0.260,296.02, 58.25, 34.66, 46.47,
2014,21, 0.261,294.75, 57.16, 34.00, 45.60,
2014,22, 0.259,293.41, 54.38, 35.15, 44.77,
2014,23, 0.258,292.44, 53.03, 34.23, 43.64,
2014,24, 0.256,291.15, 52.02, 36.52, 44.27,
2014,25, 0.255,289.81, 51.50, 40.39, 45.93,
2014,26, 0.256,288.95, 51.95, 41.06, 46.49,
2014,27, 0.258,288.19, 52.73, 41.68, 47.18,
2014,28, 0.260,287.17, 53.37, 44.22, 48.77,
2014,29, 0.265,286.45, 54.70, 45.76, 50.21,
2014,30, 0.273,286.36, 56.56, 44.60, 50.57,
2014,31, 0.285,286.80, 59.83, 41.36, 50.58,
2014,32, 0.303,287.74, 65.07, 36.14, 50.60,
2014,33, 0.315,288.40, 67.58, 33.87, 50.72,
2014,34, 0.325,289.17, 68.54, 31.70, 50.12,
2014,35, 0.334,289.93, 68.94, 29.99, 49.46,
2014,36, 0.344,290.69, 70.34, 27.58, 48.96,
2014,37, 0.353,291.40, 71.34, 25.21, 48.27,
2014,38, 0.361,292.24, 71.79, 21.40, 46.59,
2014,39, 0.367,293.28, 71.32, 17.28, 44.30,
2014,40, 0.370,293.92, 69.45, 16.23, 42.83,
2014,41, 0.369,294.05, 66.81, 19.79, 43.28,
2014,42, 0.369,294.57, 64.64, 20.94, 42.78,
2014,43, 0.369,295.12, 63.24, 22.94, 43.09,
2014,44, 0.364,295.61, 60.97, 24.70, 42.83,
2014,45, 0.358,296.22, 58.67, 24.14, 41.41,
2014,46, 0.348,296.60, 56.19, 25.37, 40.78,
2014,47, 0.337,296.99, 53.73, 28.21, 40.98,
2014,48, 0.327,297.33, 52.26, 31.90, 42.09,
2014,49, 0.319,297.57, 51.20, 35.81, 43.51,
2014,50, 0.311,297.68, 52.90, 42.63, 47.78,
2014,51, 0.303,297.92, 54.14, 47.35, 50.76,
2014,52, 0.296,298.39, 55.12, 50.13, 52.63,
2015, 1, 0.287,298.88, 53.82, 52.20, 53.01,
2015, 2, 0.279,299.74, 54.40, 48.43, 51.42,
2015, 3, 0.273,300.69, 55.99, 44.17, 50.08,
2015, 4, 0.269,301.63, 60.25, 40.77, 50.51,
2015, 5, 0.260,302.33, 59.64, 39.63, 49.64,
2015, 6, 0.253,302.86, 59.50, 40.07, 49.78,
2015, 7, 0.248,303.49, 60.23, 38.62, 49.43,
2015, 8, 0.242,304.11, 58.91, 37.10, 48.01,
2015, 9, 0.237,304.67, 57.64, 34.21, 45.93,
2015,10, 0.234,305.11, 57.48, 30.89, 44.19,
2015,11, 0.235,304.42, 59.35, 37.15, 48.25,
2015,12, 0.235,304.69, 60.14, 33.28, 46.71,
2015,13, 0.236,304.34, 60.22, 33.24, 46.73,
2015,14, 0.238,303.63, 59.67, 34.05, 46.86,
2015,15, 0.241,303.02, 59.57, 32.42, 46.00,
2015,16, 0.245,302.32, 58.97, 30.90, 44.94,
2015,17, 0.245,300.80, 56.65, 33.08, 44.87,
2015,18, 0.246,299.33, 54.38, 32.86, 43.62,
2015,19, 0.250,298.25, 54.39, 28.10, 41.25,
2015,20, 0.255,297.49, 54.27, 22.86, 38.56,
2015,21, 0.256,296.77, 53.01, 18.73, 35.87,
2015,22, 0.256,295.88, 51.82, 16.67, 34.24,
2015,23, 0.256,294.93, 51.30, 16.07, 33.67,
2015,24, 0.259,294.50, 53.11, 12.89, 32.98,
2015,25, 0.261,294.04, 54.35, 11.53, 32.89,
2015,26, 0.262,293.16, 54.85, 12.97, 33.86,
2015,27, 0.262,291.97, 54.85, 16.68, 35.72,
2015,28, 0.262,290.58, 54.20, 22.14, 38.13,
2015,29, 0.266,289.41, 55.48, 27.39, 41.41,
2015,30, 0.276,288.76, 58.11, 30.32, 44.18,
2015,31, 0.290,288.73, 62.16, 30.12, 46.11,
2015,32, 0.310,289.70, 68.83, 24.36, 46.57,
2015,33, 0.322,290.09, 71.00, 23.33, 47.14,
2015,34, 0.333,290.50, 71.99, 23.24, 47.60,
2015,35, 0.342,290.68, 72.17, 25.29, 48.72,
2015,36, 0.348,290.74, 71.71, 28.14, 49.93,
2015,37, 0.357,291.34, 72.48, 27.01, 49.75,
2015,38, 0.365,291.98, 73.38, 24.49, 48.93,
2015,39, 0.371,292.55, 73.20, 24.40, 48.80,
2015,40, 0.376,293.12, 72.34, 24.62, 48.48,
2015,41, 0.376,293.39, 70.49, 27.40, 48.94,
2015,42, 0.377,294.01, 68.82, 27.15, 47.99,
2015,43, 0.376,294.80, 68.12, 25.63, 46.87,
2015,44, 0.374,295.58, 67.24, 24.02, 45.64,
2015,45, 0.370,296.34, 66.70, 21.81, 44.26,
2015,46, 0.359,296.68, 63.97, 24.59, 44.28,
2015,47, 0.349,296.94, 61.68, 29.44, 45.56,
2015,48, 0.341,297.45, 60.57, 31.25, 45.92,
2015,49, 0.332,297.88, 58.99, 33.42, 46.22,
2015,50, 0.324,298.34, 60.42, 36.17, 48.31,
2015,51, 0.316,298.82, 60.91, 37.40, 49.16,
2015,52, 0.308,299.40, 61.23, 38.94, 50.10,
2016, 1, 0.299,299.86, 59.79, 41.96, 50.88,
2016, 2, 0.289,300.26, 59.48, 43.85, 51.67,
2016, 3, 0.280,300.72, 60.38, 45.20, 52.80,
2016, 4, 0.276,301.35, 65.27, 45.06, 55.17,
2016, 5, 0.269,301.98, 66.51, 44.15, 55.33,
2016, 6, 0.261,302.63, 66.62, 42.32, 54.47,
2016, 7, 0.254,303.15, 66.09, 41.83, 53.96,
2016, 8, 0.246,303.54, 63.67, 42.87, 53.27,
2016, 9, 0.239,303.83, 60.96, 42.84, 51.90,
2016,10, 0.234,304.24, 58.57, 39.84, 49.21,
2016,11, 0.225,305.78, 52.48, 24.19, 38.33,
2016,12, 0.220,306.57, 49.94, 15.89, 32.91,
2016,13, 0.217,306.82, 47.57, 11.42, 29.50,
2016,14, 0.215,306.60, 45.43,  9.14, 27.28,
2016,15, 0.214,306.04, 43.94,  8.44, 26.19,
2016,16, 0.215,305.45, 42.77,  7.28, 25.02,
2016,17, 0.215,304.29, 40.68,  7.10, 23.89,
2016,18, 0.215,302.46, 38.66,  9.28, 23.97,
2016,19, 0.217,300.21, 37.56, 12.93, 25.24,
2016,20, 0.220,298.02, 37.46, 18.84, 28.15,
2016,21, 0.225,296.27, 38.48, 22.44, 30.46,
2016,22, 0.232,294.81, 41.04, 24.35, 32.69,
2016,23, 0.238,293.32, 43.81, 27.33, 35.55,
2016,24, 0.243,291.60, 46.58, 32.98, 39.76,
2016,25, 0.247,290.06, 48.55, 38.53, 43.51,
2016,26, 0.252,288.88, 50.91, 41.48, 46.18,
2016,27, 0.261,288.40, 55.40, 40.31, 47.82,
2016,28, 0.278,288.37, 63.06, 36.57, 49.76,
2016,29, 0.294,288.51, 68.84, 33.07, 50.92,
2016,30, 0.307,288.80, 72.71, 29.78, 51.21,
2016,31, 0.317,288.92, 74.63, 28.63, 51.59,
2016,32, 0.324,288.75, 75.11, 29.98, 52.52,
2016,33, 0.325,288.36, 72.61, 34.25, 53.41,
2016,34, 0.327,288.16, 69.84, 38.27, 54.05,
2016,35, 0.332,288.37, 68.40, 40.48, 54.43,
2016,36, 0.338,288.63, 67.99, 42.09, 55.03,
2016,37, 0.344,288.91, 67.40, 43.79, 55.59,
2016,38, 0.348,289.40, 66.42, 43.06, 54.74,
2016,39, 0.351,289.96, 64.32, 43.66, 53.99,
2016,40, 0.356,290.66, 63.06, 44.17, 53.61,
2016,41, 0.359,291.26, 63.06, 44.67, 53.85,
2016,42, 0.359,291.54, 60.60, 48.62, 54.60,
2016,43, 0.358,292.10, 59.28, 50.47, 54.87,
2016,44, 0.358,293.06, 59.94, 47.54, 53.73,
2016,45, 0.355,293.92, 60.36, 45.50, 52.92,
2016,46, 0.348,294.39, 59.47, 47.94, 53.71,
2016,47, 0.339,294.76, 57.95, 51.67, 54.81,
2016,48, 0.332,295.52, 57.82, 50.93, 54.38,
2016,49, 0.324,295.85, 57.26, 54.18, 55.72,
2016,50, 0.317,296.08, 59.57, 60.06, 59.83,
2016,51, 0.309,296.32, 60.59, 64.78, 62.70,
2016,52, 0.304,296.85, 63.05, 67.29, 65.18,
2017, 1, 0.298,297.34, 64.58, 69.65, 67.13,
2017, 2, 0.293,298.02, 67.07, 68.45, 67.77,
2017, 3, 0.289,298.79, 70.23, 66.42, 68.33,
2017, 4, 0.288,300.16, 75.33, 57.57, 66.46,
2017, 5, 0.282,301.22, 77.19, 51.12, 64.16,
2017, 6, 0.276,301.99, 77.51, 48.15, 62.83,
2017, 7, 0.268,302.27, 76.27, 50.51, 63.39,
2017, 8, 0.261,302.53, 73.90, 52.81, 63.36,
2017, 9, 0.257,302.90, 72.41, 51.59, 62.00,
2017,10, 0.254,302.69, 72.03, 54.28, 63.15,
2017,11, 0.254,301.54, 72.94, 64.12, 68.53,
2017,12, 0.253,301.14, 72.54, 65.77, 69.16,
2017,13, 0.252,300.27, 71.23, 68.69, 69.96,
2017,14, 0.253,299.66, 70.07, 66.97, 68.52,
2017,15, 0.256,299.35, 69.27, 61.61, 65.44,
2017,16, 0.258,298.75, 67.72, 58.22, 62.97,
2017,17, 0.258,297.94, 65.19, 54.81, 60.00,
2017,18, 0.259,296.70, 62.77, 52.93, 57.86,
2017,19, 0.261,295.21, 61.78, 51.94, 56.87,
2017,20, 0.263,293.63, 60.56, 52.89, 56.73,
2017,21, 0.265,292.39, 60.16, 51.57, 55.87,
2017,22, 0.269,291.55, 60.66, 48.96, 54.82,
2017,23, 0.271,290.53, 60.48, 48.18, 54.34,
2017,24, 0.270,289.15, 60.16, 50.68, 55.44,
2017,25, 0.270,287.75, 59.56, 54.37, 56.98,
2017,26, 0.264,286.03, 56.38, 60.37, 58.39,
2017,27, 0.261,284.94, 54.51, 62.96, 58.76,
2017,28, 0.265,284.56, 55.55, 61.12, 58.34,
2017,29, 0.272,284.52, 58.07, 57.95, 58.01,
2017,30, 0.284,285.15, 61.83, 52.24, 57.03,
2017,31, 0.299,286.25, 66.44, 44.68, 55.56,
2017,32, 0.315,287.44, 70.90, 37.78, 54.34,
2017,33, 0.325,288.26, 72.22, 34.61, 53.41,
2017,34, 0.333,288.94, 72.45, 33.00, 52.72,
2017,35, 0.341,289.64, 72.12, 31.61, 51.85,
2017,36, 0.347,290.17, 71.96, 30.92, 51.44,
2017,37, 0.353,290.81, 71.88, 29.08, 50.48,
2017,38, 0.356,290.98, 70.16, 30.36, 50.25,
2017,39, 0.357,291.12, 67.24, 34.13, 50.68,
2017,40, 0.360,291.58, 65.06, 36.66, 50.86,
2017,41, 0.360,292.00, 62.97, 39.66, 51.32,
2017,42, 0.358,292.27, 59.17, 44.40, 51.79,
2017,43, 0.353,292.60, 55.51, 48.74, 52.13,
2017,44, 0.348,293.49, 52.39, 46.15, 49.27,
2017,45, 0.339,293.72, 48.50, 50.28, 49.40,
2017,46, 0.328,293.74, 45.29, 57.67, 51.48,
2017,47, 0.320,293.93, 44.53, 63.67, 54.11,
2017,48, 0.315,294.58, 45.99, 64.90, 55.46,
2017,49, 0.309,294.96, 46.91, 68.26, 57.60,
2017,50, 0.304,295.36, 49.98, 72.17, 61.09,
2017,51, 0.298,295.71, 52.65, 75.56, 64.12,
2017,52, 0.291,296.29, 55.34, 78.50, 66.93,
2018, 1, 0.286,296.87, 54.83, 79.66, 67.26,
2018, 2, 0.279,297.42, 57.21, 77.72, 67.48,
2018, 3, 0.276,298.28, 59.95, 76.65, 68.31,
2018, 4, 0.277,299.41, 66.28, 71.26, 68.78,
2018, 5, 0.272,300.18, 68.82, 66.81, 67.83,
2018, 6, 0.266,300.55, 70.05, 65.67, 67.87,
2018, 7, 0.262,300.80, 70.37, 68.34, 69.36,
2018, 8, 0.258,301.09, 69.90, 70.14, 70.03,
2018, 9, 0.255,301.41, 69.83, 68.05, 68.95,
2018,10, 0.252,301.52, 69.87, 65.29, 67.58,
2018,11, 0.251,300.92, 70.21, 67.97, 69.09,
2018,12, 0.250,300.99, 69.45, 65.67, 67.56,
2018,13, 0.251,300.96, 69.18, 63.57, 66.38,
2018,14, 0.253,300.56, 68.79, 58.46, 63.63,
2018,15, 0.255,299.79, 68.17, 55.09, 61.63,
2018,16, 0.259,298.97, 67.43, 55.56, 61.50,
2018,17, 0.262,297.87, 66.38, 54.77, 60.57,
2018,18, 0.266,296.80, 65.94, 51.73, 58.83,
2018,19, 0.271,295.66, 66.92, 48.20, 57.56,
2018,20, 0.276,294.48, 67.47, 46.10, 56.79,
2018,21, 0.279,293.49, 67.38, 42.85, 55.12,
2018,22, 0.278,292.24, 65.73, 43.22, 54.47,
2018,23, 0.274,290.71, 63.03, 46.28, 54.65,
2018,24, 0.273,289.66, 62.34, 46.60, 54.47,
2018,25, 0.274,288.92, 62.68, 45.95, 54.31,
2018,26, 0.270,287.74, 60.16, 48.81, 54.47,
2018,27, 0.261,286.34, 55.09, 53.74, 54.40,
2018,28, 0.252,284.94, 49.75, 58.73, 54.21,
2018,29, 0.248,284.04, 47.06, 60.94, 53.98,
2018,30, 0.248,283.80, 45.60, 60.30, 52.93,
2018,31, 0.251,283.96, 44.99, 58.44, 51.70,
2018,32, 0.259,284.36, 46.37, 56.57, 51.45,
2018,33, 0.271,285.26, 48.87, 53.38, 51.11,
2018,34, 0.285,286.37, 51.44, 49.47, 50.45,
2018,35, 0.301,287.52, 54.38, 45.71, 50.04,
2018,36, 0.318,288.82, 58.62, 40.42, 49.52,
2018,37, 0.336,290.59, 63.77, 30.98, 47.36,
2018,38, 0.351,292.24, 67.74, 20.75, 44.23,
2018,39, 0.360,293.27, 68.25, 16.23, 42.22,
2018,40, 0.364,293.91, 66.63, 15.42, 41.00,
2018,41, 0.367,294.58, 65.96, 14.40, 40.16,
2018,42, 0.368,295.27, 63.93, 13.27, 38.57,
2018,43, 0.366,295.93, 61.46, 12.95, 37.17,
2018,44, 0.360,296.34, 58.45, 14.28, 36.34,
2018,45, 0.353,297.00, 55.16, 13.78, 34.47,
2018,46, 0.342,297.13, 51.91, 18.18, 35.04,
2018,47, 0.331,297.00, 49.77, 27.15, 38.46,
2018,48, 0.323,297.08, 49.69, 34.41, 42.06,
2018,49, 0.318,297.28, 50.66, 40.00, 45.34,
2018,50, 0.312,297.44, 53.51, 46.44, 49.99,
2018,51, 0.306,297.50, 55.82, 53.70, 54.78,
2018,52, 0.299,297.86, 57.27, 57.97, 57.63,
2019, 1, 0.292,298.48, 56.76, 58.53, 57.66,
2019, 2, 0.285,299.33, 58.31, 54.49, 56.41,
2019, 3, 0.279,300.14, 60.44, 51.20, 55.83,
2019, 4, 0.277,301.25, 65.43, 44.49, 54.97,
2019, 5, 0.270,302.18, 66.10, 39.62, 52.87,
2019, 6, 0.263,303.03, 65.11, 35.71, 50.41,
2019, 7, 0.256,303.83, 64.82, 32.40, 48.61,
2019, 8, 0.250,304.39, 63.26, 31.99, 47.63,
2019, 9, 0.244,304.96, 61.13, 29.41, 45.27,
2019,10, 0.240,305.60, 60.29, 24.52, 42.40,
2019,11, 0.239,305.02, 60.87, 30.30, 45.59,
2019,12, 0.236,305.03, 59.80, 29.14, 44.47,
2019,13, 0.234,304.45, 57.81, 31.36, 44.58,
2019,14, 0.234,303.81, 56.91, 31.58, 44.24,
2019,15, 0.236,303.05, 56.45, 31.38, 43.91,
2019,16, 0.238,302.09, 55.38, 32.03, 43.71,
2019,17, 0.240,301.05, 54.10, 30.40, 42.24,
2019,18, 0.242,299.72, 52.43, 29.00, 40.71,
2019,19, 0.246,298.43, 52.83, 25.90, 39.36,
2019,20, 0.251,296.90, 53.53, 26.43, 39.99,
2019,21, 0.252,294.95, 52.68, 31.33, 42.00,
2019,22, 0.257,293.75, 54.25, 31.70, 42.97,
2019,23, 0.264,293.21, 57.16, 27.65, 42.40,
2019,24, 0.266,292.01, 58.57, 29.53, 44.04,
2019,25, 0.265,290.28, 57.54, 36.48, 47.00,
2019,26, 0.266,289.28, 57.22, 38.44, 47.83,
2019,27, 0.270,288.86, 58.89, 36.91, 47.88,
2019,28, 0.270,287.72, 58.51, 40.66, 49.57,
2019,29, 0.271,286.90, 57.62, 43.15, 50.36,
2019,30, 0.274,286.75, 57.26, 42.39, 49.80,
2019,31, 0.277,286.53, 56.39, 43.19, 49.79,
2019,32, 0.279,286.44, 55.23, 44.34, 49.79,
2019,33, 0.281,286.72, 53.22, 44.69, 48.96,
2019,34, 0.288,287.40, 52.73, 43.32, 48.03,
2019,35, 0.300,288.55, 54.53, 39.19, 46.86,
2019,36, 0.315,290.04, 57.89, 31.50, 44.69,
2019,37, 0.331,291.50, 61.64, 23.35, 42.48,
2019,38, 0.343,292.61, 64.14, 17.45, 40.77,
2019,39, 0.354,293.66, 65.39, 12.95, 39.15,
2019,40, 0.362,294.48, 65.65, 10.36, 37.98,
2019,41, 0.366,295.02, 65.34, 10.04, 37.67,
2019,42, 0.367,295.53, 63.20,  9.99, 36.58,
2019,43, 0.365,296.12, 60.99, 10.88, 35.92,
2019,44, 0.360,296.86, 58.35,  9.92, 34.13,
2019,45, 0.353,297.56, 54.88,  7.79, 31.33,
2019,46, 0.341,298.02, 51.08,  7.92, 29.50,
2019,47, 0.331,298.45, 48.67,  9.85, 29.26,
2019,48, 0.322,298.97, 47.55, 10.73, 29.14,
2019,49, 0.312,299.48, 46.07, 11.27, 28.67,
2019,50, 0.304,299.92, 46.95, 13.32, 30.14,
2019,51, 0.297,300.41, 48.19, 14.43, 31.31,
2019,52, 0.289,300.99, 48.82, 15.42, 32.12,
2020, 1, 0.280,301.59, 47.50, 15.95, 31.72,
2020, 2, 0.272,302.20, 48.43, 15.36, 31.90,
2020, 3, 0.263,302.67, 49.45, 16.67, 33.06,
2020, 4, 0.260,303.22, 53.79, 17.96, 35.87,
2020, 5, 0.255,303.88, 56.13, 17.71, 36.92,
2020, 6, 0.249,304.49, 57.41, 17.86, 37.64,
2020, 7, 0.243,304.92, 58.04, 19.52, 38.78,
2020, 8, 0.237,305.34, 57.03, 21.36, 39.19,
2020, 9, 0.231,305.66, 55.00, 22.40, 38.70,
2020,10, 0.227,305.73, 53.78, 23.68, 38.73,
2020,11, 0.226,305.03, 54.52, 30.84, 42.68,
2020,12, 0.225,305.18, 53.79, 28.70, 41.25,
2020,13, 0.224,304.57, 52.57, 31.12, 41.85,
2020,14, 0.225,303.81, 51.73, 32.57, 42.16,
2020,15, 0.226,303.01, 50.95, 32.70, 41.83,
2020,16, 0.228,301.81, 50.31, 34.87, 42.60,
2020,17, 0.231,300.42, 49.43, 35.95, 42.69,
2020,18, 0.234,299.14, 48.46, 34.00, 41.23,
2020,19, 0.239,298.05, 48.98, 29.11, 39.05,
2020,20, 0.244,296.82, 49.77, 27.15, 38.46,
2020,21, 0.248,295.61, 50.62, 26.42, 38.52,
2020,22, 0.254,294.61, 52.96, 24.94, 38.94,
2020,23, 0.262,293.78, 56.75, 23.19, 39.95,
2020,24, 0.270,293.14, 61.31, 21.53, 41.39,
2020,25, 0.276,292.37, 64.35, 22.11, 43.17,
2020,26, 0.282,291.61, 66.70, 22.56, 44.56,
2020,27, 0.288,291.18, 69.19, 21.40, 45.23,
2020,28, 0.297,291.01, 72.39, 18.88, 45.57,
2020,29, 0.308,291.01, 75.63, 16.66, 46.09,
2020,30, 0.315,290.66, 76.49, 17.69, 47.03,
2020,31, 0.321,290.42, 76.52, 18.86, 47.64,
2020,32, 0.327,290.27, 76.63, 19.97, 48.26,
2020,33, 0.332,290.23, 75.87, 21.64, 48.72,
2020,34, 0.340,290.58, 75.71, 21.97, 48.82,
2020,35, 0.341,289.96, 72.64, 29.25, 50.94,
2020,36, 0.338,288.83, 67.87, 40.29, 54.08,
2020,37, 0.342,288.85, 66.71, 44.09, 55.40,
2020,38, 0.344,288.64, 64.51, 48.85, 56.68,
2020,39, 0.338,288.07, 58.13, 59.43, 58.79,
2020,40, 0.334,288.06, 52.51, 68.64, 60.60,
2020,41, 0.338,288.85, 51.68, 70.60, 61.16,
2020,42, 0.341,289.68, 50.46, 70.48, 60.50,
2020,43, 0.343,290.53, 49.95, 70.18, 60.09,
2020,44, 0.346,291.92, 52.01, 63.89, 57.97,
2020,45, 0.346,293.03, 53.13, 59.26, 56.21,
2020,46, 0.341,293.92, 54.16, 56.80, 55.49,
2020,47, 0.336,294.79, 55.59, 54.12, 54.86,
2020,48, 0.326,295.10, 54.19, 57.67, 55.94,
2020,49, 0.317,295.45, 52.60, 61.07, 56.85,
2020,50, 0.312,296.09, 55.89, 62.30, 59.12,
2020,51, 0.305,296.49, 57.76, 64.92, 61.36,
2020,52, 0.298,297.00, 58.92, 67.59, 63.27,
2021, 1, 0.291,297.80, 59.20, 65.89, 62.56,
2021, 2, 0.284,298.95, 60.23, 57.99, 59.11,
2021, 3, 0.277,300.12, 61.65, 49.99, 55.82,
2021, 4, 0.275,301.21, 66.68, 44.67, 55.69,
2021, 5, 0.269,302.02, 67.98, 42.06, 55.02,
2021, 6, 0.264,302.75, 69.00, 39.83, 54.41,
2021, 7, 0.259,303.27, 70.16, 39.68, 54.92,
2021, 8, 0.253,303.35, 68.56, 43.71, 56.14,
2021, 9, 0.247,303.29, 66.53, 47.08, 56.81,
2021,10, 0.245,303.29, 66.23, 48.15, 57.20,
2021,11, 0.242,302.07, 66.09, 58.72, 62.41,
2021,12, 0.240,301.49, 64.99, 62.05, 63.53,
2021,13, 0.243,300.77, 65.64, 63.70, 64.68,
2021,14, 0.246,299.81, 65.90, 65.15, 65.53,
2021,15, 0.250,298.71, 65.78, 65.95, 65.88,
2021,16, 0.256,297.97, 66.90, 63.59, 65.26,
2021,17, 0.261,297.05, 66.51, 60.97, 63.74,
2021,18, 0.263,295.91, 65.12, 58.04, 61.58,
2021,19, 0.270,295.74, 66.78, 46.92, 56.85,
2021,20, 0.276,295.45, 67.72, 38.14, 52.93,
2021,21, 0.277,294.50, 66.45, 35.18, 50.82,
2021,22, 0.278,293.66, 66.23, 32.63, 49.43,
2021,23, 0.282,293.02, 67.56, 29.47, 48.50,
2021,24, 0.284,291.95, 68.72, 30.62, 49.65,
2021,25, 0.286,290.98, 69.44, 32.14, 50.76,
2021,26, 0.292,290.73, 71.44, 28.93, 50.15,
2021,27, 0.295,290.44, 72.57, 26.49, 49.48,
2021,28, 0.297,289.80, 72.59, 26.90, 49.67,
2021,29, 0.301,289.24, 72.51, 27.91, 50.15,
2021,30, 0.305,288.82, 72.23, 29.05, 50.58,
2021,31, 0.311,288.68, 72.23, 29.42, 50.77,
2021,32, 0.317,288.71, 72.65, 29.52, 51.04,
2021,33, 0.321,289.01, 71.21, 29.42, 50.28,
2021,34,-1.000, -1.00, -1.00, -1.00, -1.00,
2021,35,-1.000, -1.00, -1.00, -1.00, -1.00,
2021,36,-1.000, -1.00, -1.00, -1.00, -1.00,
2021,37,-1.000, -1.00, -1.00, -1.00, -1.00,
2021,38,-1.000, -1.00, -1.00, -1.00, -1.00,
2021,39,-1.000, -1.00, -1.00, -1.00, -1.00,
2021,40,-1.000, -1.00, -1.00, -1.00, -1.00,
2021,41,-1.000, -1.00, -1.00, -1.00, -1.00,
2021,42,-1.000, -1.00, -1.00, -1.00, -1.00,
2021,43,-1.000, -1.00, -1.00, -1.00, -1.00,
2021,44,-1.000, -1.00, -1.00, -1.00, -1.00,
2021,45,-1.000, -1.00, -1.00, -1.00, -1.00,
2021,46,-1.000, -1.00, -1.00, -1.00, -1.00,
2021,47,-1.000, -1.00, -1.00, -1.00, -1.00,
2021,48,-1.000, -1.00, -1.00, -1.00, -1.00,
2021,49,-1.000, -1.00, -1.00, -1.00, -1.00,
2021,50,-1.000, -1.00, -1.00, -1.00, -1.00,
2021,51,-1.000, -1.00, -1.00, -1.00, -1.00,
2021,52,-1.000, -1.00, -1.00, -1.00, -1.00,
