1982, 1, 0.256,278.24, 65.49, 46.78, 56.14,
1982, 2, 0.249,276.72, 63.17, 47.29, 55.23,
1982, 3, 0.242,275.18, 59.98, 48.20, 54.09,
1982, 4, 0.232,274.26, 54.13, 48.20, 51.16,
1982, 5, 0.227,273.94, 49.40, 47.77, 48.58,
1982, 6, 0.214,272.68, 41.61, 50.27, 45.94,
1982, 7, 0.207,271.86, 36.89, 53.39, 45.14,
1982, 8, 0.210,271.86, 33.70, 57.89, 45.79,
1982, 9, 0.220,273.35, 33.62, 59.12, 46.37,
1982,10, 0.244,276.62, 38.03, 54.93, 46.48,
1982,11, 0.276,280.64, 44.65, 46.42, 45.53,
1982,12, 0.315,284.22, 54.02, 37.96, 45.99,
1982,13, 0.346,286.63, 61.27, 33.64, 47.45,
1982,14, 0.368,289.03, 66.72, 26.51, 46.61,
1982,15, 0.377,290.25, 67.70, 25.17, 46.44,
1982,16, 0.378,290.61, 66.33, 29.47, 47.90,
1982,17, 0.386,292.02, 66.98, 27.61, 47.30,
1982,18, 0.380,292.71, 63.51, 27.61, 45.56,
1982,19, 0.363,292.51, 55.40, 33.91, 44.65,
1982,20, 0.353,292.71, 50.49, 37.95, 44.22,
1982,21, 0.349,293.07, 48.17, 39.08, 43.63,
1982,22, 0.346,293.32, 46.51, 39.45, 42.98,
1982,23, 0.344,293.31, 43.81, 42.98, 43.39,
1982,24, 0.342,293.56, 44.13, 42.37, 43.25,
1982,25, 0.351,294.28, 49.17, 35.86, 42.52,
1982,26, 0.356,294.89, 52.73, 31.28, 42.00,
1982,27, 0.349,295.11, 53.13, 30.92, 42.03,
1982,28, 0.342,295.23, 53.42, 31.47, 42.45,
1982,29, 0.336,295.73, 53.44, 28.02, 40.73,
1982,30, 0.325,296.12, 50.19, 28.04, 39.12,
1982,31, 0.307,296.15, 44.60, 33.23, 38.91,
1982,32, 0.288,296.30, 37.83, 39.53, 38.68,
1982,33, 0.277,296.81, 33.69, 40.67, 37.18,
1982,34, 0.268,297.37, 30.94, 40.31, 35.62,
1982,35, 0.260,298.08, 30.40, 37.75, 34.07,
1982,36, 0.258,298.98, 31.93, 32.80, 32.37,
1982,37, 0.254,299.85, 32.78, 27.74, 30.26,
1982,38, 0.248,300.68, 33.59, 23.43, 28.51,
1982,39, 0.244,301.51, 33.49, 20.21, 26.85,
1982,40, 0.234,301.74, 30.84, 19.44, 25.14,
1982,41, 0.230,302.10, 32.77, 16.42, 24.59,
1982,42, 0.228,302.47, 34.33, 12.47, 23.40,
1982,43, 0.217,302.02, 34.05, 11.81, 22.93,
1982,44, 0.211,301.93, 35.78,  9.68, 22.73,
1982,45, 0.205,301.59, 37.66,  7.14, 22.40,
1982,46, 0.193,299.89, 35.56,  8.12, 21.84,
1982,47, 0.183,298.67, 34.23,  7.73, 20.98,
1982,48, 0.183,298.48, 35.47,  4.85, 20.16,
1982,49, 0.184,297.54, 37.96,  3.73, 20.85,
1982,50, 0.182,296.23, 37.79,  3.42, 20.60,
1982,51, 0.183,294.35, 38.65,  4.17, 21.41,
1982,52, 0.201,293.72, 45.49,  3.17, 24.33,
1983, 1, 0.228,293.65, 55.50,  2.01, 28.75,
1983, 2, 0.250,292.79, 65.16,  1.46, 33.31,
1983, 3, 0.262,291.76, 69.23,  1.62, 35.43,
1983, 4, 0.269,290.96, 70.09,  1.93, 36.01,
1983, 5, 0.269,289.97, 65.55,  3.28, 34.42,
1983, 6, 0.258,288.18, 57.13,  7.38, 32.25,
1983, 7, 0.243,285.64, 48.79, 14.67, 31.73,
1983, 8, 0.236,284.68, 42.08, 20.69, 31.38,
1983, 9, 0.235,284.39, 37.72, 24.50, 31.11,
1983,10, 0.227,282.86, 32.18, 33.76, 32.97,
1983,11, 0.217,281.38, 26.64, 43.79, 35.21,
1983,12, 0.222,281.41, 26.85, 47.80, 37.33,
1983,13, 0.238,282.80, 29.49, 47.57, 38.53,
1983,14, 0.256,284.45, 32.91, 44.93, 38.92,
1983,15, 0.256,284.71, 31.03, 50.54, 40.78,
1983,16, 0.255,285.26, 28.51, 57.21, 42.86,
1983,17, 0.257,286.23, 27.04, 62.13, 44.58,
1983,18, 0.264,286.96, 27.38, 66.16, 46.77,
1983,19, 0.276,287.65, 28.43, 70.66, 49.55,
1983,20, 0.290,288.72, 30.96, 72.92, 51.94,
1983,21, 0.297,289.48, 31.68, 76.35, 54.01,
1983,22, 0.299,289.81, 31.76, 79.72, 55.74,
1983,23, 0.311,290.22, 35.02, 79.24, 57.13,
1983,24, 0.326,290.52, 41.98, 77.99, 59.98,
1983,25, 0.342,291.20, 50.03, 73.14, 61.58,
1983,26, 0.352,291.85, 55.67, 69.29, 62.48,
1983,27, 0.354,292.37, 60.33, 65.67, 63.00,
1983,28, 0.342,292.66, 60.35, 62.49, 61.42,
1983,29, 0.326,292.95, 57.27, 59.45, 58.36,
1983,30, 0.312,293.38, 52.96, 59.02, 55.99,
1983,31, 0.308,293.97, 53.19, 57.48, 55.33,
1983,32, 0.313,294.70, 55.41, 56.68, 56.04,
1983,33, 0.315,295.21, 55.85, 57.61, 56.73,
1983,34, 0.314,295.67, 56.54, 58.63, 57.58,
1983,35, 0.311,295.96, 57.04, 60.47, 58.76,
1983,36, 0.307,296.33, 57.69, 59.59, 58.64,
1983,37, 0.299,296.88, 56.94, 54.61, 55.77,
1983,38, 0.286,297.06, 54.20, 53.19, 53.69,
1983,39, 0.268,296.79, 47.77, 57.95, 52.86,
1983,40, 0.247,295.93, 39.61, 62.28, 50.95,
1983,41, 0.232,295.09, 35.97, 62.01, 48.99,
1983,42, 0.219,294.35, 31.46, 56.99, 44.23,
1983,43, 0.216,293.98, 34.49, 50.12, 42.30,
1983,44, 0.218,293.48, 39.79, 44.27, 42.03,
1983,45, 0.215,292.02, 42.63, 40.18, 41.40,
1983,46, 0.212,290.00, 43.31, 38.85, 41.08,
1983,47, 0.212,288.16, 44.51, 37.35, 40.93,
1983,48, 0.213,286.39, 45.57, 36.17, 40.87,
1983,49, 0.215,284.12, 47.94, 36.82, 42.38,
1983,50, 0.216,281.98, 49.34, 39.41, 44.37,
1983,51, 0.213,279.91, 49.55, 42.14, 45.85,
1983,52, 0.209,277.80, 47.70, 46.58, 47.14,
1984, 1, 0.188,273.48, 37.67, 58.99, 48.33,
1984, 2, 0.173,269.69, 31.56, 64.65, 48.10,
1984, 3, 0.159,266.40, 25.07, 69.08, 47.07,
1984, 4, 0.148,263.50, 20.20, 74.32, 47.26,
1984, 5, 0.138,261.12, 14.79, 79.69, 47.24,
1984, 6, 0.127,259.97, 10.25, 83.19, 46.72,
1984, 7, 0.130,261.23,  9.71, 82.86, 46.28,
1984, 8, 0.145,263.96, 11.22, 81.52, 46.37,
1984, 9, 0.156,266.40, 11.91, 80.65, 46.28,
1984,10, 0.167,268.75, 12.90, 79.72, 46.31,
1984,11, 0.174,270.84, 12.57, 78.74, 45.65,
1984,12, 0.178,273.11, 12.24, 75.40, 43.82,
1984,13, 0.186,275.72, 12.20, 73.24, 42.72,
1984,14, 0.198,278.59, 14.31, 69.10, 41.70,
1984,15, 0.223,282.40, 19.53, 62.30, 40.92,
1984,16, 0.243,285.17, 22.78, 59.37, 41.07,
1984,17, 0.256,286.17, 23.87, 64.26, 44.06,
1984,18, 0.265,286.84, 24.27, 69.70, 46.98,
1984,19, 0.278,287.94, 24.90, 72.65, 48.77,
1984,20, 0.293,289.30, 28.25, 71.70, 49.97,
1984,21, 0.304,290.10, 30.81, 72.32, 51.56,
1984,22, 0.306,290.65, 32.02, 71.89, 51.96,
1984,23, 0.305,291.30, 31.65, 67.76, 49.70,
1984,24, 0.297,291.25, 30.35, 69.84, 50.09,
1984,25, 0.288,291.28, 29.22, 71.42, 50.32,
1984,26, 0.283,291.77, 29.56, 68.75, 49.15,
1984,27, 0.279,292.26, 31.09, 65.77, 48.43,
1984,28, 0.271,292.56, 32.08, 62.35, 47.22,
1984,29, 0.259,292.51, 29.70, 62.78, 46.24,
1984,30, 0.246,292.51, 24.82, 67.18, 46.00,
1984,31, 0.238,292.98, 22.26, 67.67, 44.96,
1984,32, 0.231,293.31, 19.10, 71.14, 45.12,
1984,33, 0.221,293.26, 13.90, 78.01, 45.95,
1984,34, 0.215,293.54, 11.78, 79.96, 45.87,
1984,35, 0.208,293.86, 11.51, 80.72, 46.11,
1984,36, 0.203,293.99, 11.20, 80.74, 45.97,
1984,37, 0.194,293.90,  9.78, 79.50, 44.64,
1984,38, 0.189,293.66,  9.54, 80.07, 44.80,
1984,39, 0.195,293.80, 12.51, 81.48, 47.00,
1984,40, 0.206,294.24, 18.99, 74.69, 46.84,
1984,41, 0.210,294.47, 24.74, 66.47, 45.61,
1984,42, 0.206,293.70, 25.86, 60.69, 43.28,
1984,43, 0.199,292.60, 27.70, 56.47, 42.09,
1984,44, 0.192,291.44, 29.18, 52.03, 40.60,
1984,45, 0.180,290.61, 28.66, 44.38, 36.52,
1984,46, 0.166,288.24, 26.09, 43.42, 34.75,
1984,47, 0.154,285.12, 23.51, 45.24, 34.37,
1984,48, 0.147,281.50, 22.68, 48.12, 35.40,
1984,49, 0.135,277.54, 20.40, 51.30, 35.85,
1984,50,-1.000, -1.00, -1.00, -1.00, -1.00,
1984,51,-1.000, -1.00, -1.00, -1.00, -1.00,
1984,52,-1.000, -1.00, -1.00, -1.00, -1.00,
1985, 1,-1.000, -1.00, -1.00, -1.00, -1.00,
1985, 2,-1.000, -1.00, -1.00, -1.00, -1.00,
1985, 3,-1.000, -1.00, -1.00, -1.00, -1.00,
1985, 4,-1.000, -1.00, -1.00, -1.00, -1.00,
1985, 5,-1.000, -1.00, -1.00, -1.00, -1.00,
1985, 6,-1.000, -1.00, -1.00, -1.00, -1.00,
1985, 7,-1.000, -1.00, -1.00, -1.00, -1.00,
1985, 8,-1.000, -1.00, -1.00, -1.00, -1.00,
1985, 9, 0.337,283.17, 70.26, 27.97, 49.11,
1985,10, 0.349,284.89, 70.25, 27.03, 48.64,
1985,11, 0.369,287.12, 71.92, 24.33, 48.13,
1985,12, 0.392,289.05, 75.77, 21.48, 48.62,
1985,13, 0.410,290.49, 79.19, 18.80, 48.99,
1985,14, 0.421,291.50, 81.74, 16.34, 49.04,
1985,15, 0.425,292.16, 82.36, 16.40, 49.38,
1985,16, 0.418,292.32, 78.79, 20.34, 49.56,
1985,17, 0.404,292.51, 72.97, 24.19, 48.58,
1985,18, 0.391,292.74, 67.99, 26.19, 47.09,
1985,19, 0.375,292.86, 61.08, 29.49, 45.29,
1985,20, 0.350,292.44, 50.47, 39.43, 44.95,
1985,21, 0.324,291.82, 39.07, 52.16, 45.61,
1985,22, 0.310,291.61, 33.34, 58.99, 46.17,
1985,23, 0.310,291.71, 32.76, 61.09, 46.93,
1985,24, 0.317,291.96, 36.92, 60.11, 48.52,
1985,25, 0.327,292.51, 42.95, 55.92, 49.43,
1985,26, 0.337,293.10, 49.05, 51.89, 50.47,
1985,27, 0.340,293.41, 53.17, 50.98, 52.08,
1985,28, 0.339,293.55, 56.22, 50.86, 53.54,
1985,29, 0.343,294.06, 60.10, 46.65, 53.37,
1985,30, 0.352,295.05, 64.46, 40.70, 52.58,
1985,31, 0.356,296.03, 67.20, 35.22, 51.21,
1985,32, 0.351,296.71, 66.02, 35.20, 50.61,
1985,33, 0.346,297.43, 64.93, 34.01, 49.47,
1985,34, 0.337,298.11, 62.95, 32.11, 47.53,
1985,35, 0.324,298.67, 60.32, 30.91, 45.62,
1985,36, 0.306,298.72, 54.18, 34.84, 44.51,
1985,37, 0.289,298.92, 49.65, 35.50, 42.58,
1985,38, 0.278,299.52, 48.29, 32.12, 40.21,
1985,39, 0.263,299.29, 42.83, 36.88, 39.86,
1985,40, 0.243,298.35, 35.70, 42.93, 39.32,
1985,41, 0.225,296.76, 30.78, 49.89, 40.34,
1985,42, 0.213,295.58, 27.20, 49.41, 38.30,
1985,43, 0.211,295.51, 30.87, 41.83, 36.35,
1985,44, 0.205,293.84, 32.68, 41.99, 37.34,
1985,45, 0.196,290.88, 33.63, 42.99, 38.31,
1985,46, 0.194,288.30, 35.80, 42.72, 39.26,
1985,47, 0.201,286.95, 39.97, 39.50, 39.74,
1985,48, 0.208,285.02, 43.27, 38.73, 41.00,
1985,49, 0.211,283.06, 46.11, 38.34, 42.23,
1985,50, 0.214,281.65, 48.26, 38.75, 43.50,
1985,51, 0.211,279.60, 48.45, 40.98, 44.71,
1985,52, 0.196,276.08, 42.46, 49.17, 45.81,
1986, 1, 0.179,272.13, 33.39, 60.92, 47.16,
1986, 2, 0.172,270.42, 30.77, 62.12, 46.45,
1986, 3, 0.187,273.19, 37.65, 51.31, 44.48,
1986, 4, 0.212,276.65, 47.47, 40.09, 43.78,
1986, 5, 0.233,278.70, 52.96, 34.58, 43.77,
1986, 6, 0.246,279.34, 54.02, 33.15, 43.58,
1986, 7, 0.260,280.56, 55.81, 31.37, 43.59,
1986, 8, 0.279,282.31, 57.75, 31.19, 44.47,
1986, 9, 0.304,283.60, 61.20, 31.85, 46.53,
1986,10, 0.335,285.78, 65.83, 28.56, 47.20,
1986,11, 0.363,288.23, 69.19, 24.43, 46.81,
1986,12, 0.380,289.48, 71.03, 23.40, 47.21,
1986,13, 0.395,290.36, 73.62, 22.57, 48.09,
1986,14, 0.402,290.51, 75.52, 23.49, 49.51,
1986,15, 0.403,290.99, 74.59, 23.92, 49.25,
1986,16, 0.406,292.10, 74.62, 22.07, 48.34,
1986,17, 0.420,293.28, 77.43, 20.09, 48.76,
1986,18, 0.425,293.98, 78.13, 18.01, 48.07,
1986,19, 0.413,294.03, 73.10, 20.19, 46.64,
1986,20, 0.396,293.92, 66.47, 25.01, 45.74,
1986,21, 0.375,293.44, 58.09, 34.25, 46.17,
1986,22, 0.349,292.81, 47.25, 45.45, 46.35,
1986,23, 0.311,292.08, 31.47, 57.53, 44.50,
1986,24, 0.278,291.28, 21.32, 68.34, 44.83,
1986,25, 0.261,290.99, 18.16, 74.32, 46.24,
1986,26, 0.252,290.93, 17.07, 79.15, 48.11,
1986,27, 0.241,290.72, 16.74, 84.77, 50.76,
1986,28, 0.229,290.20, 16.41, 90.10, 53.26,
1986,29, 0.222,289.84, 16.85, 92.60, 54.73,
1986,30, 0.229,290.37, 19.63, 91.89, 55.76,
1986,31, 0.231,290.88, 20.92, 92.53, 56.72,
1986,32, 0.242,291.71, 24.44, 90.69, 57.56,
1986,33, 0.269,292.99, 33.97, 83.09, 58.53,
1986,34, 0.294,294.32, 45.05, 74.31, 59.68,
1986,35, 0.308,295.30, 53.45, 68.31, 60.88,
1986,36, 0.306,295.49, 55.10, 68.07, 61.58,
1986,37, 0.299,295.63, 55.20, 65.34, 60.27,
1986,38, 0.291,296.26, 54.93, 59.41, 57.17,
1986,39, 0.276,296.28, 50.00, 61.70, 55.85,
1986,40, 0.263,296.09, 46.33, 60.58, 53.46,
1986,41, 0.259,296.15, 48.24, 54.56, 51.40,
1986,42, 0.253,295.58, 46.01, 49.86, 47.93,
1986,43, 0.254,295.07, 50.86, 45.08, 47.97,
1986,44, 0.262,294.87, 58.05, 38.95, 48.50,
1986,45, 0.278,294.75, 68.40, 31.11, 49.75,
1986,46, 0.296,293.87, 76.67, 27.27, 51.97,
1986,47, 0.310,293.09, 81.95, 24.17, 53.06,
1986,48, 0.322,292.62, 85.73, 20.82, 53.27,
1986,49, 0.321,290.94, 87.13, 20.48, 53.81,
1986,50, 0.310,288.54, 85.23, 22.97, 54.10,
1986,51, 0.283,285.10, 76.47, 28.38, 52.42,
1986,52, 0.244,280.21, 61.49, 39.68, 50.59,
1987, 1, 0.195,273.47, 40.83, 58.40, 49.61,
1987, 2, 0.167,269.19, 29.90, 65.71, 47.80,
1987, 3, 0.152,266.81, 23.16, 68.47, 45.82,
1987, 4, 0.145,267.20, 19.85, 65.88, 42.86,
1987, 5, 0.156,269.51, 21.82, 59.27, 40.54,
1987, 6, 0.180,273.20, 28.80, 49.51, 39.15,
1987, 7, 0.207,276.27, 36.31, 42.75, 39.53,
1987, 8, 0.241,280.13, 43.83, 36.01, 39.92,
1987, 9, 0.272,283.82, 50.42, 28.46, 39.44,
1987,10, 0.304,287.23, 56.83, 21.17, 39.00,
1987,11, 0.324,289.27, 58.55, 18.27, 38.41,
1987,12, 0.340,290.69, 60.48, 16.60, 38.54,
1987,13, 0.359,292.07, 64.16, 13.20, 38.68,
1987,14, 0.378,292.91, 69.09,  9.91, 39.50,
1987,15, 0.389,293.84, 71.37,  7.59, 39.48,
1987,16, 0.399,294.59, 72.95,  6.95, 39.95,
1987,17, 0.397,294.55, 70.38, 10.65, 40.52,
1987,18, 0.393,294.51, 67.62, 12.80, 40.21,
1987,19, 0.385,294.55, 63.78, 14.80, 39.29,
1987,20, 0.371,294.00, 57.98, 23.40, 40.69,
1987,21, 0.359,293.51, 53.07, 31.85, 42.46,
1987,22, 0.356,293.74, 51.53, 32.25, 41.89,
1987,23, 0.351,293.83, 48.81, 35.51, 42.16,
1987,24, 0.343,293.75, 46.93, 38.99, 42.96,
1987,25, 0.333,293.57, 45.24, 42.93, 44.08,
1987,26, 0.320,293.48, 42.60, 46.86, 44.73,
1987,27, 0.303,293.44, 39.73, 49.65, 44.69,
1987,28, 0.285,293.41, 36.61, 50.99, 43.80,
1987,29, 0.274,293.64, 34.65, 49.99, 42.32,
1987,30, 0.269,294.07, 32.98, 50.29, 41.64,
1987,31, 0.270,294.66, 33.66, 49.33, 41.49,
1987,32, 0.269,295.34, 33.31, 49.12, 41.21,
1987,33, 0.261,295.51, 29.42, 54.22, 41.82,
1987,34, 0.256,296.21, 28.80, 52.24, 40.52,
1987,35, 0.252,297.23, 29.98, 45.81, 37.89,
1987,36, 0.246,297.87, 29.95, 42.92, 36.43,
1987,37, 0.237,298.62, 28.48, 37.80, 33.14,
1987,38, 0.225,299.10, 25.55, 35.28, 30.42,
1987,39, 0.218,299.62, 22.43, 33.83, 28.13,
1987,40, 0.213,300.09, 21.71, 30.26, 25.98,
1987,41, 0.207,299.40, 22.21, 32.58, 27.40,
1987,42, 0.194,298.06, 19.50, 35.55, 27.52,
1987,43, 0.185,296.96, 20.32, 34.57, 27.45,
1987,44, 0.179,295.04, 22.00, 36.26, 29.13,
1987,45, 0.171,292.47, 23.43, 36.84, 30.14,
1987,46, 0.156,288.20, 20.79, 42.28, 31.53,
1987,47, 0.141,281.81, 17.46, 51.97, 34.71,
1987,48, 0.132,276.30, 16.00, 58.26, 37.13,
1987,49, 0.130,272.48, 17.06, 62.03, 39.54,
1987,50, 0.130,269.99, 16.35, 66.14, 41.24,
1987,51, 0.132,269.02, 17.51, 67.37, 42.44,
1987,52, 0.144,269.93, 22.11, 65.44, 43.77,
1988, 1, 0.161,272.58, 28.37, 58.83, 43.60,
1988, 2, 0.176,274.15, 34.79, 51.89, 43.34,
1988, 3, 0.173,273.69, 33.21, 50.19, 41.70,
1988, 4, 0.170,273.53, 30.78, 49.05, 39.92,
1988, 5, 0.174,273.95, 29.74, 47.39, 38.57,
1988, 6, 0.189,275.89, 33.18, 41.83, 37.50,
1988, 7, 0.200,277.04, 34.70, 40.10, 37.40,
1988, 8, 0.208,277.88, 33.00, 41.73, 37.36,
1988, 9, 0.223,280.49, 34.29, 38.27, 36.28,
1988,10, 0.238,282.36, 35.44, 37.19, 36.31,
1988,11, 0.245,283.04, 34.25, 39.68, 36.96,
1988,12, 0.252,283.21, 33.96, 43.15, 38.56,
1988,13, 0.272,284.83, 37.92, 42.41, 40.17,
1988,14, 0.301,287.72, 45.36, 33.81, 39.59,
1988,15, 0.337,290.49, 54.77, 25.31, 40.04,
1988,16, 0.358,291.87, 59.44, 23.47, 41.45,
1988,17, 0.371,292.16, 61.41, 27.56, 44.49,
1988,18, 0.382,292.73, 63.82, 27.24, 45.53,
1988,19, 0.385,293.63, 63.81, 23.46, 43.63,
1988,20, 0.383,293.63, 62.69, 27.62, 45.15,
1988,21, 0.384,293.77, 63.10, 29.71, 46.41,
1988,22, 0.383,294.14, 62.07, 28.54, 45.31,
1988,23, 0.376,294.02, 57.99, 33.89, 45.94,
1988,24, 0.362,293.80, 53.57, 38.95, 46.26,
1988,25, 0.349,293.62, 50.46, 42.95, 46.70,
1988,26, 0.339,293.71, 48.46, 44.87, 46.67,
1988,27, 0.321,293.70, 44.59, 47.70, 46.14,
1988,28, 0.311,293.83, 43.90, 47.72, 45.81,
1988,29, 0.304,293.91, 43.31, 48.33, 45.82,
1988,30, 0.301,294.13, 42.47, 50.90, 46.69,
1988,31, 0.298,294.54, 42.63, 52.03, 47.33,
1988,32, 0.286,294.82, 38.91, 55.88, 47.40,
1988,33, 0.281,295.16, 37.89, 58.14, 48.02,
1988,34, 0.285,295.56, 41.81, 59.08, 50.45,
1988,35, 0.283,295.66, 43.48, 62.63, 53.06,
1988,36, 0.281,295.78, 45.00, 64.29, 54.64,
1988,37, 0.276,295.79, 45.51, 63.82, 54.67,
1988,38, 0.271,295.88, 46.45, 62.61, 54.53,
1988,39, 0.262,296.12, 44.18, 62.74, 53.46,
1988,40, 0.243,296.02, 37.06, 60.17, 48.61,
1988,41, 0.226,295.26, 32.54, 60.89, 46.72,
1988,42, 0.210,293.86, 27.10, 59.57, 43.34,
1988,43, 0.192,291.69, 24.64, 61.17, 42.90,
1988,44, 0.180,289.72, 23.91, 59.54, 41.73,
1988,45, 0.164,286.44, 21.76, 58.82, 40.29,
1988,46, 0.152,281.79, 20.19, 63.23, 41.71,
1988,47, 0.151,277.34, 21.50, 66.60, 44.05,
1988,48, 0.156,274.03, 24.34, 67.16, 45.75,
1988,49, 0.165,272.82, 29.38, 64.74, 47.06,
1988,50, 0.177,273.04, 33.97, 62.26, 48.12,
1988,51, 0.201,275.31, 44.08, 54.74, 49.41,
1988,52, 0.232,278.52, 56.44, 45.41, 50.92,
1989, 1, 0.262,281.42, 68.39, 37.25, 52.82,
1989, 2, 0.279,283.04, 75.35, 28.97, 52.16,
1989, 3, 0.288,283.57, 77.10, 24.55, 50.82,
1989, 4, 0.292,283.70, 76.50, 22.18, 49.34,
1989, 5, 0.296,284.35, 73.82, 18.97, 46.40,
1989, 6, 0.294,284.25, 68.65, 18.70, 43.68,
1989, 7, 0.292,284.42, 64.96, 18.82, 41.89,
1989, 8, 0.291,284.80, 60.42, 21.29, 40.86,
1989, 9, 0.283,284.26, 53.79, 26.96, 40.38,
1989,10, 0.270,283.22, 45.40, 35.37, 40.39,
1989,11, 0.261,282.94, 38.64, 41.45, 40.05,
1989,12, 0.265,283.60, 37.72, 43.01, 40.37,
1989,13, 0.275,285.06, 39.08, 42.09, 40.58,
1989,14, 0.286,286.41, 41.13, 39.58, 40.35,
1989,15, 0.295,287.49, 42.08, 40.06, 41.07,
1989,16, 0.301,288.08, 41.90, 44.82, 43.36,
1989,17, 0.312,288.85, 43.01, 48.77, 45.89,
1989,18, 0.326,289.91, 45.73, 48.12, 46.93,
1989,19, 0.339,290.95, 47.74, 46.89, 47.32,
1989,20, 0.356,292.35, 51.60, 41.45, 46.52,
1989,21, 0.367,293.26, 54.61, 37.13, 45.87,
1989,22, 0.364,293.21, 52.56, 41.43, 47.00,
1989,23, 0.363,293.32, 51.54, 43.91, 47.72,
1989,24, 0.365,293.61, 53.92, 43.04, 48.48,
1989,25, 0.367,293.83, 57.78, 42.11, 49.94,
1989,26, 0.366,293.94, 59.88, 43.36, 51.62,
1989,27, 0.358,293.84, 60.55, 47.00, 53.77,
1989,28, 0.354,293.94, 62.69, 47.29, 54.99,
1989,29, 0.360,294.19, 67.45, 46.03, 56.74,
1989,30, 0.371,294.61, 73.04, 46.37, 59.70,
1989,31, 0.377,295.05, 76.97, 47.22, 62.10,
1989,32, 0.377,295.41, 78.13, 50.68, 64.41,
1989,33, 0.375,296.09, 78.87, 49.58, 64.23,
1989,34, 0.372,297.01, 79.38, 44.72, 62.05,
1989,35, 0.362,297.86, 77.54, 40.07, 58.81,
1989,36, 0.352,298.73, 75.38, 35.03, 55.21,
1989,37, 0.342,299.33, 74.23, 32.16, 53.20,
1989,38, 0.330,299.73, 73.17, 30.92, 52.04,
1989,39, 0.315,300.15, 69.54, 30.53, 50.04,
1989,40, 0.298,300.33, 64.65, 29.36, 47.01,
1989,41, 0.280,300.05, 58.83, 29.55, 44.19,
1989,42, 0.261,299.26, 49.89, 29.93, 39.91,
1989,43, 0.250,298.39, 49.44, 28.97, 39.21,
1989,44, 0.254,298.25, 55.52, 24.65, 40.08,
1989,45, 0.270,298.31, 65.53, 18.42, 41.98,
1989,46, 0.283,297.49, 71.39, 15.70, 43.55,
1989,47, 0.290,296.29, 74.10, 14.65, 44.37,
1989,48, 0.298,295.31, 76.87, 13.55, 45.21,
1989,49, 0.297,293.79, 78.35, 13.61, 45.98,
1989,50, 0.288,291.86, 77.13, 15.38, 46.25,
1989,51, 0.273,289.78, 73.42, 17.25, 45.34,
1989,52, 0.260,287.69, 69.08, 20.67, 44.88,
1990, 1, 0.243,285.15, 62.43, 27.19, 44.81,
1990, 2, 0.227,282.48, 56.67, 30.87, 43.77,
1990, 3, 0.224,281.49, 55.05, 30.22, 42.63,
1990, 4, 0.242,282.72, 60.82, 25.35, 43.09,
1990, 5, 0.278,285.51, 70.72, 16.69, 43.70,
1990, 6, 0.313,287.96, 78.33,  9.58, 43.95,
1990, 7, 0.336,289.09, 82.23,  6.57, 44.40,
1990, 8, 0.355,289.80, 83.54,  6.95, 45.24,
1990, 9, 0.373,290.50, 84.24,  7.18, 45.71,
1990,10, 0.396,291.45, 85.74,  7.46, 46.60,
1990,11, 0.427,293.21, 89.10,  4.89, 46.99,
1990,12, 0.445,294.42, 90.50,  3.49, 47.00,
1990,13, 0.446,294.89, 89.29,  2.87, 46.08,
1990,14, 0.434,294.42, 85.63,  4.90, 45.27,
1990,15, 0.422,293.76, 80.82,  9.69, 45.26,
1990,16, 0.418,293.93, 78.35, 12.24, 45.29,
1990,17, 0.409,294.04, 73.90, 15.55, 44.72,
1990,18, 0.397,293.77, 68.94, 19.96, 44.45,
1990,19, 0.388,293.59, 64.68, 24.71, 44.69,
1990,20, 0.372,293.21, 58.74, 32.70, 45.72,
1990,21, 0.356,292.92, 52.56, 40.49, 46.53,
1990,22, 0.346,292.55, 47.97, 48.80, 48.38,
1990,23, 0.347,292.80, 48.06, 49.69, 48.87,
1990,24, 0.357,293.53, 53.08, 43.69, 48.38,
1990,25, 0.361,293.91, 56.94, 40.91, 48.92,
1990,26, 0.362,294.09, 58.96, 41.84, 50.40,
1990,27, 0.364,294.13, 63.07, 43.85, 53.46,
1990,28, 0.365,294.45, 67.49, 41.17, 54.33,
1990,29, 0.371,295.19, 72.07, 34.81, 53.44,
1990,30, 0.373,295.71, 73.65, 34.12, 53.88,
1990,31, 0.372,296.25, 74.44, 33.62, 54.03,
1990,32, 0.369,296.94, 74.50, 33.27, 53.88,
1990,33, 0.359,297.57, 71.94, 32.45, 52.20,
1990,34, 0.344,298.18, 67.26, 31.19, 49.23,
1990,35, 0.330,298.73, 63.57, 30.46, 47.02,
1990,36, 0.316,299.22, 59.74, 30.28, 45.01,
1990,37, 0.308,299.85, 58.83, 27.63, 43.23,
1990,38, 0.305,300.56, 61.36, 24.05, 42.70,
1990,39, 0.298,301.02, 60.65, 23.39, 42.02,
1990,40, 0.289,301.41, 59.44, 21.12, 40.28,
1990,41, 0.278,301.66, 57.46, 18.49, 37.98,
1990,42, 0.263,300.55, 50.51, 22.54, 36.52,
1990,43, 0.252,299.70, 49.96, 22.22, 36.09,
1990,44, 0.244,299.76, 50.31, 17.29, 33.80,
1990,45, 0.236,298.89, 50.71, 15.30, 33.00,
1990,46, 0.227,297.24, 48.88, 14.88, 31.88,
1990,47, 0.213,294.35, 44.89, 18.35, 31.62,
1990,48, 0.196,289.94, 39.55, 25.47, 32.51,
1990,49, 0.173,283.33, 32.85, 36.87, 34.86,
1990,50, 0.163,279.09, 28.64, 43.96, 36.30,
1990,51, 0.162,276.71, 28.43, 47.00, 37.71,
1990,52, 0.167,276.09, 29.80, 47.50, 38.65,
1991, 1, 0.170,275.12, 28.78, 50.28, 39.53,
1991, 2, 0.169,273.46, 28.96, 51.16, 40.06,
1991, 3, 0.165,271.14, 27.12, 54.54, 40.83,
1991, 4, 0.159,270.05, 24.47, 56.12, 40.30,
1991, 5, 0.163,271.07, 24.45, 53.34, 38.90,
1991, 6, 0.176,273.02, 28.01, 48.75, 38.38,
1991, 7, 0.191,275.90, 30.99, 42.75, 36.87,
1991, 8, 0.213,278.96, 34.16, 39.03, 36.60,
1991, 9, 0.247,282.27, 41.27, 33.27, 37.27,
1991,10, 0.286,285.24, 50.07, 27.57, 38.82,
1991,11, 0.325,288.10, 58.09, 22.17, 40.13,
1991,12, 0.350,289.87, 63.12, 19.39, 41.26,
1991,13, 0.361,290.86, 65.13, 18.35, 41.74,
1991,14, 0.367,291.41, 66.43, 17.55, 41.99,
1991,15, 0.373,291.85, 66.80, 18.87, 42.84,
1991,16, 0.384,292.53, 69.16, 19.93, 44.55,
1991,17, 0.397,293.03, 71.75, 21.71, 46.73,
1991,18, 0.414,293.83, 76.49, 18.74, 47.62,
1991,19, 0.429,294.61, 80.75, 14.97, 47.86,
1991,20, 0.430,294.90, 81.57, 15.09, 48.33,
1991,21, 0.429,295.00, 81.16, 16.96, 49.06,
1991,22, 0.429,295.41, 80.60, 14.46, 47.53,
1991,23, 0.431,296.06, 79.43, 10.88, 45.15,
1991,24, 0.426,296.44, 77.66,  9.29, 43.48,
1991,25, 0.413,296.41, 73.96, 10.50, 42.23,
1991,26, 0.388,296.26, 66.59, 14.25, 40.42,
1991,27, 0.363,296.17, 60.47, 17.30, 38.89,
1991,28, 0.342,296.08, 55.73, 20.59, 38.16,
1991,29, 0.328,296.11, 52.83, 22.89, 37.86,
1991,30, 0.314,296.12, 48.33, 27.27, 37.80,
1991,31, 0.298,296.19, 43.29, 31.87, 37.58,
1991,32, 0.283,296.35, 37.74, 38.23, 37.99,
1991,33, 0.269,296.58, 32.26, 42.83, 37.54,
1991,34, 0.260,297.01, 29.31, 44.01, 36.66,
1991,35, 0.253,297.58, 28.91, 42.75, 35.83,
1991,36, 0.249,298.34, 29.75, 38.94, 34.35,
1991,37, 0.246,299.15, 31.05, 33.72, 32.38,
1991,38, 0.238,299.62, 30.54, 31.57, 31.06,
1991,39, 0.225,299.30, 25.68, 37.23, 31.45,
1991,40, 0.215,299.40, 22.35, 36.24, 29.30,
1991,41, 0.208,300.65, 23.10, 25.17, 24.13,
1991,42, 0.200,300.70, 22.92, 21.15, 22.04,
1991,43, 0.184,299.56, 20.78, 22.32, 21.55,
1991,44, 0.169,298.16, 18.53, 23.91, 21.22,
1991,45, 0.153,295.99, 16.50, 25.26, 20.88,
1991,46, 0.141,293.37, 15.60, 27.08, 21.34,
1991,47, 0.144,291.52, 19.03, 26.68, 22.85,
1991,48, 0.156,291.11, 25.12, 23.46, 24.29,
1991,49, 0.171,290.81, 32.36, 20.08, 26.22,
1991,50, 0.185,290.08, 37.79, 18.94, 28.36,
1991,51, 0.196,289.26, 42.81, 17.58, 30.19,
1991,52, 0.211,288.28, 48.79, 17.75, 33.27,
1992, 1, 0.216,287.28, 50.30, 19.69, 34.99,
1992, 2, 0.217,287.24, 51.14, 16.28, 33.71,
1992, 3, 0.212,286.23, 48.02, 15.77, 31.90,
1992, 4, 0.206,284.90, 43.99, 17.80, 30.90,
1992, 5, 0.210,284.39, 42.53, 17.97, 30.25,
1992, 6, 0.211,283.42, 40.47, 20.12, 30.29,
1992, 7, 0.210,282.23, 37.68, 23.82, 30.75,
1992, 8, 0.216,282.42, 35.34, 27.04, 31.19,
1992, 9, 0.223,283.56, 33.91, 27.50, 30.70,
1992,10, 0.231,284.73, 32.86, 28.48, 30.67,
1992,11, 0.243,285.34, 33.28, 31.76, 32.52,
1992,12, 0.266,286.59, 37.91, 31.37, 34.64,
1992,13, 0.293,288.30, 43.91, 28.01, 35.96,
1992,14, 0.318,289.48, 50.37, 25.15, 37.76,
1992,15, 0.341,290.84, 56.05, 22.70, 39.37,
1992,16, 0.365,292.11, 61.90, 21.15, 41.52,
1992,17, 0.380,292.88, 64.49, 22.48, 43.49,
1992,18, 0.390,293.88, 66.65, 18.79, 42.72,
1992,19, 0.385,294.19, 63.61, 19.16, 41.39,
1992,20, 0.373,294.06, 58.16, 23.72, 40.94,
1992,21, 0.364,293.81, 54.04, 30.09, 42.06,
1992,22, 0.362,293.93, 52.78, 31.83, 42.30,
1992,23, 0.361,294.18, 51.96, 32.66, 42.31,
1992,24, 0.358,294.14, 52.86, 35.52, 44.19,
1992,25, 0.360,294.22, 55.95, 36.35, 46.15,
1992,26, 0.357,294.25, 56.93, 38.87, 47.90,
1992,27, 0.347,294.14, 56.71, 42.82, 49.76,
1992,28, 0.335,294.13, 55.64, 44.48, 50.06,
1992,29, 0.328,294.27, 55.79, 44.57, 50.18,
1992,30, 0.319,294.45, 53.05, 47.88, 50.47,
1992,31, 0.312,294.86, 50.94, 49.51, 50.22,
1992,32, 0.300,295.20, 46.31, 53.32, 49.82,
1992,33, 0.288,295.58, 41.50, 55.77, 48.63,
1992,34, 0.277,295.79, 37.63, 58.50, 48.06,
1992,35, 0.266,296.02, 35.26, 59.99, 47.63,
1992,36, 0.258,296.32, 34.26, 59.43, 46.85,
1992,37, 0.257,296.86, 37.06, 54.63, 45.84,
1992,38, 0.257,297.41, 40.17, 50.32, 45.25,
1992,39, 0.255,297.47, 40.88, 52.41, 46.64,
1992,40, 0.250,297.41, 40.79, 50.86, 45.82,
1992,41, 0.247,297.41, 43.17, 46.58, 44.88,
1992,42, 0.238,295.82, 39.69, 48.41, 44.05,
1992,43, 0.225,294.32, 38.30, 47.71, 43.01,
1992,44, 0.213,293.52, 37.35, 42.29, 39.82,
1992,45, 0.194,290.97, 34.11, 41.25, 37.68,
1992,46, 0.174,287.24, 28.35, 43.98, 36.16,
1992,47, 0.155,282.68, 22.98, 48.75, 35.87,
1992,48, 0.133,277.21, 16.43, 55.99, 36.21,
1992,49, 0.124,273.64, 14.86, 60.14, 37.50,
1992,50, 0.128,273.17, 15.63, 60.08, 37.85,
1992,51, 0.136,274.24, 18.93, 56.37, 37.65,
1992,52, 0.145,275.32, 21.67, 53.90, 37.78,
1993, 1, 0.153,275.90, 23.36, 53.07, 38.21,
1993, 2, 0.159,275.78, 26.55, 49.99, 38.27,
1993, 3, 0.167,274.81, 30.34, 49.54, 39.94,
1993, 4, 0.176,274.74, 33.62, 47.64, 40.63,
1993, 5, 0.185,276.45, 34.94, 42.48, 38.71,
1993, 6, 0.209,279.59, 41.04, 33.83, 37.44,
1993, 7, 0.243,283.25, 49.91, 24.13, 37.02,
1993, 8, 0.268,285.85, 53.63, 19.56, 36.60,
1993, 9, 0.275,286.34, 51.57, 20.72, 36.14,
1993,10, 0.281,287.30, 49.21, 21.36, 35.29,
1993,11, 0.289,288.88, 47.84, 19.69, 33.76,
1993,12, 0.289,288.90, 45.66, 22.72, 34.19,
1993,13, 0.282,288.24, 41.47, 27.41, 34.44,
1993,14, 0.282,288.10, 39.90, 29.06, 34.48,
1993,15, 0.297,288.73, 42.71, 30.58, 36.64,
1993,16, 0.323,289.95, 48.76, 30.82, 39.79,
1993,17, 0.347,291.30, 53.99, 30.33, 42.16,
1993,18, 0.364,292.10, 57.88, 30.32, 44.10,
1993,19, 0.381,292.90, 62.05, 28.90, 45.47,
1993,20, 0.388,293.38, 63.78, 29.92, 46.85,
1993,21, 0.378,293.19, 60.52, 36.07, 48.30,
1993,22, 0.358,293.01, 52.43, 42.07, 47.25,
1993,23, 0.345,293.23, 47.04, 43.91, 45.47,
1993,24, 0.335,293.28, 44.24, 45.67, 44.95,
1993,25, 0.325,293.11, 42.47, 49.81, 46.14,
1993,26, 0.313,292.90, 40.13, 55.64, 47.89,
1993,27, 0.303,292.82, 39.74, 59.28, 49.51,
1993,28, 0.295,292.89, 40.16, 59.20, 49.68,
1993,29, 0.290,293.08, 40.86, 57.80, 49.33,
1993,30, 0.286,293.16, 39.73, 62.29, 51.01,
1993,31, 0.287,293.45, 40.93, 65.19, 53.06,
1993,32, 0.290,293.94, 42.30, 67.10, 54.70,
1993,33, 0.291,294.36, 42.96, 68.70, 55.83,
1993,34, 0.292,294.91, 44.60, 67.63, 56.12,
1993,35, 0.282,295.39, 42.89, 66.65, 54.77,
1993,36, 0.271,295.89, 40.46, 63.86, 52.16,
1993,37, 0.255,296.39, 36.36, 58.76, 47.56,
1993,38, 0.235,296.61, 31.05, 56.57, 43.81,
1993,39, 0.212,296.51, 22.22, 59.62, 40.92,
1993,40, 0.189,296.21, 14.92, 59.16, 37.04,
1993,41, 0.175,296.27, 12.28, 53.26, 32.77,
1993,42, 0.171,296.61, 12.64, 43.68, 28.16,
1993,43, 0.168,296.42, 15.28, 37.51, 26.40,
1993,44, 0.162,295.83, 16.72, 33.72, 25.22,
1993,45, 0.159,294.80, 19.77, 29.91, 24.84,
1993,46, 0.157,293.50, 21.96, 27.25, 24.60,
1993,47, 0.157,291.78, 24.31, 26.53, 25.42,
1993,48, 0.153,289.07, 24.09, 29.09, 26.59,
1993,49, 0.157,287.19, 27.86, 29.64, 28.75,
1993,50, 0.160,284.80, 28.58, 32.93, 30.76,
1993,51, 0.156,281.89, 27.91, 37.47, 32.69,
1993,52, 0.154,278.94, 26.35, 44.14, 35.24,
1994, 1, 0.151,275.87, 23.35, 52.20, 37.77,
1994, 2, 0.152,273.74, 24.18, 53.62, 38.90,
1994, 3, 0.152,271.87, 23.96, 54.63, 39.30,
1994, 4, 0.147,269.69, 21.25, 57.75, 39.50,
1994, 5, 0.140,267.91, 17.23, 61.58, 39.40,
1994, 6, 0.136,266.26, 14.92, 65.79, 40.35,
1994, 7, 0.127,264.10, 10.82, 73.01, 41.92,
1994, 8, 0.121,262.57,  6.47, 79.80, 43.13,
1994, 9, 0.128,262.95,  6.42, 83.07, 44.74,
1994,10, 0.143,265.95,  8.34, 82.21, 45.28,
1994,11, 0.161,270.30, 10.74, 78.01, 44.37,
1994,12, 0.188,274.82, 15.88, 71.06, 43.47,
1994,13, 0.224,279.66, 24.44, 61.98, 43.21,
1994,14, 0.261,283.72, 34.12, 51.27, 42.69,
1994,15, 0.282,286.45, 38.67, 45.23, 41.95,
1994,16, 0.293,288.42, 39.64, 42.33, 40.99,
1994,17, 0.297,289.68, 38.78, 42.93, 40.85,
1994,18, 0.301,290.68, 37.90, 42.08, 39.99,
1994,19, 0.310,291.64, 38.45, 40.30, 39.38,
1994,20, 0.311,291.76, 36.61, 46.26, 41.44,
1994,21, 0.312,291.96, 35.78, 50.05, 42.92,
1994,22, 0.317,292.39, 37.51, 48.84, 43.18,
1994,23, 0.309,292.28, 34.11, 53.60, 43.86,
1994,24, 0.302,292.20, 32.85, 56.49, 44.67,
1994,25, 0.297,292.15, 32.96, 59.49, 46.22,
1994,26, 0.298,292.40, 34.85, 60.34, 47.59,
1994,27, 0.294,292.60, 36.65, 61.18, 48.92,
1994,28, 0.284,292.65, 36.56, 61.59, 49.07,
1994,29, 0.274,292.80, 35.56, 60.89, 48.22,
1994,30, 0.265,292.92, 32.78, 64.53, 48.66,
1994,31, 0.262,293.15, 32.46, 68.08, 50.27,
1994,32, 0.264,293.60, 33.69, 70.53, 52.11,
1994,33, 0.276,294.25, 37.96, 69.72, 53.84,
1994,34, 0.291,295.09, 45.51, 66.00, 55.75,
1994,35, 0.305,295.99, 53.86, 60.50, 57.18,
1994,36, 0.312,296.93, 59.60, 53.16, 56.38,
1994,37,-1.000, -1.00, -1.00, -1.00, -1.00,
1994,38,-1.000, -1.00, -1.00, -1.00, -1.00,
1994,39,-1.000, -1.00, -1.00, -1.00, -1.00,
1994,40,-1.000, -1.00, -1.00, -1.00, -1.00,
1994,41,-1.000, -1.00, -1.00, -1.00, -1.00,
1994,42,-1.000, -1.00, -1.00, -1.00, -1.00,
1994,43,-1.000, -1.00, -1.00, -1.00, -1.00,
1994,44,-1.000, -1.00, -1.00, -1.00, -1.00,
1994,45,-1.000, -1.00, -1.00, -1.00, -1.00,
1994,46,-1.000, -1.00, -1.00, -1.00, -1.00,
1994,47,-1.000, -1.00, -1.00, -1.00, -1.00,
1994,48,-1.000, -1.00, -1.00, -1.00, -1.00,
1994,49,-1.000, -1.00, -1.00, -1.00, -1.00,
1994,50,-1.000, -1.00, -1.00, -1.00, -1.00,
1994,51,-1.000, -1.00, -1.00, -1.00, -1.00,
1994,52,-1.000, -1.00, -1.00, -1.00, -1.00,
1995, 1,-1.000, -1.00, -1.00, -1.00, -1.00,
1995, 2,-1.000, -1.00, -1.00, -1.00, -1.00,
1995, 3,-1.000, -1.00, -1.00, -1.00, -1.00,
1995, 4,-1.000, -1.00, -1.00, -1.00, -1.00,
1995, 5,-1.000, -1.00, -1.00, -1.00, -1.00,
1995, 6,-1.000, -1.00, -1.00, -1.00, -1.00,
1995, 7, 0.225,276.83, 42.36, 37.57, 39.96,
1995, 8, 0.231,277.79, 40.62, 39.27, 39.95,
1995, 9, 0.243,279.76, 41.76, 38.11, 39.93,
1995,10, 0.257,281.70, 42.91, 37.82, 40.37,
1995,11, 0.268,283.24, 42.56, 38.46, 40.51,
1995,12, 0.277,284.51, 42.56, 38.87, 40.72,
1995,13, 0.291,285.70, 44.15, 38.92, 41.54,
1995,14, 0.314,287.55, 49.36, 34.43, 41.90,
1995,15, 0.339,289.01, 55.29, 32.71, 44.00,
1995,16, 0.366,290.57, 61.79, 31.08, 46.43,
1995,17, 0.384,291.92, 66.29, 29.50, 47.90,
1995,18, 0.393,292.52, 68.58, 29.40, 48.99,
1995,19, 0.389,292.33, 66.29, 35.88, 51.09,
1995,20, 0.381,292.44, 63.32, 40.89, 52.11,
1995,21, 0.375,292.61, 61.73, 44.39, 53.06,
1995,22, 0.379,293.12, 64.11, 42.03, 53.07,
1995,23, 0.375,293.48, 62.39, 41.33, 51.86,
1995,24, 0.364,293.46, 59.69, 43.74, 51.71,
1995,25, 0.356,293.41, 58.31, 46.28, 52.29,
1995,26, 0.365,293.67, 63.04, 46.21, 54.62,
1995,27, 0.382,294.31, 71.73, 41.14, 56.43,
1995,28, 0.393,294.92, 78.58, 35.62, 57.10,
1995,29, 0.392,295.28, 79.76, 33.61, 56.68,
1995,30, 0.387,295.90, 78.38, 30.89, 54.63,
1995,31, 0.369,296.40, 72.92, 29.76, 51.34,
1995,32, 0.347,296.87, 65.24, 31.64, 48.44,
1995,33, 0.322,297.09, 55.69, 35.75, 45.72,
1995,34, 0.309,297.74, 51.87, 34.75, 43.31,
1995,35, 0.306,298.83, 53.25, 28.56, 40.90,
1995,36, 0.298,299.65, 51.54, 25.47, 38.51,
1995,37, 0.288,300.25, 50.24, 23.83, 37.04,
1995,38, 0.277,300.50, 48.41, 24.30, 36.36,
1995,39, 0.272,300.80, 48.02, 24.64, 36.33,
1995,40, 0.270,301.09, 49.60, 22.83, 36.22,
1995,41, 0.262,300.50, 49.03, 25.39, 37.21,
1995,42, 0.256,299.76, 47.53, 25.91, 36.72,
1995,43, 0.254,298.82, 50.72, 25.65, 38.18,
1995,44, 0.248,297.45, 51.94, 26.79, 39.37,
1995,45, 0.242,296.06, 52.77, 25.46, 39.11,
1995,46, 0.227,293.52, 48.81, 27.42, 38.11,
1995,47, 0.218,290.91, 46.39, 29.23, 37.81,
1995,48, 0.212,288.16, 45.07, 30.97, 38.02,
1995,49, 0.211,285.90, 45.81, 31.59, 38.70,
1995,50, 0.218,285.33, 49.52, 29.74, 39.63,
1995,51, 0.229,285.72, 54.75, 25.47, 40.11,
1995,52, 0.242,285.86, 59.56, 22.95, 41.26,
1996, 1, 0.252,285.61, 63.80, 22.94, 43.37,
1996, 2, 0.246,283.54, 61.28, 25.31, 43.30,
1996, 3, 0.245,281.86, 59.68, 26.74, 43.21,
1996, 4, 0.254,281.53, 61.26, 25.73, 43.49,
1996, 5, 0.267,282.05, 62.55, 23.21, 42.88,
1996, 6, 0.284,283.41, 65.49, 19.53, 42.51,
1996, 7, 0.293,283.98, 65.94, 18.76, 42.35,
1996, 8, 0.302,284.80, 65.05, 20.07, 42.56,
1996, 9, 0.315,285.96, 65.41, 19.80, 42.61,
1996,10, 0.324,286.65, 63.44, 22.30, 42.87,
1996,11, 0.339,288.08, 62.91, 22.51, 42.71,
1996,12, 0.355,289.71, 65.08, 20.40, 42.74,
1996,13, 0.370,290.95, 67.93, 18.28, 43.11,
1996,14, 0.384,291.95, 71.50, 15.44, 43.47,
1996,15, 0.394,292.25, 72.92, 17.27, 45.09,
1996,16, 0.407,292.93, 75.49, 17.90, 46.70,
1996,17, 0.422,294.17, 78.61, 14.60, 46.60,
1996,18, 0.423,294.71, 78.49, 12.61, 45.55,
1996,19, 0.412,294.62, 73.82, 15.35, 44.58,
1996,20, 0.388,294.08, 65.27, 23.44, 44.35,
1996,21, 0.372,293.81, 59.45, 29.35, 44.40,
1996,22, 0.368,294.09, 57.70, 29.20, 43.45,
1996,23, 0.370,294.30, 57.28, 31.07, 44.17,
1996,24, 0.372,294.49, 58.65, 31.31, 44.98,
1996,25, 0.372,294.66, 59.88, 30.92, 45.40,
1996,26, 0.373,294.86, 61.51, 31.30, 46.41,
1996,27, 0.376,295.18, 65.31, 30.14, 47.73,
1996,28, 0.376,295.52, 68.31, 28.28, 48.29,
1996,29, 0.371,295.83, 69.03, 27.23, 48.13,
1996,30, 0.366,296.23, 67.70, 27.54, 47.62,
1996,31, 0.356,296.67, 65.42, 28.25, 46.84,
1996,32, 0.341,296.95, 60.79, 33.01, 46.90,
1996,33, 0.329,297.33, 56.78, 35.86, 46.32,
1996,34, 0.324,297.82, 55.65, 36.18, 45.91,
1996,35, 0.318,298.27, 55.45, 36.47, 45.96,
1996,36, 0.311,298.53, 54.42, 38.15, 46.29,
1996,37, 0.303,298.93, 54.34, 36.44, 45.39,
1996,38, 0.294,299.37, 54.15, 34.26, 44.21,
1996,39, 0.283,299.38, 51.67, 36.91, 44.29,
1996,40, 0.269,299.05, 47.93, 38.76, 43.34,
1996,41, 0.257,299.11, 46.13, 35.57, 40.85,
1996,42, 0.243,298.49, 41.08, 34.01, 37.55,
1996,43, 0.224,296.46, 37.80, 38.39, 38.09,
1996,44, 0.210,294.61, 36.32, 39.96, 38.14,
1996,45, 0.203,293.28, 37.21, 36.11, 36.66,
1996,46, 0.199,291.62, 38.30, 34.42, 36.36,
1996,47, 0.188,288.75, 35.65, 36.35, 36.00,
1996,48, 0.167,284.23, 28.85, 42.30, 35.57,
1996,49, 0.151,280.03, 24.79, 47.50, 36.14,
1996,50, 0.150,277.31, 23.65, 51.59, 37.62,
1996,51, 0.152,275.43, 24.81, 53.45, 39.13,
1996,52, 0.147,272.03, 21.96, 60.86, 41.41,
1997, 1, 0.152,270.63, 21.59, 64.42, 43.00,
1997, 2, 0.163,271.36, 26.93, 57.82, 42.38,
1997, 3, 0.173,271.55, 30.64, 53.54, 42.09,
1997, 4, 0.173,270.67, 29.46, 54.76, 42.11,
1997, 5, 0.174,270.20, 27.56, 55.65, 41.60,
1997, 6, 0.185,271.59, 30.25, 51.64, 40.94,
1997, 7, 0.204,273.43, 35.31, 48.19, 41.75,
1997, 8, 0.235,276.00, 41.76, 45.28, 43.52,
1997, 9, 0.278,279.42, 52.71, 39.56, 46.14,
1997,10, 0.342,284.62, 69.41, 28.11, 48.76,
1997,11, 0.394,289.25, 79.95, 16.82, 48.39,
1997,12, 0.424,292.03, 85.23, 10.37, 47.80,
1997,13, 0.428,292.29, 84.66, 11.64, 48.15,
1997,14, 0.428,293.19, 84.18,  8.62, 46.40,
1997,15, 0.428,294.42, 82.88,  5.11, 43.99,
1997,16, 0.430,295.13, 82.19,  4.50, 43.34,
1997,17, 0.427,295.72, 79.34,  3.85, 41.60,
1997,18, 0.416,295.65, 74.80,  5.09, 39.94,
1997,19, 0.404,295.46, 69.30,  7.84, 38.57,
1997,20, 0.398,295.37, 66.40, 10.61, 38.50,
1997,21, 0.387,295.14, 62.36, 14.98, 38.67,
1997,22, 0.371,294.87, 56.24, 20.18, 38.21,
1997,23, 0.369,294.95, 55.40, 22.97, 39.18,
1997,24, 0.369,294.95, 57.11, 25.37, 41.24,
1997,25, 0.363,294.88, 57.76, 27.91, 42.83,
1997,26, 0.351,294.63, 55.45, 33.63, 44.54,
1997,27, 0.341,294.57, 55.19, 36.86, 46.02,
1997,28, 0.339,294.94, 57.62, 34.41, 46.01,
1997,29, 0.340,295.52, 59.42, 30.16, 44.79,
1997,30, 0.338,296.15, 58.70, 27.83, 43.27,
1997,31, 0.342,297.04, 60.66, 22.92, 41.79,
1997,32, 0.348,298.12, 63.84, 18.30, 41.07,
1997,33, 0.353,299.14, 67.37, 14.12, 40.74,
1997,34, 0.347,299.92, 66.91, 11.60, 39.26,
1997,35, 0.335,300.61, 63.93,  9.86, 36.89,
1997,36, 0.328,301.40, 62.59,  8.30, 35.45,
1997,37, 0.319,302.12, 61.33,  7.17, 34.25,
1997,38, 0.307,302.62, 59.80,  6.87, 33.34,
1997,39, 0.297,302.89, 58.07,  8.06, 33.07,
1997,40, 0.288,303.05, 56.87,  8.68, 32.77,
1997,41, 0.275,302.46, 53.65, 12.97, 33.31,
1997,42, 0.257,301.44, 46.70, 16.94, 31.82,
1997,43, 0.241,301.09, 44.45, 15.03, 29.74,
1997,44, 0.223,300.39, 41.26, 14.60, 27.93,
1997,45, 0.207,298.77, 38.49, 15.48, 26.99,
1997,46, 0.190,296.35, 34.37, 17.50, 25.93,
1997,47, 0.174,292.93, 30.28, 21.92, 26.10,
1997,48, 0.160,288.57, 26.43, 28.31, 27.37,
1997,49, 0.154,285.20, 25.96, 31.98, 28.97,
1997,50, 0.163,283.95, 29.05, 31.85, 30.45,
1997,51, 0.181,284.43, 36.50, 27.51, 32.00,
1997,52, 0.201,284.73, 44.10, 24.84, 34.47,
1998, 1, 0.227,285.22, 54.93, 23.08, 39.00,
1998, 2, 0.246,285.17, 64.00, 19.90, 41.95,
1998, 3, 0.259,284.74, 67.68, 18.05, 42.87,
1998, 4, 0.263,284.33, 66.80, 17.41, 42.11,
1998, 5, 0.269,283.99, 64.77, 17.28, 41.02,
1998, 6, 0.282,284.39, 65.44, 16.11, 40.77,
1998, 7, 0.289,284.53, 64.51, 16.15, 40.33,
1998, 8, 0.295,284.89, 62.00, 18.30, 40.15,
1998, 9, 0.302,285.39, 60.51, 19.86, 40.19,
1998,10, 0.313,286.30, 59.42, 21.42, 40.42,
1998,11, 0.332,288.13, 60.77, 20.48, 40.63,
1998,12, 0.353,290.01, 63.86, 18.03, 40.94,
1998,13, 0.362,290.64, 64.59, 18.74, 41.67,
1998,14, 0.360,290.92, 63.13, 19.26, 41.20,
1998,15, 0.352,291.15, 59.20, 21.58, 40.39,
1998,16, 0.346,291.21, 55.92, 26.48, 41.20,
1998,17, 0.342,290.76, 52.77, 36.51, 44.64,
1998,18, 0.344,291.07, 52.17, 40.44, 46.31,
1998,19, 0.353,291.71, 53.42, 41.45, 47.44,
1998,20, 0.363,291.82, 55.79, 47.21, 51.50,
1998,21, 0.376,292.17, 61.13, 49.72, 55.43,
1998,22, 0.389,292.58, 66.74, 48.84, 57.79,
1998,23, 0.397,292.47, 69.14, 53.26, 61.20,
1998,24, 0.409,292.79, 74.44, 51.75, 63.09,
1998,25, 0.418,293.37, 79.96, 46.96, 63.46,
1998,26, 0.414,293.46, 80.70, 48.94, 64.82,
1998,27, 0.399,293.46, 78.92, 51.60, 65.26,
1998,28, 0.391,293.79, 79.36, 48.62, 63.99,
1998,29, 0.391,294.42, 81.77, 42.80, 62.28,
1998,30, 0.389,294.99, 82.17, 41.16, 61.67,
1998,31, 0.384,295.34, 81.32, 42.82, 62.07,
1998,32, 0.379,295.63, 80.44, 47.45, 63.95,
1998,33, 0.375,295.97, 79.10, 50.59, 64.85,
1998,34, 0.371,296.54, 78.66, 50.08, 64.37,
1998,35, 0.365,296.84, 78.64, 51.53, 65.09,
1998,36, 0.350,296.54, 74.71, 57.71, 66.21,
1998,37, 0.333,295.67, 70.11, 65.32, 67.71,
1998,38, 0.315,294.95, 65.75, 70.22, 67.99,
1998,39, 0.300,294.11, 61.28, 78.90, 70.09,
1998,40, 0.282,292.58, 55.24, 85.44, 70.34,
1998,41, 0.264,290.99, 50.53, 86.84, 68.68,
1998,42, 0.241,287.75, 40.55, 90.91, 65.73,
1998,43, 0.218,284.48, 35.07, 92.69, 63.88,
1998,44, 0.191,280.61, 27.60, 92.79, 60.20,
1998,45, 0.164,275.07, 21.03, 93.26, 57.14,
1998,46, 0.149,270.96, 18.12, 92.67, 55.40,
1998,47, 0.144,268.27, 18.60, 89.59, 54.10,
1998,48, 0.142,266.26, 19.83, 85.65, 52.74,
1998,49, 0.144,265.57, 22.13, 80.68, 51.41,
1998,50, 0.142,264.59, 21.17, 81.17, 51.17,
1998,51, 0.144,264.91, 22.12, 78.96, 50.54,
1998,52, 0.153,265.91, 24.89, 76.06, 50.47,
1999, 1, 0.155,266.25, 23.69, 76.46, 50.08,
1999, 2, 0.155,266.51, 23.88, 71.65, 47.76,
1999, 3, 0.155,266.22, 23.36, 69.21, 46.28,
1999, 4, 0.162,267.20, 25.65, 64.76, 45.20,
1999, 5, 0.167,268.48, 25.51, 60.27, 42.89,
1999, 6, 0.169,268.70, 24.79, 59.69, 42.24,
1999, 7, 0.172,269.22, 23.99, 60.09, 42.04,
1999, 8, 0.180,270.73, 23.28, 60.84, 42.06,
1999, 9, 0.188,272.29, 22.88, 61.63, 42.26,
1999,10, 0.184,272.09, 18.75, 68.32, 43.54,
1999,11, 0.188,272.16, 17.53, 73.11, 45.32,
1999,12, 0.195,272.66, 18.08, 74.58, 46.33,
1999,13, 0.205,274.08, 18.70, 75.52, 47.11,
1999,14, 0.216,275.53, 19.85, 75.76, 47.81,
1999,15, 0.229,277.15, 21.36, 78.36, 49.86,
1999,16, 0.249,279.84, 24.63, 79.00, 51.82,
1999,17, 0.280,283.37, 32.42, 76.17, 54.29,
1999,18, 0.304,285.75, 38.23, 74.05, 56.14,
1999,19, 0.325,287.92, 43.40, 69.49, 56.45,
1999,20, 0.333,288.80, 44.56, 74.31, 59.43,
1999,21, 0.333,289.83, 43.57, 73.53, 58.55,
1999,22, 0.322,290.66, 38.93, 69.44, 54.19,
1999,23, 0.298,289.84, 28.53, 81.89, 55.21,
1999,24, 0.286,290.11, 26.30, 80.42, 53.36,
1999,25, 0.282,290.79, 27.55, 75.19, 51.37,
1999,26, 0.283,291.12, 29.94, 75.17, 52.55,
1999,27, 0.289,291.70, 35.15, 71.79, 53.47,
1999,28, 0.301,292.36, 42.98, 64.85, 53.92,
1999,29, 0.309,293.09, 47.85, 58.00, 52.92,
1999,30, 0.319,293.86, 52.07, 54.81, 53.44,
1999,31, 0.320,294.44, 53.16, 54.06, 53.61,
1999,32, 0.316,295.25, 51.74, 52.38, 52.06,
1999,33, 0.309,295.94, 49.15, 50.97, 50.06,
1999,34, 0.303,296.32, 48.14, 52.20, 50.17,
1999,35, 0.300,296.91, 49.07, 50.55, 49.81,
1999,36, 0.293,297.53, 48.25, 47.71, 47.98,
1999,37, 0.282,297.30, 46.13, 50.72, 48.42,
1999,38, 0.270,296.61, 44.35, 56.52, 50.43,
1999,39, 0.258,296.40, 40.47, 60.29, 50.38,
1999,40, 0.234,295.01, 31.31, 67.42, 49.36,
1999,41, 0.208,292.67, 22.91, 75.07, 48.99,
1999,42, 0.189,290.25, 18.13, 75.64, 46.88,
1999,43, 0.176,287.47, 16.76, 76.22, 46.49,
1999,44, 0.162,283.88, 14.98, 79.17, 47.07,
1999,45, 0.149,280.12, 14.40, 76.54, 45.47,
1999,46, 0.144,277.64, 15.47, 72.69, 44.08,
1999,47, 0.138,275.22, 16.05, 70.30, 43.18,
1999,48, 0.141,273.88, 18.97, 66.11, 42.54,
1999,49, 0.140,272.00, 20.38, 64.76, 42.57,
1999,50, 0.141,270.63, 20.41, 66.24, 43.32,
1999,51, 0.147,270.04, 22.90, 65.88, 44.39,
1999,52, 0.157,270.51, 25.70, 64.77, 45.24,
2000, 1, 0.157,269.66, 24.32, 67.18, 45.75,
2000, 2, 0.153,268.61, 23.25, 66.36, 44.81,
2000, 3, 0.144,267.02, 19.63, 66.94, 43.29,
2000, 4, 0.138,266.05, 17.03, 67.32, 42.18,
2000, 5, 0.139,266.16, 15.89, 66.26, 41.08,
2000, 6, 0.147,267.55, 17.89, 62.16, 40.03,
2000, 7, 0.154,268.77, 18.77, 60.54, 39.66,
2000, 8, 0.148,268.11, 14.98, 66.47, 40.73,
2000, 9, 0.142,267.54, 12.15, 71.73, 41.94,
2000,10, 0.134,267.06,  9.11, 77.34, 43.22,
2000,11, 0.130,267.30,  7.24, 80.40, 43.82,
2000,12, 0.133,268.64,  6.71, 80.44, 43.58,
2000,13, 0.129,269.22,  5.69, 83.31, 44.50,
2000,14, 0.125,269.75,  4.99, 85.99, 45.49,
2000,15, 0.125,270.79,  4.36, 88.37, 46.36,
2000,16, 0.125,271.71,  4.05, 91.68, 47.86,
2000,17, 0.124,272.74,  3.44, 94.49, 48.96,
2000,18, 0.133,274.88,  3.47, 94.73, 49.10,
2000,19, 0.149,277.41,  3.78, 94.54, 49.16,
2000,20, 0.160,279.24,  4.50, 96.05, 50.28,
2000,21, 0.169,280.22,  4.63, 97.51, 51.07,
2000,22, 0.183,281.65,  5.23, 97.98, 51.60,
2000,23, 0.197,283.44,  6.39, 98.03, 52.21,
2000,24, 0.219,285.76, 11.62, 95.90, 53.76,
2000,25, 0.240,287.57, 18.99, 93.38, 56.19,
2000,26, 0.253,288.18, 23.73, 94.68, 59.20,
2000,27, 0.269,289.07, 30.25, 93.53, 61.89,
2000,28, 0.282,290.64, 37.36, 83.18, 60.27,
2000,29, 0.286,291.79, 40.47, 72.20, 56.33,
2000,30, 0.283,292.22, 38.91, 72.84, 55.88,
2000,31, 0.275,292.71, 36.70, 73.71, 55.21,
2000,32, 0.268,293.40, 33.64, 73.26, 53.45,
2000,33, 0.257,293.82, 28.11, 74.34, 51.22,
2000,34, 0.251,294.39, 26.31, 72.76, 49.54,
2000,35, 0.248,294.93, 27.30, 70.59, 48.94,
2000,36, 0.244,295.60, 27.82, 65.78, 46.80,
2000,37, 0.239,295.87, 28.73, 62.30, 45.51,
2000,38, 0.230,295.17, 27.58, 66.54, 47.06,
2000,39, 0.214,293.99, 22.27, 75.77, 49.02,
2000,40, 0.190,292.28, 15.78, 81.50, 48.64,
2000,41, 0.160,289.61,  9.88, 86.66, 48.27,
2000,42, 0.133,286.95,  5.97, 86.25, 46.11,
2000,43, 0.118,285.40,  5.34, 81.47, 43.41,
2000,44, 0.108,283.82,  5.74, 75.77, 40.75,
2000,45, 0.100,282.49,  5.99, 67.95, 36.97,
2000,46, 0.099,281.20,  6.17, 62.87, 34.52,
2000,47, 0.098,280.16,  6.43, 58.63, 32.53,
2000,48, 0.101,279.34,  7.70, 54.01, 30.86,
2000,49, 0.111,278.99, 11.49, 49.47, 30.48,
2000,50, 0.127,278.69, 15.80, 47.49, 31.64,
2000,51, 0.141,276.86, 21.11, 49.19, 35.15,
2000,52, 0.154,274.72, 25.88, 52.72, 39.30,
2001, 1, 0.173,274.20, 31.78, 52.77, 42.28,
2001, 2, 0.189,272.64, 38.76, 52.25, 45.50,
2001, 3, 0.198,270.63, 41.65, 53.42, 47.54,
2001, 4, 0.204,268.97, 42.60, 55.35, 48.98,
2001, 5, 0.215,269.49, 44.20, 54.14, 49.17,
2001, 6, 0.227,271.19, 45.77, 50.43, 48.10,
2001, 7, 0.243,273.66, 48.71, 45.33, 47.02,
2001, 8, 0.250,275.42, 46.94, 44.91, 45.93,
2001, 9, 0.255,276.72, 45.17, 45.95, 45.56,
2001,10, 0.259,277.98, 42.95, 47.37, 45.16,
2001,11, 0.259,278.51, 39.11, 50.14, 44.63,
2001,12, 0.259,278.00, 36.82, 56.81, 46.81,
2001,13, 0.270,279.63, 38.04, 57.75, 47.90,
2001,14, 0.300,283.58, 45.51, 46.90, 46.21,
2001,15, 0.324,286.10, 50.91, 42.91, 46.91,
2001,16, 0.340,287.31, 54.04, 45.51, 49.78,
2001,17, 0.354,288.19, 56.07, 50.86, 53.46,
2001,18, 0.365,289.83, 58.57, 48.29, 53.43,
2001,19, 0.372,290.72, 59.12, 48.88, 54.00,
2001,20, 0.377,291.59, 59.94, 48.18, 54.06,
2001,21, 0.375,292.66, 59.52, 42.49, 51.00,
2001,22, 0.366,292.80, 55.65, 44.78, 50.22,
2001,23, 0.352,292.63, 49.87, 50.46, 50.16,
2001,24, 0.347,292.68, 49.05, 51.93, 50.49,
2001,25, 0.343,292.79, 49.35, 52.48, 50.92,
2001,26, 0.337,292.99, 48.99, 53.17, 51.08,
2001,27, 0.331,293.34, 50.41, 51.82, 51.11,
2001,28, 0.330,293.72, 53.15, 48.66, 50.90,
2001,29, 0.331,294.30, 55.78, 43.77, 49.78,
2001,30, 0.333,294.90, 57.14, 42.04, 49.59,
2001,31, 0.333,295.44, 58.04, 42.15, 50.09,
2001,32, 0.337,296.23, 60.09, 41.17, 50.63,
2001,33, 0.339,297.04, 61.58, 39.02, 50.30,
2001,34, 0.331,297.61, 59.38, 38.36, 48.87,
2001,35, 0.323,298.27, 57.99, 36.30, 47.15,
2001,36, 0.318,298.87, 57.87, 34.54, 46.21,
2001,37, 0.314,299.30, 59.15, 32.95, 46.05,
2001,38, 0.302,299.34, 57.69, 34.47, 46.08,
2001,39, 0.288,299.10, 53.77, 39.01, 46.39,
2001,40, 0.276,298.75, 50.91, 40.58, 45.74,
2001,41, 0.264,297.55, 48.72, 45.16, 46.94,
2001,42, 0.251,295.78, 44.20, 48.51, 46.35,
2001,43, 0.248,295.50, 47.57, 42.30, 44.93,
2001,44, 0.248,294.99, 51.36, 37.36, 44.36,
2001,45, 0.236,292.09, 50.49, 39.34, 44.92,
2001,46, 0.225,288.90, 48.29, 41.89, 45.09,
2001,47, 0.218,286.02, 46.56, 43.28, 44.92,
2001,48, 0.217,283.51, 47.08, 43.64, 45.36,
2001,49, 0.228,282.44, 52.75, 41.11, 46.93,
2001,50, 0.238,281.83, 57.96, 39.51, 48.74,
2001,51, 0.249,281.50, 63.41, 37.55, 50.48,
2001,52, 0.252,280.29, 64.40, 38.98, 51.69,
2002, 1, 0.245,277.80, 61.21, 44.96, 53.08,
2002, 2, 0.227,273.48, 53.41, 52.31, 52.86,
2002, 3, 0.208,269.02, 44.45, 60.30, 52.38,
2002, 4, 0.204,267.44, 41.96, 62.54, 52.25,
2002, 5, 0.201,266.83, 38.09, 63.87, 50.98,
2002, 6, 0.202,267.33, 36.58, 63.00, 49.79,
2002, 7, 0.221,269.79, 41.32, 58.76, 50.04,
2002, 8, 0.247,274.06, 46.34, 52.31, 49.32,
2002, 9, 0.277,278.20, 52.83, 45.02, 48.93,
2002,10, 0.319,282.99, 61.53, 34.85, 48.19,
2002,11, 0.355,286.68, 67.62, 27.31, 47.47,
2002,12, 0.386,289.04, 73.54, 22.95, 48.25,
2002,13, 0.413,291.16, 79.65, 17.79, 48.72,
2002,14, 0.431,292.64, 84.62, 12.57, 48.60,
2002,15, 0.442,293.33, 86.81, 11.25, 49.03,
2002,16, 0.447,293.87, 87.17, 12.03, 49.60,
2002,17, 0.454,294.59, 87.83, 11.79, 49.81,
2002,18, 0.452,294.79, 86.79, 11.77, 49.28,
2002,19, 0.451,295.10, 85.87, 10.70, 48.29,
2002,20, 0.444,295.36, 84.07,  9.95, 47.01,
2002,21, 0.431,295.37, 79.96, 11.18, 45.57,
2002,22, 0.417,295.36, 73.78, 13.14, 43.46,
2002,23, 0.405,295.51, 68.13, 15.99, 42.06,
2002,24, 0.393,295.65, 64.43, 17.15, 40.79,
2002,25, 0.382,295.84, 61.62, 16.09, 38.86,
2002,26, 0.371,296.04, 59.43, 16.01, 37.72,
2002,27, 0.359,296.28, 57.88, 15.58, 36.73,
2002,28, 0.351,296.82, 57.66, 12.00, 34.83,
2002,29, 0.345,297.41, 57.50,  9.01, 33.25,
2002,30, 0.340,297.79, 55.86,  9.13, 32.49,
2002,31, 0.333,298.07, 54.30, 10.84, 32.57,
2002,32, 0.331,298.87, 54.91,  9.91, 32.41,
2002,33, 0.323,299.50, 53.09, 10.15, 31.62,
2002,34, 0.313,299.92, 50.61, 11.76, 31.18,
2002,35, 0.301,300.15, 47.89, 15.19, 31.54,
2002,36, 0.289,300.54, 44.79, 17.07, 30.93,
2002,37, 0.278,300.96, 42.64, 17.46, 30.05,
2002,38, 0.269,301.32, 41.92, 17.30, 29.61,
2002,39, 0.262,301.69, 40.75, 17.29, 29.02,
2002,40, 0.260,302.19, 41.99, 14.62, 28.31,
2002,41, 0.258,302.36, 44.46, 13.12, 28.79,
2002,42, 0.254,302.28, 45.23, 11.98, 28.60,
2002,43, 0.247,301.85, 46.58, 11.45, 29.02,
2002,44, 0.241,301.23, 48.22, 11.63, 29.92,
2002,45, 0.237,300.48, 50.13, 10.20, 30.17,
2002,46, 0.228,298.79, 49.13, 10.88, 30.01,
2002,47, 0.224,297.07, 48.96, 11.88, 30.42,
2002,48, 0.220,295.27, 48.65, 13.03, 30.84,
2002,49, 0.219,293.16, 50.01, 14.33, 32.17,
2002,50, 0.217,290.82, 50.45, 16.80, 33.62,
2002,51, 0.224,289.16, 54.58, 17.75, 36.16,
2002,52, 0.233,287.53, 58.45, 19.78, 39.12,
2003, 1, 0.237,285.73, 59.55, 23.63, 41.59,
2003, 2, 0.238,283.84, 59.85, 25.21, 42.53,
2003, 3, 0.239,282.68, 59.05, 25.43, 42.24,
2003, 4, 0.246,282.72, 60.15, 23.96, 42.06,
2003, 5, 0.259,283.79, 61.08, 20.38, 40.73,
2003, 6, 0.262,283.84, 58.70, 20.10, 39.40,
2003, 7, 0.273,284.01, 59.58, 20.79, 40.18,
2003, 8, 0.292,284.84, 61.19, 22.21, 41.70,
2003, 9, 0.317,286.52, 64.88, 20.49, 42.69,
2003,10, 0.345,288.14, 68.91, 18.96, 43.93,
2003,11, 0.377,290.00, 73.12, 16.94, 45.03,
2003,12, 0.412,292.01, 79.74, 13.24, 46.49,
2003,13, 0.434,293.20, 84.53, 10.06, 47.29,
2003,14, 0.437,293.52, 85.20,  9.06, 47.13,
2003,15, 0.437,293.75, 84.00, 10.30, 47.15,
2003,16, 0.431,293.37, 81.59, 15.27, 48.43,
2003,17, 0.431,293.71, 80.40, 16.98, 48.69,
2003,18, 0.431,294.24, 80.00, 15.51, 47.76,
2003,19, 0.432,294.21, 79.66, 17.97, 48.82,
2003,20, 0.443,294.61, 83.68, 17.46, 50.57,
2003,21, 0.451,295.08, 87.39, 14.90, 51.14,
2003,22, 0.453,295.36, 87.85, 13.91, 50.88,
2003,23, 0.450,295.43, 85.82, 17.29, 51.55,
2003,24, 0.448,295.60, 85.42, 18.44, 51.93,
2003,25, 0.449,295.91, 86.74, 16.28, 51.51,
2003,26, 0.443,296.02, 86.37, 17.49, 51.93,
2003,27, 0.426,295.98, 84.19, 20.26, 52.22,
2003,28, 0.406,295.91, 80.31, 23.36, 51.83,
2003,29, 0.381,295.65, 73.57, 28.85, 51.21,
2003,30, 0.355,295.46, 64.99, 35.58, 50.28,
2003,31, 0.333,295.44, 58.52, 41.34, 49.93,
2003,32, 0.320,295.56, 53.84, 47.96, 50.90,
2003,33, 0.306,295.64, 48.53, 54.05, 51.29,
2003,34, 0.297,295.79, 45.69, 57.90, 51.79,
2003,35, 0.291,296.14, 45.81, 58.64, 52.23,
2003,36, 0.288,296.62, 46.73, 56.55, 51.64,
2003,37, 0.287,297.15, 48.52, 51.71, 50.12,
2003,38, 0.284,297.46, 50.45, 49.48, 49.96,
2003,39, 0.282,297.24, 51.66, 53.93, 52.79,
2003,40, 0.283,297.44, 54.36, 50.43, 52.39,
2003,41, 0.285,298.13, 58.75, 41.78, 50.27,
2003,42, 0.282,297.84, 57.71, 37.45, 47.58,
2003,43, 0.276,297.16, 58.80, 34.56, 46.68,
2003,44, 0.268,295.91, 59.29, 34.12, 46.71,
2003,45, 0.263,294.96, 60.28, 29.93, 45.11,
2003,46, 0.255,294.25, 59.22, 25.60, 42.41,
2003,47, 0.245,292.31, 56.41, 25.50, 40.95,
2003,48, 0.241,290.35, 55.57, 25.79, 40.68,
2003,49, 0.239,288.50, 56.41, 25.65, 41.03,
2003,50, 0.237,286.35, 57.10, 27.90, 42.50,
2003,51, 0.238,284.43, 58.50, 29.66, 44.08,
2003,52, 0.242,282.43, 59.04, 32.69, 45.86,
2004, 1, 0.249,281.11, 60.14, 34.61, 47.38,
2004, 2,-1.000, -1.00, -1.00, -1.00, -1.00,
2004, 3,-1.000, -1.00, -1.00, -1.00, -1.00,
2004, 4,-1.000, -1.00, -1.00, -1.00, -1.00,
2004, 5, 0.214,274.22, 44.31, 44.48, 44.39,
2004, 6, 0.192,270.48, 34.10, 53.00, 43.55,
2004, 7, 0.175,266.85, 26.11, 62.39, 44.25,
2004, 8, 0.168,264.66, 20.23, 70.10, 45.17,
2004, 9, 0.166,262.35, 17.02, 77.51, 47.27,
2004,10, 0.178,265.09, 18.44, 76.88, 47.66,
2004,11,-1.000, -1.00, -1.00, -1.00, -1.00,
2004,12,-1.000, -1.00, -1.00, -1.00, -1.00,
2004,13,-1.000, -1.00, -1.00, -1.00, -1.00,
2004,14,-1.000, -1.00, -1.00, -1.00, -1.00,
2004,15,-1.000, -1.00, -1.00, -1.00, -1.00,
2004,16,-1.000, -1.00, -1.00, -1.00, -1.00,
2004,17,-1.000, -1.00, -1.00, -1.00, -1.00,
2004,18,-1.000, -1.00, -1.00, -1.00, -1.00,
2004,19,-1.000, -1.00, -1.00, -1.00, -1.00,
2004,20,-1.000, -1.00, -1.00, -1.00, -1.00,
2004,21,-1.000, -1.00, -1.00, -1.00, -1.00,
2004,22,-1.000, -1.00, -1.00, -1.00, -1.00,
2004,23,-1.000, -1.00, -1.00, -1.00, -1.00,
2004,24,-1.000, -1.00, -1.00, -1.00, -1.00,
2004,25, 0.359,293.65, 59.00, 41.61, 50.30,
2004,26, 0.356,293.73, 60.08, 43.47, 51.77,
2004,27, 0.360,294.04, 63.77, 42.81, 53.29,
2004,28, 0.363,294.48, 67.66, 39.45, 53.56,
2004,29,-1.000, -1.00, -1.00, -1.00, -1.00,
2004,30, 0.373,295.81, 73.09, 31.43, 52.26,
2004,31, 0.375,296.64, 74.68, 27.48, 51.08,
2004,32, 0.373,297.42, 74.87, 26.52, 50.69,
2004,33, 0.365,298.16, 73.05, 25.37, 49.21,
2004,34, 0.355,298.82, 70.46, 24.19, 47.33,
2004,35, 0.342,299.32, 66.96, 24.34, 45.65,
2004,36, 0.329,299.89, 63.26, 23.79, 43.52,
2004,37, 0.316,300.31, 60.41, 23.65, 42.03,
2004,38, 0.304,300.72, 58.76, 22.82, 40.79,
2004,39, 0.291,301.07, 55.27, 23.14, 39.20,
2004,40, 0.278,301.13, 51.84, 23.22, 37.53,
2004,41, 0.266,300.82, 49.40, 23.73, 36.57,
2004,42, 0.263,300.94, 49.28, 19.98, 34.63,
2004,43, 0.261,301.07, 52.62, 15.64, 34.13,
2004,44, 0.257,300.58, 54.66, 14.45, 34.55,
2004,45, 0.252,298.94, 56.25, 15.76, 36.00,
2004,46, 0.249,297.48, 57.29, 14.97, 36.13,
2004,47, 0.254,297.56, 60.18, 10.26, 35.22,
2004,48, 0.248,295.02, 58.62, 13.16, 35.89,
2004,49, 0.246,292.79, 59.72, 14.85, 37.28,
2004,50, 0.248,290.93, 62.06, 16.10, 39.08,
2004,51, 0.253,288.67, 65.45, 18.28, 41.86,
2004,52, 0.258,287.25, 67.84, 19.87, 43.85,
2005, 1, 0.258,285.63, 68.05, 23.43, 45.74,
2005, 2, 0.254,283.51, 66.55, 25.76, 46.16,
2005, 3, 0.263,283.10, 68.52, 23.90, 46.21,
2005, 4, 0.267,282.73, 67.73, 22.78, 45.25,
2005, 5, 0.270,283.06, 64.36, 20.94, 42.65,
2005, 6, 0.279,283.61, 63.62, 19.49, 41.56,
2005, 7, 0.291,284.96, 64.38, 16.70, 40.54,
2005, 8, 0.308,287.24, 65.62, 13.57, 39.60,
2005, 9, 0.312,287.02, 63.47, 17.03, 40.25,
2005,10, 0.315,287.42, 60.34, 19.68, 40.01,
2005,11, 0.310,286.93, 54.59, 26.28, 40.44,
2005,12, 0.310,286.19, 52.22, 32.90, 42.56,
2005,13, 0.320,286.80, 52.99, 34.62, 43.81,
2005,14, 0.336,288.06, 56.55, 32.24, 44.39,
2005,15, 0.356,289.06, 60.65, 32.70, 46.67,
2005,16, 0.390,291.00, 69.39, 28.51, 48.95,
2005,17, 0.416,292.54, 75.72, 24.81, 50.27,
2005,18, 0.430,293.49, 79.40, 21.15, 50.28,
2005,19, 0.433,294.07, 79.52, 19.52, 49.52,
2005,20, 0.429,294.46, 78.05, 19.55, 48.80,
2005,21, 0.416,294.49, 73.88, 22.26, 48.07,
2005,22, 0.411,294.91, 71.89, 19.86, 45.88,
2005,23, 0.401,295.24, 67.01, 19.92, 43.46,
2005,24, 0.389,295.30, 63.43, 21.92, 42.67,
2005,25, 0.383,295.57, 63.22, 20.25, 41.74,
2005,26, 0.378,295.87, 63.50, 19.21, 41.35,
2005,27, 0.370,296.06, 64.11, 19.27, 41.69,
2005,28, 0.363,296.27, 64.62, 19.10, 41.86,
2005,29, 0.359,296.43, 65.27, 20.12, 42.69,
2005,30, 0.359,297.08, 65.96, 17.53, 41.75,
2005,31, 0.350,297.49, 64.02, 18.09, 41.06,
2005,32, 0.344,298.18, 62.84, 18.34, 40.59,
2005,33, 0.337,298.79, 60.47, 19.00, 39.74,
2005,34, 0.326,299.25, 57.35, 20.04, 38.69,
2005,35, 0.315,299.34, 54.49, 24.25, 39.37,
2005,36, 0.303,299.36, 51.60, 29.08, 40.34,
2005,37, 0.302,299.97, 53.76, 26.43, 40.10,
2005,38, 0.301,300.51, 56.63, 24.18, 40.41,
2005,39, 0.290,300.28, 54.18, 28.91, 41.54,
2005,40, 0.277,299.41, 50.94, 35.34, 43.14,
2005,41, 0.266,298.10, 49.11, 41.18, 45.14,
2005,42, 0.258,297.00, 47.09, 41.18, 44.14,
2005,43, 0.246,295.17, 46.32, 43.49, 44.91,
2005,44, 0.235,293.01, 46.14, 45.47, 45.80,
2005,45, 0.229,290.55, 47.45, 44.31, 45.88,
2005,46, 0.216,287.27, 44.71, 46.44, 45.57,
2005,47, 0.211,284.85, 43.89, 46.16, 45.03,
2005,48, 0.200,281.86, 40.54, 47.73, 44.14,
2005,49, 0.188,278.77, 38.23, 50.10, 44.16,
2005,50, 0.189,277.05, 38.94, 51.85, 45.39,
2005,51, 0.190,275.97, 40.69, 52.34, 46.51,
2005,52, 0.189,274.94, 40.53, 54.19, 47.36,
2006, 1, 0.182,273.31, 36.22, 59.97, 48.10,
2006, 2, 0.180,272.90, 36.60, 57.21, 46.90,
2006, 3, 0.199,275.98, 44.37, 45.72, 45.05,
2006, 4, 0.216,278.90, 50.00, 36.20, 43.10,
2006, 5, 0.228,280.80, 50.62, 29.78, 40.20,
2006, 6, 0.243,282.39, 52.32, 24.81, 38.56,
2006, 7, 0.252,283.14, 52.46, 23.32, 37.89,
2006, 8, 0.267,284.92, 53.28, 21.38, 37.33,
2006, 9, 0.266,284.91, 48.92, 24.61, 36.77,
2006,10, 0.260,283.92, 43.09, 32.49, 37.79,
2006,11, 0.266,284.34, 41.24, 35.73, 38.49,
2006,12, 0.271,284.84, 40.38, 37.91, 39.15,
2006,13, 0.276,285.24, 39.76, 40.68, 40.22,
2006,14, 0.278,285.03, 38.70, 45.21, 41.96,
2006,15, 0.290,285.94, 40.20, 46.55, 43.37,
2006,16, 0.308,287.88, 43.93, 44.47, 44.20,
2006,17, 0.318,289.07, 45.17, 46.48, 45.83,
2006,18, 0.325,289.82, 46.04, 48.37, 47.20,
2006,19, 0.342,291.05, 50.35, 45.48, 47.92,
2006,20, 0.351,291.49, 52.49, 48.96, 50.73,
2006,21, 0.358,292.08, 55.12, 49.51, 52.32,
2006,22, 0.360,292.46, 56.07, 49.62, 52.84,
2006,23, 0.364,292.81, 57.57, 48.98, 53.27,
2006,24, 0.373,293.38, 61.63, 44.34, 52.99,
2006,25, 0.374,293.70, 63.56, 42.46, 53.01,
2006,26, 0.372,293.80, 64.35, 44.41, 54.38,
2006,27, 0.374,294.11, 67.79, 43.46, 55.62,
2006,28, 0.379,294.67, 72.71, 38.44, 55.57,
2006,29, 0.382,295.16, 75.81, 34.90, 55.35,
2006,30, 0.378,295.42, 74.99, 36.82, 55.91,
2006,31, 0.377,296.01, 76.03, 35.80, 55.91,
2006,32, 0.383,296.90, 79.46, 33.41, 56.44,
2006,33, 0.383,297.73, 81.02, 30.83, 55.93,
2006,34, 0.379,298.42, 81.12, 28.80, 54.96,
2006,35, 0.372,299.24, 80.33, 25.08, 52.70,
2006,36, 0.367,300.06, 80.79, 22.02, 51.40,
2006,37, 0.362,300.83, 81.22, 19.00, 50.11,
2006,38, 0.352,301.50, 81.23, 16.57, 48.90,
2006,39, 0.341,302.01, 79.30, 15.85, 47.58,
2006,40, 0.335,302.69, 80.10, 12.12, 46.11,
2006,41, 0.332,303.39, 81.61,  7.77, 44.69,
2006,42, 0.324,303.72, 75.82,  5.41, 40.61,
2006,43, 0.312,303.53, 74.62,  4.33, 39.48,
2006,44, 0.304,303.40, 74.61,  3.37, 38.99,
2006,45, 0.296,302.89, 74.34,  2.72, 38.53,
2006,46, 0.284,301.71, 71.29,  2.40, 36.85,
2006,47, 0.270,300.57, 67.06,  1.90, 34.48,
2006,48, 0.258,299.20, 63.00,  2.67, 32.84,
2006,49, 0.245,296.96, 60.07,  4.78, 32.43,
2006,50, 0.228,294.01, 55.15,  8.13, 31.64,
2006,51, 0.218,291.12, 52.13, 11.08, 31.60,
2006,52, 0.215,288.35, 50.35, 15.21, 32.78,
2007, 1, 0.220,286.57, 50.87, 18.69, 34.78,
2007, 2, 0.228,284.98, 54.85, 20.45, 37.65,
2007, 3, 0.246,285.02, 61.85, 18.11, 39.98,
2007, 4, 0.264,285.37, 67.15, 15.73, 41.44,
2007, 5, 0.278,285.60, 68.96, 14.41, 41.68,
2007, 6, 0.285,285.52, 67.32, 14.73, 41.02,
2007, 7, 0.286,284.95, 64.46, 16.90, 40.68,
2007, 8, 0.278,284.16, 57.08, 22.63, 39.85,
2007, 9, 0.266,283.43, 48.82, 28.64, 38.73,
2007,10, 0.267,283.34, 44.97, 33.62, 39.30,
2007,11, 0.276,284.05, 44.08, 36.57, 40.33,
2007,12, 0.291,285.30, 45.82, 36.31, 41.07,
2007,13, 0.303,286.60, 47.55, 35.26, 41.41,
2007,14, 0.318,287.79, 50.67, 33.08, 41.88,
2007,15, 0.341,288.83, 55.81, 33.68, 44.74,
2007,16, 0.371,290.41, 63.26, 31.79, 47.52,
2007,17, 0.397,291.76, 69.99, 29.60, 49.80,
2007,18, 0.414,292.60, 74.56, 27.75, 51.15,
2007,19, 0.423,293.53, 76.95, 24.06, 50.51,
2007,20, 0.422,294.14, 77.00, 22.68, 49.84,
2007,21, 0.395,293.59, 68.03, 32.22, 50.12,
2007,22, 0.363,292.79, 56.09, 44.67, 50.38,
2007,23, 0.344,292.66, 49.22, 49.41, 49.31,
2007,24, 0.337,292.61, 48.49, 51.55, 50.02,
2007,25, 0.333,292.61, 49.35, 53.20, 51.28,
2007,26, 0.334,292.81, 51.82, 54.20, 53.01,
2007,27, 0.346,293.34, 59.29, 50.96, 55.12,
2007,28, 0.360,294.03, 67.03, 44.78, 55.90,
2007,29, 0.365,294.44, 70.56, 42.18, 56.37,
2007,30, 0.366,294.94, 71.54, 41.95, 56.74,
2007,31, 0.364,295.26, 71.41, 44.91, 58.16,
2007,32, 0.368,295.81, 73.83, 46.71, 60.27,
2007,33, 0.371,296.50, 76.24, 45.66, 60.95,
2007,34, 0.370,297.03, 77.54, 45.12, 61.33,
2007,35, 0.373,297.90, 81.45, 40.16, 60.81,
2007,36, 0.376,298.89, 84.94, 34.00, 59.47,
2007,37, 0.372,299.49, 85.80, 30.90, 58.35,
2007,38, 0.359,299.73, 84.24, 30.81, 57.52,
2007,39, 0.340,299.76, 79.09, 33.72, 56.40,
2007,40, 0.321,299.61, 73.50, 34.62, 54.06,
2007,41, 0.307,299.50, 69.99, 33.00, 51.50,
2007,42, 0.295,299.14, 63.71, 30.17, 46.94,
2007,43, 0.285,298.39, 63.38, 28.53, 45.95,
2007,44, 0.274,297.27, 62.58, 28.42, 45.50,
2007,45, 0.266,295.72, 62.51, 26.92, 44.71,
2007,46, 0.260,294.35, 61.85, 24.77, 43.31,
2007,47, 0.260,293.57, 62.40, 21.73, 42.06,
2007,48, 0.256,291.74, 61.50, 22.07, 41.78,
2007,49, 0.247,288.94, 59.50, 24.75, 42.13,
2007,50, 0.236,285.70, 56.54, 29.58, 43.06,
2007,51, 0.224,282.13, 52.96, 35.95, 44.46,
2007,52, 0.219,280.20, 51.11, 39.79, 45.45,
2008, 1, 0.223,279.60, 51.86, 41.13, 46.50,
2008, 2, 0.235,280.17, 57.78, 35.62, 46.70,
2008, 3, 0.239,280.13, 58.70, 31.82, 45.26,
2008, 4, 0.226,278.09, 51.26, 35.22, 43.24,
2008, 5, 0.204,274.96, 39.48, 43.12, 41.30,
2008, 6, 0.180,270.74, 28.45, 54.50, 41.47,
2008, 7, 0.170,268.89, 23.15, 61.56, 42.36,
2008, 8, 0.180,269.72, 22.42, 64.40, 43.41,
2008, 9, 0.198,271.83, 25.67, 63.35, 44.51,
2008,10, 0.214,274.32, 27.97, 61.82, 44.90,
2008,11, 0.232,277.15, 30.75, 58.09, 44.42,
2008,12, 0.248,279.08, 33.47, 56.37, 44.92,
2008,13, 0.274,281.69, 38.89, 52.94, 45.91,
2008,14, 0.309,285.01, 47.82, 44.01, 45.92,
2008,15, 0.348,288.43, 57.77, 34.42, 46.09,
2008,16, 0.377,290.88, 65.05, 27.99, 46.52,
2008,17, 0.390,292.10, 67.10, 26.26, 46.68,
2008,18, 0.392,293.16, 66.68, 23.11, 44.89,
2008,19, 0.385,293.53, 62.36, 24.49, 43.43,
2008,20, 0.376,293.61, 58.33, 28.26, 43.30,
2008,21, 0.373,294.13, 56.59, 26.47, 41.53,
2008,22, 0.368,294.49, 54.59, 24.77, 39.68,
2008,23, 0.364,294.71, 52.29, 26.38, 39.34,
2008,24, 0.365,294.98, 53.48, 25.77, 39.62,
2008,25, 0.363,295.10, 54.45, 25.70, 40.08,
2008,26, 0.361,295.19, 55.63, 27.22, 41.43,
2008,27, 0.358,295.36, 57.52, 27.84, 42.68,
2008,28, 0.358,295.72, 60.47, 26.15, 43.31,
2008,29, 0.358,296.04, 62.43, 25.35, 43.89,
2008,30, 0.351,296.26, 61.22, 27.49, 44.36,
2008,31, 0.338,296.42, 58.04, 31.06, 44.55,
2008,32, 0.321,296.50, 52.08, 38.28, 45.18,
2008,33, 0.301,296.50, 44.32, 45.48, 44.90,
2008,34, 0.288,296.72, 40.20, 48.83, 44.51,
2008,35, 0.283,297.18, 40.40, 48.50, 44.45,
2008,36, 0.285,297.89, 43.60, 44.55, 44.07,
2008,37, 0.289,298.57, 48.60, 39.64, 44.12,
2008,38, 0.287,298.99, 51.29, 37.27, 44.28,
2008,39, 0.280,299.06, 50.37, 39.33, 44.85,
2008,40, 0.271,299.05, 48.68, 38.55, 43.62,
2008,41, 0.262,298.21, 48.08, 40.96, 44.52,
2008,42, 0.258,297.71, 47.55, 37.66, 42.60,
2008,43, 0.257,297.58, 51.42, 31.77, 41.59,
2008,44, 0.248,295.62, 51.05, 34.46, 42.75,
2008,45, 0.233,292.98, 48.69, 35.79, 42.24,
2008,46, 0.216,289.46, 44.00, 39.20, 41.60,
2008,47, 0.203,285.43, 40.63, 43.81, 42.22,
2008,48, 0.194,281.68, 38.26, 47.03, 42.65,
2008,49, 0.181,277.45, 35.40, 51.75, 43.58,
2008,50, 0.172,274.20, 32.22, 56.76, 44.49,
2008,51, 0.175,273.50, 33.58, 56.41, 44.99,
2008,52, 0.179,273.11, 34.31, 56.91, 45.61,
2009, 1, 0.183,273.00, 34.31, 57.98, 46.15,
2009, 2, 0.181,271.51, 34.11, 58.52, 46.31,
2009, 3, 0.184,271.35, 35.45, 55.86, 45.65,
2009, 4, 0.187,271.36, 35.53, 54.49, 45.01,
2009, 5, 0.188,270.63, 33.81, 56.01, 44.91,
2009, 6, 0.192,271.00, 33.49, 55.24, 44.37,
2009, 7, 0.210,273.27, 37.62, 50.99, 44.30,
2009, 8, 0.247,277.26, 46.43, 44.25, 45.34,
2009, 9, 0.286,281.93, 55.91, 34.08, 44.99,
2009,10, 0.326,285.61, 64.35, 26.17, 45.26,
2009,11, 0.358,288.16, 68.89, 21.80, 45.35,
2009,12, 0.386,290.39, 73.70, 17.61, 45.66,
2009,13, 0.407,291.92, 78.10, 14.07, 46.09,
2009,14, 0.419,292.73, 81.19, 11.59, 46.39,
2009,15, 0.420,293.17, 80.29, 11.77, 46.03,
2009,16, 0.417,293.64, 78.08, 12.83, 45.45,
2009,17, 0.409,293.66, 73.40, 17.10, 45.25,
2009,18, 0.402,293.67, 70.31, 19.70, 45.01,
2009,19, 0.397,293.54, 67.50, 24.35, 45.93,
2009,20, 0.403,293.76, 69.19, 26.48, 47.84,
2009,21, 0.423,294.42, 77.60, 22.86, 50.23,
2009,22, 0.438,294.87, 82.81, 20.36, 51.59,
2009,23, 0.452,295.59, 86.99, 16.24, 51.62,
2009,24, 0.454,295.92, 88.01, 14.87, 51.44,
2009,25, 0.447,296.05, 87.39, 14.59, 50.99,
2009,26, 0.445,296.53, 88.60, 11.41, 50.00,
2009,27, 0.435,296.73, 88.50, 11.22, 49.86,
2009,28, 0.420,296.85, 86.27, 12.69, 49.48,
2009,29, 0.407,297.05, 83.36, 13.76, 48.56,
2009,30, 0.397,297.45, 80.91, 13.78, 47.34,
2009,31, 0.387,297.97, 78.45, 12.91, 45.68,
2009,32, 0.376,298.59, 75.68, 13.71, 44.69,
2009,33, 0.365,299.19, 72.39, 14.07, 43.23,
2009,34, 0.353,299.70, 69.35, 14.45, 41.90,
2009,35, 0.336,299.99, 63.98, 17.09, 40.53,
2009,36, 0.318,300.18, 58.49, 21.00, 39.75,
2009,37, 0.298,300.31, 52.52, 23.77, 38.15,
2009,38, 0.281,300.38, 48.35, 25.60, 36.98,
2009,39, 0.271,300.63, 45.71, 26.54, 36.13,
2009,40, 0.261,300.73, 42.99, 26.01, 34.50,
2009,41, 0.254,300.69, 43.39, 24.75, 34.07,
2009,42, 0.253,300.86, 44.94, 20.40, 32.67,
2009,43, 0.251,300.69, 48.23, 17.40, 32.81,
2009,44, 0.244,299.81, 49.51, 17.88, 33.69,
2009,45, 0.237,298.83, 50.17, 16.41, 33.29,
2009,46, 0.226,297.13, 48.19, 16.49, 32.34,
2009,47, 0.218,295.29, 46.86, 17.49, 32.17,
2009,48, 0.206,292.87, 43.57, 20.32, 31.95,
2009,49, 0.198,290.06, 42.59, 23.79, 33.19,
2009,50, 0.198,287.39, 43.17, 27.88, 35.53,
2009,51, 0.194,284.50, 42.95, 32.38, 37.67,
2009,52, 0.199,282.51, 44.77, 35.80, 40.29,
2010, 1, 0.216,283.49, 49.97, 32.78, 41.38,
2010, 2, 0.232,283.62, 57.53, 28.37, 42.95,
2010, 3, 0.257,284.90, 66.93, 21.21, 44.07,
2010, 4, 0.278,286.51, 72.66, 14.87, 43.77,
2010, 5, 0.290,287.43, 72.60, 11.12, 41.86,
2010, 6, 0.304,288.54, 72.80,  7.89, 40.34,
2010, 7, 0.317,289.61, 73.61,  5.50, 39.55,
2010, 8, 0.337,290.98, 75.46,  4.16, 39.81,
2010, 9, 0.348,291.43, 74.90,  4.30, 39.60,
2010,10, 0.368,292.34, 76.23,  4.23, 40.23,
2010,11, 0.376,292.60, 73.71,  6.54, 40.12,
2010,12, 0.367,291.80, 68.49, 11.97, 40.23,
2010,13, 0.355,291.03, 63.44, 16.63, 40.03,
2010,14, 0.343,290.21, 58.58, 21.63, 40.11,
2010,15, 0.331,289.33, 52.97, 29.83, 41.40,
2010,16, 0.320,288.88, 47.78, 38.61, 43.19,
2010,17, 0.305,288.48, 41.25, 48.90, 45.07,
2010,18, 0.304,288.83, 39.15, 54.25, 46.70,
2010,19, 0.310,289.42, 39.12, 57.89, 48.50,
2010,20, 0.311,289.77, 37.65, 63.79, 50.72,
2010,21, 0.318,290.32, 39.76, 65.70, 52.73,
2010,22, 0.326,290.96, 43.41, 64.62, 54.02,
2010,23, 0.334,291.86, 46.51, 58.90, 52.70,
2010,24, 0.331,292.16, 47.57, 57.29, 52.43,
2010,25, 0.318,291.75, 45.17, 63.20, 54.18,
2010,26, 0.315,292.02, 45.61, 63.02, 54.31,
2010,27, 0.309,292.12, 45.81, 64.58, 55.20,
2010,28, 0.298,291.87, 44.70, 68.06, 56.38,
2010,29, 0.293,291.68, 44.83, 71.21, 58.02,
2010,30, 0.296,291.87, 46.68, 75.04, 60.86,
2010,31, 0.310,292.56, 52.42, 74.83, 63.62,
2010,32, 0.326,293.17, 58.13, 76.01, 67.07,
2010,33, 0.334,293.51, 61.45, 78.02, 69.73,
2010,34, 0.338,293.78, 64.25, 79.58, 71.92,
2010,35, 0.338,293.96, 66.62, 80.97, 73.79,
2010,36, 0.325,293.65, 63.77, 83.76, 73.77,
2010,37, 0.308,292.58, 60.55, 88.21, 74.38,
2010,38, 0.301,292.07, 61.05, 89.11, 75.08,
2010,39, 0.304,292.64, 63.43, 87.89, 75.66,
2010,40, 0.296,292.00, 62.55, 88.11, 75.33,
2010,41, 0.291,291.16, 63.70, 85.58, 74.64,
2010,42, 0.288,290.33, 61.44, 78.50, 69.97,
2010,43, 0.296,290.04, 68.08, 69.51, 68.80,
2010,44, 0.306,289.80, 74.69, 60.41, 67.55,
2010,45, 0.308,288.80, 77.77, 51.95, 64.86,
2010,46, 0.308,287.99, 78.47, 45.53, 62.00,
2010,47, 0.300,286.56, 76.15, 42.63, 59.39,
2010,48, 0.281,283.87, 70.17, 43.54, 56.86,
2010,49, 0.262,281.32, 65.22, 44.03, 54.63,
2010,50, 0.234,276.72, 56.12, 52.46, 54.29,
2010,51, 0.218,273.94, 50.65, 56.70, 53.67,
2010,52, 0.212,272.73, 47.95, 58.75, 53.35,
2011, 1, 0.201,271.75, 42.59, 62.36, 52.48,
2011, 2, 0.195,271.70, 40.77, 59.00, 49.88,
2011, 3, 0.195,272.59, 40.28, 53.65, 46.96,
2011, 4, 0.193,273.24, 38.62, 50.19, 44.40,
2011, 5, 0.194,274.22, 36.31, 46.71, 41.51,
2011, 6, 0.190,274.44, 32.67, 45.91, 39.29,
2011, 7, 0.197,276.44, 33.02, 42.06, 37.54,
2011, 8, 0.204,277.60, 31.29, 43.72, 37.50,
2011, 9, 0.199,276.96, 26.08, 51.57, 38.82,
2011,10, 0.198,276.75, 22.49, 58.60, 40.54,
2011,11, 0.199,276.39, 19.91, 65.49, 42.70,
2011,12, 0.198,276.24, 18.16, 70.17, 44.17,
2011,13, 0.208,277.58, 18.95, 71.06, 45.01,
2011,14, 0.218,278.74, 19.91, 71.51, 45.71,
2011,15, 0.239,281.47, 23.76, 68.46, 46.11,
2011,16, 0.261,284.31, 27.85, 65.61, 46.73,
2011,17, 0.275,286.17, 30.21, 65.25, 47.73,
2011,18, 0.294,287.70, 34.25, 63.58, 48.92,
2011,19, 0.316,289.28, 39.28, 60.66, 49.97,
2011,20, 0.340,291.71, 46.51, 46.39, 46.45,
2011,21, 0.348,292.86, 50.23, 39.06, 44.64,
2011,22, 0.345,292.84, 49.80, 42.85, 46.32,
2011,23, 0.345,293.50, 50.02, 39.42, 44.72,
2011,24, 0.346,294.36, 51.47, 31.79, 41.63,
2011,25, 0.338,294.29, 49.75, 34.09, 41.92,
2011,26, 0.334,294.51, 49.19, 34.51, 41.85,
2011,27, 0.330,294.90, 50.24, 32.56, 41.40,
2011,28, 0.325,295.03, 50.77, 33.31, 42.04,
2011,29, 0.323,295.33, 51.50, 32.43, 41.97,
2011,30, 0.320,295.59, 50.64, 34.12, 42.38,
2011,31, 0.324,296.11, 53.23, 33.76, 43.50,
2011,32, 0.331,296.88, 56.57, 33.05, 44.81,
2011,33, 0.332,297.44, 58.08, 33.83, 45.96,
2011,34, 0.327,297.99, 57.39, 33.61, 45.50,
2011,35, 0.318,298.41, 56.05, 34.31, 45.18,
2011,36, 0.308,298.70, 54.07, 36.04, 45.06,
2011,37, 0.305,299.29, 55.85, 33.01, 44.43,
2011,38, 0.302,299.86, 58.47, 29.99, 44.23,
2011,39, 0.297,300.12, 59.01, 30.73, 44.87,
2011,40, 0.292,299.95, 59.66, 31.97, 45.82,
2011,41, 0.289,299.53, 61.77, 32.59, 47.18,
2011,42, 0.287,298.80, 60.37, 32.05, 46.21,
2011,43, 0.280,297.52, 61.94, 32.68, 47.31,
2011,44, 0.281,296.14, 65.61, 32.70, 49.15,
2011,45, 0.286,294.97, 70.68, 29.46, 50.07,
2011,46, 0.285,293.81, 71.08, 26.80, 48.94,
2011,47, 0.275,291.88, 67.54, 26.86, 47.20,
2011,48, 0.265,289.76, 64.14, 27.65, 45.89,
2011,49, 0.250,286.75, 60.06, 30.27, 45.16,
2011,50, 0.240,284.02, 58.18, 33.68, 45.93,
2011,51, 0.236,282.28, 58.04, 35.02, 46.53,
2011,52, 0.243,282.08, 61.27, 33.89, 47.58,
2012, 1, 0.252,281.78, 64.73, 34.59, 49.66,
2012, 2, 0.262,281.93, 69.34, 30.96, 50.15,
2012, 3, 0.266,281.87, 70.18, 28.68, 49.43,
2012, 4, 0.274,282.36, 71.10, 25.82, 48.46,
2012, 5, 0.290,283.83, 72.55, 20.50, 46.53,
2012, 6, 0.304,285.52, 72.92, 15.48, 44.20,
2012, 7, 0.310,286.54, 71.57, 13.55, 42.56,
2012, 8, 0.308,286.59, 66.35, 16.79, 41.57,
2012, 9, 0.298,285.99, 58.74, 22.31, 40.52,
2012,10, 0.288,284.98, 50.89, 29.38, 40.14,
2012,11, 0.290,285.09, 47.32, 33.86, 40.59,
2012,12, 0.308,286.53, 50.04, 33.24, 41.64,
2012,13, 0.339,289.07, 57.63, 27.34, 42.49,
2012,14, 0.365,291.03, 64.89, 19.55, 42.22,
2012,15, 0.372,291.82, 65.67, 18.89, 42.28,
2012,16, 0.366,291.79, 62.16, 23.52, 42.84,
2012,17, 0.349,291.62, 55.46, 29.50, 42.48,
2012,18, 0.332,291.27, 49.13, 35.66, 42.40,
2012,19, 0.319,290.98, 43.00, 43.55, 43.28,
2012,20, 0.308,290.85, 38.98, 51.37, 45.18,
2012,21, 0.300,290.74, 37.28, 57.48, 47.38,
2012,22, 0.351,292.91, 52.63, 41.94, 47.29,
2012,23, 0.367,293.37, 58.03, 40.65, 49.34,
2012,24, 0.379,294.01, 63.24, 36.30, 49.77,
2012,25, 0.384,294.48, 66.69, 32.87, 49.78,
2012,26, 0.382,294.83, 67.96, 31.77, 49.86,
2012,27, 0.379,295.40, 69.37, 27.63, 48.50,
2012,28, 0.374,295.78, 70.40, 25.19, 47.80,
2012,29, 0.372,296.29, 71.78, 22.06, 46.92,
2012,30, 0.378,297.05, 74.59, 18.32, 46.45,
2012,31, 0.384,297.84, 77.96, 14.89, 46.43,
2012,32, 0.383,298.42, 78.65, 16.03, 47.34,
2012,33, 0.377,298.92, 77.69, 17.39, 47.54,
2012,34, 0.369,299.60, 76.54, 16.17, 46.36,
2012,35, 0.362,300.21, 75.90, 15.66, 45.78,
2012,36, 0.355,300.66, 74.97, 16.88, 45.93,
2012,37, 0.344,300.86, 73.14, 19.02, 46.08,
2012,38, 0.331,300.96, 71.76, 20.92, 46.34,
2012,39, 0.320,301.06, 69.57, 23.07, 46.32,
2012,40, 0.309,300.92, 67.41, 24.33, 45.87,
2012,41, 0.300,300.64, 66.42, 24.66, 45.54,
2012,42, 0.295,300.48, 63.73, 22.04, 42.89,
2012,43, 0.291,300.02, 65.72, 19.96, 42.84,
2012,44, 0.289,299.54, 68.35, 18.14, 43.24,
2012,45, 0.288,298.90, 70.76, 15.48, 43.12,
2012,46, 0.282,297.42, 70.06, 15.18, 42.62,
2012,47, 0.276,296.08, 68.26, 14.62, 41.44,
2012,48, 0.270,295.32, 66.27, 12.94, 39.61,
2012,49, 0.261,293.82, 64.76, 13.06, 38.91,
2012,50, 0.247,291.48, 61.33, 15.99, 38.66,
2012,51, 0.232,288.81, 57.55, 19.71, 38.63,
2012,52, 0.217,285.71, 51.98, 25.77, 38.87,
2013, 1, 0.213,280.56, 45.61, 40.58, 43.07,
2013, 2, 0.217,279.57, 47.77, 38.74, 43.18,
2013, 3, 0.220,278.88, 49.19, 36.24, 42.61,
2013, 4, 0.244,281.77, 57.88, 26.67, 42.18,
2013, 5, 0.257,282.57, 59.95, 22.34, 41.01,
2013, 6, 0.257,281.75, 56.82, 23.79, 40.19,
2013, 7, 0.253,280.62, 52.04, 29.22, 40.43,
2013, 8, 0.253,279.42, 48.81, 35.37, 42.01,
2013, 9, 0.264,279.56, 50.04, 36.64, 43.23,
2013,10, 0.286,281.46, 53.82, 34.83, 44.12,
2013,11, 0.301,283.16, 54.90, 32.29, 43.35,
2013,12, 0.356,288.25, 66.30, 22.01, 44.10,
2013,13, 0.391,290.47, 73.58, 18.49, 46.03,
2013,14, 0.411,291.40, 77.92, 17.76, 47.84,
2013,15, 0.431,292.30, 81.85, 16.52, 49.19,
2013,16, 0.436,292.82, 81.85, 18.06, 49.95,
2013,17, 0.435,293.38, 80.55, 19.74, 50.15,
2013,18, 0.421,293.35, 75.89, 23.28, 49.59,
2013,19, 0.390,291.85, 65.39, 38.54, 51.91,
2013,20, 0.365,291.14, 56.93, 50.96, 53.87,
2013,21, 0.346,290.94, 49.98, 58.65, 54.29,
2013,22, 0.329,290.69, 42.27, 67.90, 55.00,
2013,23, 0.323,290.74, 40.55, 70.86, 55.68,
2013,24, 0.325,291.03, 43.15, 70.33, 56.69,
2013,25, 0.332,291.26, 47.86, 70.07, 58.93,
2013,26, 0.337,291.42, 51.19, 71.96, 61.57,
2013,27, 0.346,291.53, 57.17, 73.61, 65.39,
2013,28, 0.360,292.32, 65.85, 65.86, 65.88,
2013,29, 0.374,293.15, 73.55, 57.20, 65.38,
2013,30, 0.390,293.78, 79.64, 55.60, 67.62,
2013,31, 0.402,294.47, 84.23, 54.40, 69.32,
2013,32, 0.408,295.19, 87.25, 53.88, 70.57,
2013,33, 0.408,296.11, 88.49, 49.83, 69.16,
2013,34, 0.399,296.80, 87.12, 47.75, 67.43,
2013,35, 0.390,297.36, 86.21, 46.55, 66.38,
2013,36, 0.382,298.06, 85.49, 42.95, 64.22,
2013,37, 0.374,298.87, 84.73, 37.11, 60.92,
2013,38, 0.367,299.60, 84.97, 32.54, 58.75,
2013,39, 0.356,299.96, 82.58, 32.43, 57.51,
2013,40, 0.343,299.59, 79.21, 35.04, 57.13,
2013,41, 0.329,299.01, 75.48, 36.38, 55.93,
2013,42, 0.317,298.13, 70.57, 35.90, 53.24,
2013,43, 0.305,297.14, 69.79, 34.79, 52.29,
2013,44, 0.293,296.07, 68.12, 33.98, 51.05,
2013,45, 0.280,294.26, 66.46, 32.94, 49.70,
2013,46, 0.268,292.19, 63.86, 32.57, 48.22,
2013,47, 0.255,289.60, 59.92, 33.99, 46.96,
2013,48, 0.241,286.23, 55.55, 36.99, 46.27,
2013,49, 0.237,283.78, 55.69, 37.97, 46.82,
2013,50, 0.242,282.25, 58.61, 38.94, 48.73,
2013,51, 0.252,281.40, 63.77, 38.53, 51.10,
2013,52, 0.264,280.35, 67.48, 40.12, 53.84,
2014, 1, 0.262,278.26, 64.84, 46.08, 55.49,
2014, 2, 0.256,276.52, 63.22, 46.06, 54.64,
2014, 3, 0.241,274.30, 57.26, 47.45, 52.32,
2014, 4, 0.241,276.92, 56.01, 39.54, 47.68,
2014, 5, 0.236,276.66, 51.69, 38.41, 44.86,
2014, 6, 0.243,277.91, 51.43, 34.25, 42.64,
2014, 7, 0.257,279.99, 53.42, 30.50, 41.72,
2014, 8, 0.274,281.48, 55.95, 28.51, 41.99,
2014, 9, 0.290,282.72, 59.62, 25.78, 42.39,
2014,10, 0.316,284.90, 64.07, 23.01, 43.25,
2014,11, 0.334,286.75, 65.39, 19.42, 42.15,
2014,12, 0.375,290.45, 71.86, 14.35, 42.99,
2014,13, 0.397,291.87, 75.48, 12.99, 44.22,
2014,14, 0.413,292.75, 78.31, 11.63, 44.97,
2014,15, 0.425,293.18, 79.94, 11.95, 45.95,
2014,16, 0.427,293.60, 78.92, 13.50, 46.21,
2014,17, 0.423,293.86, 76.49, 16.49, 46.49,
2014,18, 0.415,293.87, 73.78, 19.05, 46.41,
2014,19, 0.404,293.68, 70.74, 22.05, 46.27,
2014,20, 0.390,293.40, 66.99, 27.28, 46.86,
2014,21, 0.374,292.97, 61.44, 34.91, 47.93,
2014,22, 0.360,292.77, 55.21, 41.34, 47.89,
2014,23, 0.358,293.24, 54.40, 39.75, 46.78,
2014,24, 0.361,293.67, 55.69, 38.49, 46.80,
2014,25, 0.364,293.88, 58.37, 37.85, 47.89,
2014,26, 0.371,294.09, 62.08, 38.96, 50.47,
2014,27, 0.381,294.46, 68.70, 37.11, 52.86,
2014,28, 0.387,294.97, 73.64, 33.73, 53.67,
2014,29, 0.387,295.30, 75.56, 32.48, 53.97,
2014,30, 0.385,295.41, 75.41, 36.51, 55.92,
2014,31, 0.384,295.62, 75.63, 40.20, 57.91,
2014,32, 0.383,296.20, 75.91, 41.25, 58.58,
2014,33, 0.379,296.91, 75.71, 40.09, 57.90,
2014,34, 0.372,297.67, 74.63, 37.60, 56.12,
2014,35, 0.363,298.63, 73.63, 32.65, 53.14,
2014,36, 0.356,299.67, 73.06, 26.71, 49.89,
2014,37, 0.345,300.56, 71.22, 22.02, 46.62,
2014,38, 0.334,301.27, 69.39, 18.80, 44.10,
2014,39, 0.323,301.80, 66.63, 17.83, 42.23,
2014,40, 0.311,302.11, 63.77, 16.65, 40.21,
2014,41, 0.298,302.15, 60.99, 15.85, 38.42,
2014,42, 0.284,301.30, 56.58, 18.60, 37.59,
2014,43, 0.271,300.31, 55.15, 19.63, 37.39,
2014,44, 0.260,299.92, 54.73, 17.44, 36.09,
2014,45, 0.251,298.98, 54.64, 15.65, 35.15,
2014,46, 0.236,296.71, 51.47, 17.73, 34.60,
2014,47, 0.221,293.88, 47.32, 21.24, 34.28,
2014,48, 0.205,289.97, 42.79, 26.27, 34.54,
2014,49, 0.192,286.04, 39.45, 31.12, 35.31,
2014,50, 0.185,282.73, 37.31, 36.31, 36.80,
2014,51, 0.192,280.88, 39.86, 38.43, 39.12,
2014,52, 0.206,280.39, 43.96, 38.62, 41.25,
2015, 1, 0.217,279.76, 45.61, 40.16, 42.88,
2015, 2, 0.227,279.45, 50.46, 36.63, 43.52,
2015, 3, 0.232,278.88, 52.65, 34.18, 43.38,
2015, 4, 0.252,281.20, 59.63, 26.64, 43.05,
2015, 5, 0.263,281.57, 61.39, 23.46, 42.22,
2015, 6, 0.270,281.58, 61.07, 22.52, 41.68,
2015, 7, 0.280,282.05, 61.35, 22.87, 42.00,
2015, 8, 0.293,282.59, 62.82, 23.28, 42.89,
2015, 9, 0.304,282.93, 64.72, 23.42, 43.73,
2015,10, 0.318,284.16, 65.03, 24.13, 44.34,
2015,11, 0.334,285.88, 65.74, 21.84, 43.55,
2015,12, 0.383,290.35, 74.34, 14.27, 44.23,
2015,13, 0.404,291.83, 77.67, 13.09, 45.37,
2015,14, 0.416,292.46, 79.53, 13.15, 46.34,
2015,15, 0.425,292.58, 80.35, 15.69, 48.02,
2015,16, 0.429,293.21, 80.05, 16.72, 48.38,
2015,17, 0.433,294.26, 80.08, 14.53, 47.31,
2015,18, 0.427,294.77, 78.25, 12.40, 45.32,
2015,19, 0.414,294.50, 74.61, 14.49, 44.42,
2015,20, 0.403,294.31, 72.21, 17.62, 44.64,
2015,21, 0.394,294.30, 69.77, 19.93, 44.59,
2015,22, 0.378,293.90, 62.65, 27.44, 44.72,
2015,23, 0.369,293.79, 58.90, 32.89, 45.60,
2015,24, 0.377,294.40, 62.04, 29.54, 45.62,
2015,25, 0.386,294.95, 66.45, 24.83, 45.54,
2015,26, 0.389,295.31, 68.09, 24.05, 46.04,
2015,27, 0.390,295.68, 71.46, 22.11, 46.75,
2015,28, 0.389,295.89, 73.87, 22.68, 48.27,
2015,29, 0.387,296.26, 74.82, 21.54, 48.16,
2015,30, 0.387,296.76, 74.87, 21.02, 47.93,
2015,31, 0.385,297.16, 75.04, 22.28, 48.66,
2015,32, 0.380,297.49, 73.97, 26.38, 50.17,
2015,33, 0.373,297.99, 72.75, 27.81, 50.28,
2015,34, 0.366,298.63, 72.01, 26.93, 49.47,
2015,35, 0.355,299.25, 70.19, 25.90, 48.05,
2015,36, 0.347,299.98, 69.50, 23.57, 46.54,
2015,37, 0.341,300.75, 69.59, 20.20, 44.89,
2015,38, 0.332,301.16, 68.86, 19.51, 44.19,
2015,39, 0.322,301.57, 66.54, 19.52, 43.03,
2015,40, 0.312,302.00, 64.63, 17.24, 40.93,
2015,41, 0.301,302.14, 62.40, 15.65, 39.02,
2015,42, 0.288,301.53, 58.30, 16.90, 37.60,
2015,43, 0.276,301.24, 57.63, 14.65, 36.14,
2015,44, 0.265,300.97, 56.83, 12.95, 34.89,
2015,45, 0.255,300.16, 56.48, 11.46, 33.97,
2015,46, 0.248,299.76, 56.51,  7.85, 32.18,
2015,47, 0.242,298.75, 55.74,  6.95, 31.34,
2015,48, 0.236,296.73, 54.26,  8.35, 31.30,
2015,49, 0.232,294.92, 54.67,  9.08, 31.87,
2015,50, 0.232,292.93, 55.73, 10.42, 33.06,
2015,51, 0.243,291.73, 60.68,  9.85, 35.23,
2015,52, 0.265,291.53, 68.35,  8.36, 38.34,
2016, 1, 0.281,290.62, 73.66,  9.14, 41.38,
2016, 2, 0.288,289.73, 77.18,  8.32, 42.71,
2016, 3, 0.285,288.62, 75.68,  8.26, 41.91,
2016, 4, 0.287,288.36, 74.62,  7.04, 40.74,
2016, 5, 0.285,287.42, 70.65,  7.08, 38.74,
2016, 6, 0.286,286.84, 67.42,  7.96, 37.55,
2016, 7, 0.291,286.93, 65.75,  9.15, 37.26,
2016, 8, 0.297,286.72, 64.65, 10.93, 37.52,
2016, 9, 0.300,286.20, 63.10, 12.79, 37.52,
2016,10, 0.314,287.29, 63.40, 13.26, 37.92,
2016,11, 0.352,288.78, 71.22, 11.80, 41.20,
2016,12, 0.390,291.45, 76.49, 10.82, 43.56,
2016,13, 0.412,292.53, 80.14, 10.83, 45.46,
2016,14, 0.430,293.32, 83.86,  9.65, 46.76,
2016,15, 0.444,293.70, 85.99, 10.15, 48.07,
2016,16, 0.448,294.13, 86.11, 11.22, 48.66,
2016,17, 0.445,294.22, 84.03, 14.80, 49.42,
2016,18, 0.435,294.13, 81.10, 17.55, 49.33,
2016,19, 0.422,293.85, 77.87, 20.38, 49.08,
2016,20, 0.412,293.78, 76.44, 23.04, 49.68,
2016,21, 0.409,294.02, 76.22, 23.18, 49.64,
2016,22, 0.400,293.99, 72.75, 26.19, 49.34,
2016,23, 0.397,294.20, 70.90, 27.81, 49.26,
2016,24, 0.400,294.39, 71.16, 29.96, 50.50,
2016,25, 0.399,294.39, 71.99, 31.85, 51.85,
2016,26, 0.399,294.57, 73.02, 33.49, 53.24,
2016,27, 0.401,294.65, 77.00, 35.01, 55.99,
2016,28, 0.402,294.78, 80.30, 36.22, 58.28,
2016,29, 0.406,295.09, 83.55, 35.18, 59.37,
2016,30, 0.408,295.28, 84.98, 38.46, 61.72,
2016,31, 0.410,295.43, 86.41, 43.05, 64.73,
2016,32, 0.410,295.56, 87.52, 49.27, 68.39,
2016,33, 0.407,295.88, 88.19, 52.21, 70.20,
2016,34, 0.403,296.37, 89.09, 52.25, 70.67,
2016,35, 0.396,296.57, 88.99, 54.81, 71.90,
2016,36, 0.388,296.50, 88.37, 58.53, 73.45,
2016,37, 0.380,296.46, 87.83, 58.50, 73.17,
2016,38, 0.373,296.42, 88.08, 58.60, 73.34,
2016,39, 0.366,296.10, 87.53, 63.64, 75.58,
2016,40, 0.358,295.73, 87.09, 63.67, 75.38,
2016,41, 0.353,295.41, 87.38, 60.08, 73.73,
2016,42, 0.348,294.76, 84.55, 55.05, 69.80,
2016,43, 0.343,294.36, 85.86, 48.95, 67.41,
2016,44, 0.333,293.43, 84.98, 45.37, 65.18,
2016,45, 0.328,292.72, 85.87, 38.19, 62.03,
2016,46, 0.323,292.65, 85.32, 30.95, 58.14,
2016,47, 0.312,291.14, 81.45, 29.33, 55.39,
2016,48, 0.299,288.68, 77.29, 30.01, 53.67,
2016,49, 0.285,286.09, 73.76, 31.47, 52.64,
2016,50, 0.272,283.12, 70.67, 35.69, 53.19,
2016,51, 0.262,280.31, 67.72, 40.05, 53.87,
2016,52, 0.257,278.55, 64.72, 43.60, 54.17,
2017, 1, 0.247,276.94, 59.24, 48.63, 53.93,
2017, 2, 0.239,275.85, 55.91, 47.22, 51.55,
2017, 3, 0.221,273.70, 48.59, 48.54, 48.52,
2017, 4, 0.222,275.81, 48.27, 42.13, 45.10,
2017, 5, 0.219,275.18, 45.07, 42.18, 43.48,
2017, 6, 0.228,276.16, 46.32, 38.89, 42.53,
2017, 7, 0.243,278.11, 48.60, 35.68, 41.99,
2017, 8, 0.252,278.67, 48.75, 36.65, 42.64,
2017, 9, 0.257,278.71, 48.27, 38.64, 43.38,
2017,10, 0.262,279.21, 45.69, 42.37, 43.98,
2017,11, 0.252,278.75, 38.64, 48.30, 43.42,
2017,12, 0.277,281.26, 41.97, 47.59, 44.80,
2017,13, 0.295,283.08, 44.60, 47.44, 46.07,
2017,14, 0.320,285.55, 50.34, 42.09, 46.22,
2017,15, 0.344,287.54, 55.56, 39.05, 47.30,
2017,16, 0.361,288.95, 58.53, 39.37, 48.95,
2017,17, 0.375,290.16, 61.49, 40.33, 50.91,
2017,18, 0.384,291.13, 63.38, 39.34, 51.36,
2017,19, 0.382,291.61, 62.59, 40.07, 51.26,
2017,20, 0.373,291.76, 60.47, 44.12, 52.06,
2017,21, 0.363,291.96, 57.06, 46.31, 51.48,
2017,22, 0.349,292.15, 50.68, 49.44, 49.76,
2017,23, 0.341,292.31, 47.57, 51.48, 49.31,
2017,24, 0.342,292.63, 48.24, 51.10, 49.48,
2017,25, 0.348,293.03, 52.00, 48.47, 50.12,
2017,26, 0.354,293.47, 55.10, 46.73, 50.91,
2017,27, 0.362,294.07, 60.95, 42.04, 51.50,
2017,28, 0.370,294.62, 66.47, 38.23, 52.35,
2017,29, 0.370,294.84, 68.77, 38.01, 53.36,
2017,30, 0.373,295.16, 70.59, 39.37, 54.95,
2017,31, 0.378,295.55, 72.99, 41.01, 57.00,
2017,32, 0.380,296.10, 74.62, 42.52, 58.57,
2017,33, 0.378,296.77, 75.03, 41.92, 58.47,
2017,34, 0.372,297.28, 74.78, 42.39, 58.58,
2017,35, 0.362,297.23, 73.11, 48.33, 60.72,
2017,36, 0.352,297.26, 71.54, 51.30, 61.42,
2017,37, 0.343,297.59, 70.40, 48.79, 59.60,
2017,38, 0.331,297.57, 68.66, 49.45, 59.05,
2017,39, 0.319,297.33, 65.30, 53.79, 59.55,
2017,40, 0.307,296.98, 62.49, 54.42, 58.45,
2017,41, 0.298,296.62, 61.41, 52.19, 56.80,
2017,42, 0.288,295.62, 58.63, 50.13, 54.38,
2017,43, 0.279,294.54, 58.97, 47.83, 53.40,
2017,44, 0.271,293.67, 59.37, 44.29, 51.83,
2017,45, 0.259,291.48, 58.01, 42.51, 50.26,
2017,46, 0.245,288.59, 54.82, 43.61, 49.22,
2017,47, 0.232,285.73, 51.15, 44.92, 48.03,
2017,48, 0.222,282.67, 48.49, 45.72, 47.15,
2017,49, 0.218,279.97, 48.52, 46.57, 47.59,
2017,50, 0.212,276.39, 47.05, 52.90, 49.97,
2017,51, 0.210,274.04, 46.73, 56.73, 51.67,
2017,52, 0.218,274.10, 44.36, 62.07, 53.21,
2018, 1, 0.209,272.45, 44.77, 61.35, 53.09,
2018, 2, 0.203,270.87, 42.79, 60.78, 51.81,
2018, 3, 0.203,270.98, 41.74, 57.41, 49.51,
2018, 4, 0.229,277.01, 49.15, 41.97, 45.47,
2018, 5, 0.244,279.36, 53.53, 33.19, 43.14,
2018, 6, 0.259,280.75, 56.05, 28.08, 41.89,
2018, 7, 0.274,281.74, 58.07, 26.29, 41.97,
2018, 8, 0.289,282.70, 59.73, 27.16, 43.21,
2018, 9, 0.309,283.75, 61.67, 27.39, 44.15,
2018,10, 0.329,284.50, 63.76, 26.34, 44.77,
2018,11, 0.332,284.93, 64.37, 25.44, 44.62,
2018,12, 0.380,289.63, 72.98, 18.16, 45.48,
2018,13, 0.405,291.36, 77.84, 14.76, 46.30,
2018,14, 0.420,292.37, 80.95, 12.38, 46.66,
2018,15, 0.433,293.03, 82.27, 11.96, 47.11,
2018,16, 0.437,293.83, 81.22, 12.77, 46.99,
2018,17, 0.429,294.21, 78.28, 14.13, 46.20,
2018,18, 0.413,294.24, 72.97, 15.93, 44.45,
2018,19, 0.386,293.62, 64.22, 22.01, 43.00,
2018,20, 0.362,293.28, 56.65, 27.91, 42.02,
2018,21, 0.350,293.42, 52.24, 29.35, 40.56,
2018,22, 0.340,293.41, 47.04, 32.91, 39.70,
2018,23, 0.337,293.64, 45.78, 34.32, 39.75,
2018,24, 0.344,294.14, 48.46, 32.18, 40.20,
2018,25, 0.353,294.51, 52.34, 29.95, 41.09,
2018,26, 0.359,294.80, 55.37, 30.45, 42.89,
2018,27, 0.366,295.07, 60.66, 29.76, 45.20,
2018,28, 0.373,295.48, 65.86, 27.66, 46.77,
2018,29, 0.377,295.98, 69.53, 24.76, 47.15,
2018,30, 0.380,296.47, 71.34, 24.36, 47.86,
2018,31, 0.380,296.80, 72.17, 26.35, 49.26,
2018,32, 0.376,297.14, 71.87, 30.20, 51.03,
2018,33, 0.369,297.69, 71.02, 30.85, 50.94,
2018,34, 0.362,298.25, 70.39, 30.61, 50.50,
2018,35, 0.355,298.87, 69.96, 29.38, 49.67,
2018,36, 0.347,299.59, 69.11, 26.97, 48.04,
2018,37, 0.340,300.25, 68.37, 24.41, 46.39,
2018,38, 0.332,300.81, 67.97, 22.38, 45.17,
2018,39, 0.322,301.27, 66.27, 21.99, 44.13,
2018,40, 0.311,301.38, 63.71, 21.85, 42.78,
2018,41, 0.296,300.92, 60.15, 23.59, 41.87,
2018,42, 0.282,299.51, 55.67, 28.05, 41.86,
2018,43, 0.273,298.76, 56.08, 26.80, 41.44,
2018,44, 0.264,298.22, 56.21, 24.40, 40.30,
2018,45, 0.254,296.31, 56.02, 25.24, 40.63,
2018,46, 0.243,294.00, 54.23, 26.46, 40.35,
2018,47, 0.237,291.81, 52.94, 27.15, 40.05,
2018,48, 0.231,288.92, 51.78, 29.00, 40.42,
2018,49, 0.227,286.09, 52.07, 31.33, 41.72,
2018,50, 0.230,283.96, 54.28, 33.75, 44.04,
2018,51, 0.237,282.48, 57.70, 35.10, 46.40,
2018,52, 0.253,282.51, 62.73, 33.54, 48.13,
2019, 1, 0.253,281.24, 61.03, 36.80, 48.92,
2019, 2, 0.244,279.16, 57.85, 38.13, 47.93,
2019, 3, 0.230,276.53, 52.30, 40.62, 46.38,
2019, 4, 0.234,277.91, 52.73, 35.71, 44.13,
2019, 5, 0.235,277.67, 50.99, 34.96, 42.78,
2019, 6, 0.251,279.47, 54.25, 29.37, 41.70,
2019, 7, 0.267,281.82, 57.36, 24.90, 40.94,
2019, 8, 0.277,282.60, 57.64, 25.01, 41.10,
2019, 9, 0.286,283.09, 58.68, 24.67, 41.23,
2019,10, 0.299,283.98, 58.86, 26.16, 42.13,
2019,11, 0.304,283.87, 55.90, 30.28, 42.74,
2019,12, 0.342,286.80, 62.33, 27.74, 44.94,
2019,13, 0.368,288.54, 67.43, 25.88, 46.67,
2019,14, 0.396,290.61, 73.96, 20.54, 47.25,
2019,15, 0.418,291.90, 78.65, 18.10, 48.38,
2019,16, 0.417,292.26, 76.96, 21.01, 48.99,
2019,17, 0.404,291.93, 71.98, 29.02, 50.50,
2019,18, 0.396,292.03, 69.20, 32.55, 50.88,
2019,19, 0.390,292.35, 67.17, 32.82, 49.92,
2019,20, 0.377,292.44, 63.82, 36.16, 49.78,
2019,21, 0.370,292.82, 61.31, 36.10, 48.55,
2019,22, 0.367,293.29, 59.12, 34.50, 46.60,
2019,23, 0.368,293.87, 58.89, 31.70, 45.11,
2019,24, 0.376,294.58, 61.69, 27.32, 44.42,
2019,25, 0.385,295.08, 65.64, 23.21, 44.38,
2019,26, 0.389,295.53, 67.95, 21.56, 44.74,
2019,27, 0.396,296.12, 73.52, 17.09, 45.30,
2019,28, 0.401,296.64, 77.79, 14.18, 45.99,
2019,29, 0.398,296.82, 78.92, 15.48, 47.21,
2019,30, 0.394,296.86, 77.98, 20.11, 49.05,
2019,31, 0.392,297.02, 77.73, 24.13, 50.93,
2019,32, 0.387,297.29, 77.28, 28.79, 53.03,
2019,33, 0.381,297.61, 76.09, 32.09, 54.09,
2019,34, 0.372,298.09, 74.71, 32.77, 53.74,
2019,35, 0.363,298.69, 73.45, 31.82, 52.64,
2019,36, 0.355,299.23, 72.50, 31.16, 51.83,
2019,37, 0.346,299.84, 71.44, 28.42, 49.93,
2019,38, 0.336,300.43, 70.44, 25.83, 48.13,
2019,39, 0.325,300.76, 67.87, 26.41, 47.14,
2019,40, 0.314,301.18, 65.36, 23.80, 44.58,
2019,41, 0.303,301.64, 63.40, 19.46, 41.43,
2019,42, 0.291,301.22, 59.28, 19.01, 39.15,
2019,43, 0.279,300.97, 58.64, 16.36, 37.50,
2019,44, 0.269,301.17, 58.20, 12.22, 35.21,
2019,45, 0.260,300.76, 58.38,  9.54, 33.96,
2019,46, 0.252,299.88, 57.85,  7.70, 32.77,
2019,47, 0.245,298.65, 56.41,  7.50, 31.95,
2019,48, 0.237,296.61, 54.50,  9.11, 31.83,
2019,49, 0.233,295.14, 55.10,  9.16, 32.14,
2019,50, 0.232,293.89, 55.99,  9.01, 32.48,
2019,51, 0.235,292.06, 58.33, 10.21, 34.20,
2019,52, 0.241,290.02, 59.95, 13.69, 36.82,
2020, 1, 0.244,287.81, 59.53, 18.54, 39.03,
2020, 2, 0.255,286.66, 64.08, 17.96, 40.98,
2020, 3, 0.260,285.20, 65.44, 18.26, 41.79,
2020, 4, 0.267,285.11, 66.91, 16.58, 41.67,
2020, 5, 0.273,284.73, 66.53, 15.32, 40.74,
2020, 6, 0.282,284.83, 66.25, 14.10, 40.02,
2020, 7, 0.287,284.56, 64.57, 16.37, 40.29,
2020, 8, 0.292,283.87, 62.84, 20.15, 41.28,
2020, 9, 0.299,283.56, 63.07, 22.13, 42.24,
2020,10, 0.317,284.98, 64.68, 22.07, 43.06,
2020,11, 0.333,286.56, 65.15, 20.01, 42.28,
2020,12, 0.376,290.16, 72.12, 15.29, 43.62,
2020,13, 0.398,291.36, 75.60, 15.23, 45.40,
2020,14, 0.413,292.23, 78.55, 14.39, 46.47,
2020,15, 0.425,292.67, 80.25, 15.15, 47.70,
2020,16, 0.432,293.24, 80.77, 16.34, 48.56,
2020,17, 0.432,293.54, 79.98, 19.48, 49.73,
2020,18, 0.419,293.55, 76.32, 22.06, 49.19,
2020,19, 0.402,293.22, 71.40, 26.06, 48.66,
2020,20, 0.390,292.99, 68.78, 31.56, 49.88,
2020,21, 0.384,293.11, 67.05, 33.59, 50.09,
2020,22, 0.371,292.93, 61.50, 39.59, 50.22,
2020,23, 0.369,293.10, 60.13, 41.44, 50.48,
2020,24, 0.380,293.84, 64.18, 36.33, 50.08,
2020,25, 0.386,294.21, 67.59, 33.80, 50.58,
2020,26, 0.389,294.44, 69.52, 34.86, 52.16,
2020,27, 0.394,294.80, 74.37, 33.07, 53.70,
2020,28, 0.398,295.27, 78.13, 30.46, 54.30,
2020,29, 0.401,295.77, 80.96, 27.44, 54.21,
2020,30, 0.403,296.10, 82.22, 28.92, 55.57,
2020,31, 0.404,296.51, 83.13, 30.03, 56.58,
2020,32, 0.401,296.85, 83.20, 33.74, 58.47,
2020,33, 0.396,297.23, 82.75, 36.43, 59.59,
2020,34, 0.388,297.75, 82.13, 36.68, 59.40,
2020,35, 0.376,297.98, 79.76, 39.50, 59.63,
2020,36, 0.366,298.26, 77.99, 40.87, 59.43,
2020,37, 0.357,298.66, 76.72, 38.96, 57.84,
2020,38, 0.346,298.77, 74.99, 39.34, 57.17,
2020,39, 0.335,298.93, 72.67, 40.74, 56.70,
2020,40, 0.325,299.16, 70.80, 38.33, 54.57,
2020,41, 0.315,299.06, 68.96, 36.02, 52.49,
2020,42, 0.305,298.43, 65.66, 34.12, 49.89,
2020,43, 0.295,297.73, 65.48, 31.67, 48.58,
2020,44, 0.288,297.48, 65.95, 27.27, 46.61,
2020,45, 0.281,296.37, 66.94, 24.55, 45.74,
2020,46, 0.271,294.23, 65.21, 25.23, 45.22,
2020,47, 0.259,291.59, 61.80, 27.48, 44.64,
2020,48, 0.246,288.08, 57.56, 31.28, 44.43,
2020,49, 0.231,284.25, 53.92, 35.87, 44.89,
2020,50, 0.219,280.42, 50.12, 42.33, 46.24,
2020,51, 0.213,277.83, 48.47, 46.57, 47.55,
2020,52, 0.216,276.40, 48.50, 49.89, 49.24,
2021, 1, 0.215,274.91, 45.44, 54.97, 50.22,
2021, 2, 0.213,273.58, 45.00, 53.73, 49.36,
2021, 3, 0.206,272.25, 42.32, 52.90, 47.53,
2021, 4, 0.217,275.60, 45.85, 43.02, 44.32,
2021, 5, 0.216,275.34, 43.31, 42.16, 42.53,
2021, 6, 0.218,275.16, 42.08, 42.14, 42.01,
2021, 7, 0.222,275.48, 40.75, 44.13, 42.28,
2021, 8, 0.227,276.30, 39.37, 45.65, 42.37,
2021, 9, 0.242,278.18, 42.21, 42.42, 42.06,
2021,10, 0.257,280.05, 44.26, 41.06, 42.47,
2021,11, 0.261,280.77, 41.85, 42.46, 41.96,
2021,12, 0.296,284.64, 48.37, 36.65, 42.47,
2021,13, 0.325,286.75, 54.06, 34.39, 44.26,
2021,14, 0.358,289.04, 62.08, 28.35, 45.21,
2021,15, 0.394,290.90, 70.80, 23.36, 47.08,
2021,16, 0.418,292.86, 76.40, 17.74, 47.07,
2021,17, 0.429,294.25, 78.78, 13.74, 46.26,
2021,18, 0.424,294.61, 77.05, 13.10, 45.07,
2021,19, 0.409,294.43, 72.73, 14.55, 43.52,
2021,20, 0.392,294.08, 68.41, 19.29, 43.63,
2021,21, 0.379,294.03, 63.69, 22.15, 42.71,
2021,22, 0.370,294.24, 59.38, 22.40, 40.63,
2021,23, 0.371,294.52, 59.42, 23.56, 41.23,
2021,24, 0.376,294.89, 61.00, 23.54, 42.15,
2021,25, 0.382,295.12, 64.22, 22.90, 43.44,
2021,26, 0.383,295.14, 65.50, 26.43, 45.89,
2021,27, 0.385,295.18, 69.38, 28.45, 48.85,
2021,28, 0.388,295.27, 73.39, 30.34, 51.83,
2021,29, 0.387,295.33, 75.15, 32.24, 53.65,
2021,30, 0.384,295.15, 74.71, 39.65, 57.12,
2021,31, 0.378,294.80, 73.49, 49.65, 61.57,
2021,32, 0.369,294.52, 71.24, 60.38, 65.81,
2021,33, 0.365,294.80, 70.70, 64.24, 67.47,
2021,34,-1.000, -1.00, -1.00, -1.00, -1.00,
2021,35,-1.000, -1.00, -1.00, -1.00, -1.00,
2021,36,-1.000, -1.00, -1.00, -1.00, -1.00,
2021,37,-1.000, -1.00, -1.00, -1.00, -1.00,
2021,38,-1.000, -1.00, -1.00, -1.00, -1.00,
2021,39,-1.000, -1.00, -1.00, -1.00, -1.00,
2021,40,-1.000, -1.00, -1.00, -1.00, -1.00,
2021,41,-1.000, -1.00, -1.00, -1.00, -1.00,
2021,42,-1.000, -1.00, -1.00, -1.00, -1.00,
2021,43,-1.000, -1.00, -1.00, -1.00, -1.00,
2021,44,-1.000, -1.00, -1.00, -1.00, -1.00,
2021,45,-1.000, -1.00, -1.00, -1.00, -1.00,
2021,46,-1.000, -1.00, -1.00, -1.00, -1.00,
2021,47,-1.000, -1.00, -1.00, -1.00, -1.00,
2021,48,-1.000, -1.00, -1.00, -1.00, -1.00,
2021,49,-1.000, -1.00, -1.00, -1.00, -1.00,
2021,50,-1.000, -1.00, -1.00, -1.00, -1.00,
2021,51,-1.000, -1.00, -1.00, -1.00, -1.00,
2021,52,-1.000, -1.00, -1.00, -1.00, -1.00,
