1982, 1, 0.238,293.04, 55.39, 32.05, 43.72,
1982, 2, 0.232,293.64, 54.59, 28.52, 41.55,
1982, 3, 0.218,293.49, 50.51, 32.46, 41.48,
1982, 4, 0.207,293.61, 47.25, 34.20, 40.73,
1982, 5, 0.198,293.76, 44.01, 36.77, 40.39,
1982, 6, 0.191,293.65, 41.98, 42.40, 42.19,
1982, 7, 0.183,293.61, 38.74, 47.48, 43.11,
1982, 8, 0.180,294.17, 37.12, 47.49, 42.30,
1982, 9, 0.178,294.55, 36.06, 47.93, 41.99,
1982,10, 0.176,294.88, 35.70, 46.08, 40.89,
1982,11, 0.172,294.92, 33.58, 47.30, 40.44,
1982,12, 0.171,294.67, 31.81, 51.45, 41.63,
1982,13, 0.172,294.12, 30.20, 56.23, 43.21,
1982,14, 0.181,293.95, 32.14, 56.58, 44.36,
1982,15, 0.191,293.97, 33.60, 52.65, 43.13,
1982,16, 0.200,293.71, 32.51, 51.18, 41.84,
1982,17, 0.212,293.59, 31.97, 49.06, 40.51,
1982,18, 0.220,293.42, 31.49, 46.41, 38.95,
1982,19, 0.222,292.41, 29.28, 49.68, 39.48,
1982,20, 0.221,291.28, 27.07, 52.49, 39.78,
1982,21, 0.219,290.32, 24.44, 53.79, 39.11,
1982,22, 0.217,289.41, 22.40, 55.20, 38.80,
1982,23, 0.219,288.97, 22.18, 53.47, 37.83,
1982,24, 0.220,288.50, 21.47, 52.77, 37.12,
1982,25, 0.223,288.15, 22.36, 52.61, 37.49,
1982,26, 0.228,288.23, 24.63, 50.21, 37.42,
1982,27, 0.238,289.09, 28.74, 43.39, 36.06,
1982,28, 0.246,289.71, 31.06, 38.38, 34.72,
1982,29, 0.250,289.76, 31.84, 37.86, 34.85,
1982,30, 0.259,290.08, 34.64, 35.40, 35.02,
1982,31, 0.267,290.67, 38.38, 31.28, 34.83,
1982,32, 0.264,290.11, 37.13, 35.74, 36.43,
1982,33, 0.262,289.54, 35.83, 40.27, 38.05,
1982,34, 0.263,289.75, 36.48, 39.69, 38.08,
1982,35, 0.263,289.86, 37.07, 39.12, 38.09,
1982,36, 0.265,289.97, 39.43, 37.56, 38.49,
1982,37, 0.266,290.04, 42.87, 35.99, 39.43,
1982,38, 0.270,290.17, 47.49, 35.24, 41.36,
1982,39, 0.274,290.63, 51.73, 35.56, 43.64,
1982,40, 0.278,291.38, 55.41, 33.32, 44.37,
1982,41, 0.278,291.69, 57.31, 33.37, 45.34,
1982,42, 0.278,291.87, 58.19, 32.89, 45.54,
1982,43, 0.282,292.17, 61.82, 31.64, 46.73,
1982,44, 0.281,292.32, 63.02, 33.23, 48.13,
1982,45, 0.274,291.90, 60.59, 37.92, 49.25,
1982,46, 0.269,291.94, 59.43, 37.59, 48.51,
1982,47, 0.266,292.25, 59.65, 36.38, 48.01,
1982,48, 0.266,292.13, 61.25, 36.05, 48.65,
1982,49, 0.272,292.28, 65.30, 32.39, 48.85,
1982,50, 0.277,292.83, 68.38, 35.68, 52.03,
1982,51, 0.268,292.80, 65.91, 36.06, 50.99,
1982,52, 0.249,292.55, 58.07, 37.02, 47.54,
1983, 1, 0.222,292.48, 46.84, 37.33, 42.08,
1983, 2, 0.202,292.45, 39.30, 37.40, 38.35,
1983, 3, 0.191,292.61, 36.05, 37.40, 36.73,
1983, 4, 0.186,292.91, 35.57, 36.54, 36.05,
1983, 5, 0.185,293.51, 37.04, 35.09, 36.07,
1983, 6, 0.181,293.95, 36.60, 35.23, 35.92,
1983, 7, 0.171,294.28, 32.86, 36.46, 34.66,
1983, 8, 0.163,294.65, 29.69, 37.48, 33.59,
1983, 9, 0.159,295.07, 28.48, 37.46, 32.97,
1983,10, 0.161,295.78, 29.82, 34.24, 32.03,
1983,11, 0.167,296.87, 32.29, 29.16, 30.73,
1983,12, 0.171,297.59, 33.39, 25.71, 29.55,
1983,13, 0.179,298.25, 34.84, 20.78, 27.81,
1983,14, 0.183,298.10, 33.94, 20.14, 27.04,
1983,15, 0.186,297.58, 32.00, 21.65, 26.83,
1983,16, 0.195,297.06, 30.66, 24.64, 27.65,
1983,17, 0.206,296.37, 30.41, 28.29, 29.35,
1983,18, 0.221,295.98, 34.12, 28.01, 31.07,
1983,19, 0.236,295.33, 39.01, 26.82, 32.91,
1983,20, 0.250,294.78, 43.70, 27.56, 35.63,
1983,21, 0.260,294.19, 46.84, 26.65, 36.75,
1983,22, 0.268,293.59, 48.92, 26.20, 37.56,
1983,23, 0.275,293.21, 51.32, 24.34, 37.83,
1983,24, 0.280,292.62, 52.60, 24.98, 38.79,
1983,25, 0.284,292.45, 53.91, 24.40, 39.16,
1983,26, 0.286,292.56, 54.52, 21.88, 38.20,
1983,27, 0.280,291.47, 50.94, 27.53, 39.23,
1983,28, 0.275,290.55, 46.97, 32.56, 39.76,
1983,29, 0.270,289.79, 42.86, 36.52, 39.69,
1983,30, 0.266,288.72, 39.52, 41.55, 40.54,
1983,31, 0.268,288.24, 39.98, 43.30, 41.64,
1983,32, 0.269,287.55, 40.61, 46.48, 43.55,
1983,33, 0.273,287.34, 42.26, 47.71, 44.99,
1983,34, 0.283,287.83, 46.75, 45.61, 46.18,
1983,35, 0.294,288.22, 52.10, 44.24, 48.17,
1983,36, 0.300,288.30, 56.07, 44.29, 50.18,
1983,37, 0.295,287.37, 55.89, 49.64, 52.76,
1983,38, 0.288,287.05, 55.40, 49.41, 52.40,
1983,39, 0.281,287.24, 54.72, 47.95, 51.34,
1983,40, 0.273,287.15, 53.39, 50.37, 51.88,
1983,41, 0.268,287.61, 53.84, 48.58, 51.21,
1983,42, 0.263,288.35, 53.05, 45.78, 49.41,
1983,43, 0.255,288.65, 51.59, 46.13, 48.86,
1983,44, 0.248,288.99, 50.23, 46.94, 48.58,
1983,45, 0.239,288.71, 48.15, 50.61, 49.38,
1983,46, 0.234,288.85, 48.04, 50.87, 49.45,
1983,47, 0.238,289.97, 51.27, 44.58, 47.92,
1983,48, 0.236,290.61, 52.10, 38.90, 45.50,
1983,49, 0.226,290.49, 49.04, 38.53, 43.78,
1983,50, 0.211,290.14, 42.67, 50.57, 46.62,
1983,51, 0.199,290.10, 37.60, 53.75, 45.67,
1983,52, 0.189,289.80, 32.68, 56.86, 44.77,
1984, 1, 0.179,289.43, 28.47, 61.86, 45.17,
1984, 2, 0.168,288.86, 25.28, 67.46, 46.37,
1984, 3, 0.160,288.59, 23.25, 72.12, 47.68,
1984, 4, 0.156,288.58, 22.15, 74.40, 48.27,
1984, 5, 0.155,288.70, 22.40, 77.05, 49.73,
1984, 6, 0.152,288.73, 22.53, 80.33, 51.43,
1984, 7, 0.155,289.56, 24.84, 78.15, 51.50,
1984, 8, 0.163,290.78, 29.05, 72.33, 50.69,
1984, 9, 0.168,291.73, 31.29, 69.54, 50.41,
1984,10, 0.166,292.02, 30.50, 68.87, 49.68,
1984,11, 0.168,292.56, 31.07, 66.28, 48.68,
1984,12, 0.174,293.37, 32.48, 62.34, 47.41,
1984,13, 0.178,293.64, 33.09, 59.39, 46.24,
1984,14, 0.181,293.41, 32.30, 59.42, 45.86,
1984,15, 0.187,292.85, 31.61, 60.16, 45.89,
1984,16, 0.201,292.44, 32.89, 58.70, 45.79,
1984,17, 0.220,291.99, 36.07, 56.40, 46.23,
1984,18, 0.236,291.05, 39.90, 61.95, 50.93,
1984,19, 0.247,289.76, 43.12, 66.72, 54.92,
1984,20, 0.261,289.26, 47.52, 63.92, 55.72,
1984,21, 0.271,288.77, 50.36, 63.04, 56.70,
1984,22, 0.277,288.24, 52.09, 61.76, 56.93,
1984,23, 0.279,287.68, 52.20, 60.92, 56.56,
1984,24, 0.283,287.85, 53.21, 55.96, 54.58,
1984,25, 0.286,288.27, 53.94, 50.81, 52.37,
1984,26, 0.288,288.53, 54.05, 47.70, 50.88,
1984,27, 0.292,288.96, 55.21, 44.20, 49.70,
1984,28, 0.297,289.17, 56.17, 43.08, 49.62,
1984,29, 0.299,289.06, 55.67, 43.71, 49.69,
1984,30, 0.300,289.08, 54.60, 41.94, 48.27,
1984,31, 0.295,288.56, 52.30, 43.62, 47.96,
1984,32, 0.290,287.50, 50.32, 47.14, 48.73,
1984,33, 0.292,287.03, 51.47, 46.88, 49.17,
1984,34, 0.293,286.49, 52.46, 47.48, 49.97,
1984,35, 0.300,286.44, 55.80, 45.23, 50.52,
1984,36, 0.304,286.09, 59.26, 43.02, 51.14,
1984,37, 0.305,285.86, 61.83, 40.97, 51.40,
1984,38, 0.304,285.99, 63.69, 40.11, 51.90,
1984,39, 0.301,286.26, 64.43, 41.55, 52.99,
1984,40, 0.298,286.84, 65.26, 42.52, 53.89,
1984,41, 0.292,286.99, 64.80, 45.17, 54.98,
1984,42, 0.280,287.21, 61.51, 46.90, 54.20,
1984,43, 0.274,288.21, 61.06, 45.93, 53.49,
1984,44, 0.264,288.80, 57.96, 47.94, 52.95,
1984,45, 0.256,289.16, 55.83, 48.23, 52.03,
1984,46, 0.241,289.01, 50.13, 51.76, 50.95,
1984,47, 0.221,288.25, 43.23, 59.50, 51.36,
1984,48, 0.199,286.90, 35.99, 67.24, 51.61,
1984,49, 0.180,285.93, 30.20, 70.23, 50.21,
1984,50,-1.000, -1.00, -1.00, -1.00, -1.00,
1984,51,-1.000, -1.00, -1.00, -1.00, -1.00,
1984,52,-1.000, -1.00, -1.00, -1.00, -1.00,
1985, 1,-1.000, -1.00, -1.00, -1.00, -1.00,
1985, 2,-1.000, -1.00, -1.00, -1.00, -1.00,
1985, 3,-1.000, -1.00, -1.00, -1.00, -1.00,
1985, 4,-1.000, -1.00, -1.00, -1.00, -1.00,
1985, 5,-1.000, -1.00, -1.00, -1.00, -1.00,
1985, 6,-1.000, -1.00, -1.00, -1.00, -1.00,
1985, 7,-1.000, -1.00, -1.00, -1.00, -1.00,
1985, 8,-1.000, -1.00, -1.00, -1.00, -1.00,
1985, 9, 0.158,292.22, 27.73, 63.67, 45.70,
1985,10, 0.157,292.58, 27.15, 62.57, 44.86,
1985,11, 0.159,293.34, 27.55, 59.42, 43.49,
1985,12, 0.164,294.00, 28.54, 56.31, 42.42,
1985,13, 0.173,294.55, 31.09, 51.49, 41.29,
1985,14, 0.187,294.56, 35.44, 49.87, 42.65,
1985,15, 0.205,294.37, 40.81, 47.50, 44.15,
1985,16, 0.225,294.06, 44.90, 44.46, 44.68,
1985,17, 0.240,293.28, 46.63, 44.76, 45.70,
1985,18, 0.253,292.19, 48.43, 49.13, 48.78,
1985,19, 0.269,292.00, 53.97, 44.78, 49.38,
1985,20, 0.283,292.06, 57.27, 43.30, 50.28,
1985,21, 0.292,291.97, 59.17, 42.16, 50.66,
1985,22, 0.294,291.16, 58.06, 45.37, 51.71,
1985,23, 0.295,290.36, 57.12, 47.94, 52.53,
1985,24, 0.297,290.43, 57.40, 43.58, 50.49,
1985,25, 0.298,290.62, 57.08, 39.21, 48.14,
1985,26, 0.298,290.63, 56.99, 36.59, 46.79,
1985,27, 0.304,291.51, 59.37, 28.69, 44.03,
1985,28, 0.310,292.50, 60.90, 21.13, 41.01,
1985,29, 0.311,292.89, 60.12, 17.97, 39.04,
1985,30, 0.305,292.24, 56.51, 20.83, 38.67,
1985,31, 0.300,291.64, 53.94, 24.14, 39.04,
1985,32, 0.300,291.58, 53.66, 24.30, 38.98,
1985,33, 0.297,291.18, 52.07, 26.80, 39.44,
1985,34, 0.293,290.70, 50.34, 30.43, 40.38,
1985,35, 0.289,290.33, 49.45, 33.62, 41.53,
1985,36, 0.290,290.19, 51.23, 32.32, 41.77,
1985,37, 0.292,290.27, 54.98, 28.88, 41.93,
1985,38, 0.291,290.08, 57.21, 27.36, 42.28,
1985,39, 0.292,290.26, 59.77, 26.86, 43.32,
1985,40, 0.294,290.63, 62.47, 26.88, 44.67,
1985,41, 0.293,291.03, 63.84, 26.61, 45.23,
1985,42, 0.287,291.36, 62.16, 26.66, 44.41,
1985,43, 0.281,291.57, 61.74, 28.27, 45.00,
1985,44, 0.273,291.52, 59.97, 31.74, 45.86,
1985,45, 0.265,291.54, 58.43, 33.27, 45.85,
1985,46, 0.254,291.51, 55.51, 33.52, 44.52,
1985,47, 0.246,291.60, 53.84, 33.19, 43.52,
1985,48, 0.244,291.87, 54.44, 29.96, 42.20,
1985,49, 0.241,292.05, 55.07, 26.87, 40.97,
1985,50, 0.236,292.27, 53.58, 31.62, 42.60,
1985,51, 0.226,292.21, 50.42, 33.01, 41.72,
1985,52, 0.214,292.15, 46.27, 34.56, 40.42,
1986, 1, 0.200,291.95, 41.38, 38.34, 39.86,
1986, 2, 0.186,291.74, 36.88, 42.50, 39.69,
1986, 3, 0.176,291.99, 34.39, 43.65, 39.02,
1986, 4, 0.172,292.58, 34.02, 41.56, 37.79,
1986, 5, 0.167,292.94, 33.29, 42.47, 37.88,
1986, 6, 0.164,293.28, 33.51, 44.04, 38.77,
1986, 7, 0.163,293.79, 34.64, 44.75, 39.69,
1986, 8, 0.165,294.26, 36.82, 45.70, 41.26,
1986, 9, 0.167,294.75, 37.65, 46.82, 42.24,
1986,10, 0.166,294.98, 36.84, 46.18, 41.51,
1986,11, 0.164,295.24, 33.85, 46.15, 40.00,
1986,12, 0.164,295.47, 30.76, 46.44, 38.60,
1986,13, 0.172,295.78, 30.81, 43.23, 37.02,
1986,14, 0.180,295.80, 31.69, 41.03, 36.36,
1986,15, 0.198,295.91, 36.26, 36.33, 36.30,
1986,16, 0.218,296.16, 40.84, 30.51, 35.68,
1986,17, 0.234,295.87, 43.09, 28.99, 36.04,
1986,18, 0.245,295.07, 44.31, 32.14, 38.22,
1986,19, 0.253,294.20, 45.80, 32.39, 39.10,
1986,20, 0.262,293.76, 47.98, 32.06, 40.02,
1986,21, 0.268,293.08, 48.56, 33.44, 41.00,
1986,22, 0.273,292.59, 49.30, 33.14, 41.22,
1986,23, 0.281,292.59, 51.33, 29.51, 40.42,
1986,24, 0.289,292.68, 53.24, 24.98, 39.11,
1986,25, 0.290,292.03, 52.68, 27.06, 39.87,
1986,26, 0.287,291.14, 50.96, 31.15, 41.06,
1986,27, 0.285,290.57, 49.79, 33.36, 41.57,
1986,28, 0.288,290.75, 50.51, 31.21, 40.86,
1986,29, 0.285,290.19, 48.41, 34.80, 41.60,
1986,30, 0.283,289.68, 46.30, 37.21, 41.75,
1986,31, 0.286,289.85, 47.44, 35.12, 41.28,
1986,32, 0.289,289.87, 49.17, 33.04, 41.11,
1986,33, 0.290,289.83, 49.85, 31.83, 40.84,
1986,34, 0.285,289.06, 47.90, 35.62, 41.76,
1986,35, 0.287,288.99, 49.00, 35.12, 42.06,
1986,36, 0.291,289.22, 52.18, 31.57, 41.88,
1986,37, 0.290,289.42, 54.33, 28.61, 41.47,
1986,38, 0.284,289.27, 53.70, 29.02, 41.36,
1986,39, 0.277,289.40, 52.90, 29.67, 41.29,
1986,40, 0.275,290.03, 53.66, 27.20, 40.43,
1986,41, 0.270,290.34, 53.80, 27.82, 40.81,
1986,42, 0.258,289.74, 50.15, 35.10, 42.63,
1986,43, 0.254,290.18, 50.40, 35.50, 42.95,
1986,44, 0.250,290.78, 51.01, 32.58, 41.79,
1986,45, 0.240,290.68, 48.26, 34.96, 41.61,
1986,46, 0.232,290.72, 46.86, 36.23, 41.55,
1986,47, 0.227,290.82, 46.19, 37.56, 41.87,
1986,48, 0.229,291.41, 48.72, 32.99, 40.85,
1986,49, 0.232,292.02, 50.80, 28.26, 39.53,
1986,50, 0.233,292.82, 50.59, 29.59, 40.09,
1986,51, 0.234,293.42, 51.24, 26.64, 38.94,
1986,52, 0.234,293.90, 51.88, 22.87, 37.37,
1987, 1, 0.231,294.27, 51.51, 21.35, 36.43,
1987, 2, 0.225,294.11, 50.82, 23.92, 37.37,
1987, 3, 0.222,294.16, 52.53, 26.03, 39.28,
1987, 4, 0.227,294.90, 56.72, 23.01, 39.86,
1987, 5, 0.229,295.53, 59.22, 22.13, 40.68,
1987, 6, 0.227,295.79, 60.63, 24.70, 42.67,
1987, 7, 0.226,296.05, 62.22, 26.88, 44.55,
1987, 8, 0.232,296.72, 65.58, 26.82, 46.20,
1987, 9, 0.238,297.48, 67.86, 24.49, 46.17,
1987,10, 0.239,297.98, 68.72, 21.16, 44.94,
1987,11, 0.239,298.41, 68.19, 19.88, 44.04,
1987,12, 0.239,298.50, 66.36, 19.85, 43.10,
1987,13, 0.238,298.41, 63.14, 19.06, 41.10,
1987,14, 0.233,297.90, 58.10, 20.34, 39.22,
1987,15, 0.232,297.21, 53.86, 23.49, 38.68,
1987,16, 0.242,296.82, 53.21, 24.07, 38.64,
1987,17, 0.253,296.62, 53.08, 21.92, 37.50,
1987,18, 0.259,296.47, 51.61, 19.20, 35.40,
1987,19, 0.261,295.75, 49.07, 20.17, 34.62,
1987,20, 0.256,294.34, 43.85, 29.87, 36.86,
1987,21, 0.254,293.39, 40.93, 33.60, 37.27,
1987,22, 0.250,292.08, 37.68, 38.86, 38.27,
1987,23, 0.248,291.12, 35.62, 41.18, 38.40,
1987,24, 0.253,290.81, 36.99, 38.37, 37.68,
1987,25, 0.256,290.40, 38.19, 38.06, 38.12,
1987,26, 0.261,290.30, 40.48, 36.53, 38.51,
1987,27, 0.267,290.13, 43.59, 35.59, 39.59,
1987,28, 0.275,290.03, 46.73, 35.23, 40.98,
1987,29, 0.287,290.28, 51.08, 33.34, 42.21,
1987,30, 0.297,290.37, 54.58, 32.17, 43.37,
1987,31, 0.308,290.85, 58.85, 28.78, 43.81,
1987,32, 0.318,291.32, 63.29, 26.27, 44.78,
1987,33, 0.323,291.33, 65.39, 25.98, 45.68,
1987,34, 0.327,291.78, 67.90, 23.59, 45.75,
1987,35, 0.324,291.59, 66.88, 24.78, 45.83,
1987,36, 0.319,291.42, 66.02, 25.72, 45.87,
1987,37, 0.315,291.56, 66.84, 23.63, 45.23,
1987,38, 0.308,291.34, 65.40, 25.16, 45.28,
1987,39, 0.303,291.31, 64.63, 28.23, 46.43,
1987,40, 0.304,291.62, 66.79, 27.24, 47.01,
1987,41, 0.305,291.76, 68.97, 26.18, 47.58,
1987,42, 0.301,291.71, 68.35, 25.86, 47.10,
1987,43, 0.290,290.98, 67.07, 30.10, 48.59,
1987,44, 0.279,290.58, 64.80, 35.15, 49.97,
1987,45, 0.269,290.26, 62.89, 39.31, 51.10,
1987,46, 0.261,290.03, 61.57, 40.76, 51.16,
1987,47, 0.259,290.08, 61.99, 42.42, 52.21,
1987,48, 0.261,290.56, 64.41, 38.62, 51.52,
1987,49, 0.264,291.16, 66.92, 32.39, 49.65,
1987,50, 0.261,291.64, 66.14, 36.46, 51.30,
1987,51, 0.253,291.95, 62.68, 37.29, 49.99,
1987,52, 0.243,292.49, 57.51, 34.47, 45.99,
1988, 1, 0.233,293.03, 52.47, 31.63, 42.05,
1988, 2, 0.224,293.36, 49.19, 30.71, 39.95,
1988, 3, 0.211,293.14, 44.77, 34.85, 39.81,
1988, 4, 0.201,293.32, 42.25, 36.14, 39.20,
1988, 5, 0.193,293.80, 39.65, 36.87, 38.26,
1988, 6, 0.183,293.74, 36.71, 42.33, 39.52,
1988, 7, 0.177,293.74, 34.81, 46.65, 40.73,
1988, 8, 0.171,293.48, 33.08, 52.11, 42.59,
1988, 9, 0.169,293.46, 32.32, 55.89, 44.10,
1988,10, 0.168,293.74, 32.19, 54.94, 43.56,
1988,11, 0.167,293.64, 30.87, 57.21, 44.04,
1988,12, 0.165,293.36, 29.05, 61.64, 45.35,
1988,13, 0.167,293.16, 28.04, 63.32, 45.68,
1988,14, 0.175,293.09, 29.38, 63.18, 46.28,
1988,15, 0.192,293.10, 33.75, 60.27, 47.01,
1988,16, 0.217,292.91, 40.32, 59.18, 49.75,
1988,17, 0.239,292.87, 45.35, 54.21, 49.78,
1988,18, 0.258,292.70, 50.62, 48.86, 49.74,
1988,19, 0.274,292.52, 55.68, 42.73, 49.21,
1988,20, 0.289,292.64, 59.16, 38.22, 48.69,
1988,21, 0.299,292.71, 61.21, 34.99, 48.10,
1988,22, 0.307,292.87, 62.71, 30.89, 46.80,
1988,23, 0.314,293.31, 64.63, 24.76, 44.69,
1988,24, 0.314,293.17, 64.05, 22.33, 43.19,
1988,25, 0.307,292.64, 61.09, 23.71, 42.40,
1988,26, 0.301,292.22, 58.83, 24.77, 41.80,
1988,27, 0.298,291.97, 57.78, 24.82, 41.30,
1988,28, 0.295,291.74, 55.67, 25.64, 40.65,
1988,29, 0.291,291.32, 52.01, 28.10, 40.05,
1988,30, 0.285,290.51, 48.12, 32.28, 40.20,
1988,31, 0.280,289.53, 45.11, 38.32, 41.71,
1988,32, 0.279,288.99, 44.76, 42.03, 43.40,
1988,33, 0.279,288.55, 44.89, 44.93, 44.91,
1988,34, 0.281,288.18, 45.60, 47.74, 46.67,
1988,35, 0.280,288.05, 45.64, 49.55, 47.60,
1988,36, 0.274,287.87, 44.85, 49.91, 47.38,
1988,37, 0.256,286.70, 39.43, 53.77, 46.60,
1988,38, 0.231,285.26, 31.86, 57.19, 44.53,
1988,39, 0.205,283.64, 24.36, 62.06, 43.21,
1988,40, 0.182,282.51, 18.38, 66.14, 42.26,
1988,41, 0.167,281.97, 15.90, 66.24, 41.07,
1988,42, 0.162,282.53, 15.49, 64.10, 39.79,
1988,43, 0.166,283.73, 18.07, 60.20, 39.13,
1988,44, 0.175,285.22, 22.16, 56.07, 39.12,
1988,45, 0.188,286.66, 28.53, 51.49, 40.01,
1988,46, 0.207,288.12, 38.91, 45.22, 42.06,
1988,47, 0.226,289.47, 48.64, 39.98, 44.31,
1988,48, 0.239,290.87, 55.64, 31.75, 43.70,
1988,49, 0.242,291.75, 58.23, 26.27, 42.25,
1988,50, 0.245,292.49, 59.29, 27.58, 43.43,
1988,51, 0.244,293.08, 59.36, 26.02, 42.69,
1988,52, 0.242,293.38, 58.50, 25.65, 42.08,
1989, 1, 0.231,293.14, 54.04, 30.04, 42.04,
1989, 2, 0.215,292.37, 47.49, 38.04, 42.76,
1989, 3, 0.201,291.65, 42.00, 45.57, 43.79,
1989, 4, 0.193,291.45, 40.02, 48.92, 44.47,
1989, 5, 0.188,291.52, 38.36, 52.45, 45.40,
1989, 6, 0.185,291.95, 38.33, 53.68, 46.01,
1989, 7, 0.187,292.84, 40.59, 52.09, 46.34,
1989, 8, 0.188,293.71, 41.41, 50.22, 45.81,
1989, 9, 0.181,294.10, 37.85, 51.01, 44.43,
1989,10, 0.176,294.25, 35.84, 51.23, 43.53,
1989,11, 0.176,294.38, 35.33, 52.07, 43.70,
1989,12, 0.182,294.86, 37.10, 50.10, 43.60,
1989,13, 0.194,295.44, 41.25, 44.52, 42.88,
1989,14, 0.208,295.77, 45.87, 39.03, 42.45,
1989,15, 0.223,296.08, 49.95, 31.83, 40.89,
1989,16, 0.241,296.59, 52.76, 24.00, 38.38,
1989,17, 0.258,296.70, 54.71, 19.70, 37.21,
1989,18, 0.271,296.41, 56.52, 18.73, 37.63,
1989,19, 0.277,295.52, 56.65, 20.14, 38.40,
1989,20, 0.285,294.90, 57.74, 20.88, 39.31,
1989,21, 0.293,294.61, 59.25, 20.28, 39.76,
1989,22, 0.299,294.45, 60.62, 18.82, 39.72,
1989,23, 0.308,294.49, 63.40, 15.79, 39.59,
1989,24, 0.314,294.37, 64.75, 13.56, 39.15,
1989,25, 0.319,294.36, 65.60, 12.00, 38.80,
1989,26, 0.323,294.32, 67.04, 11.16, 39.10,
1989,27, 0.321,293.74, 66.59, 13.52, 40.06,
1989,28, 0.318,293.23, 64.68, 15.92, 40.30,
1989,29, 0.319,293.10, 63.96, 16.36, 40.16,
1989,30, 0.319,292.83, 63.02, 16.67, 39.84,
1989,31, 0.319,292.52, 62.53, 17.74, 40.13,
1989,32, 0.319,292.23, 62.32, 19.68, 41.00,
1989,33, 0.318,291.87, 61.95, 21.96, 41.95,
1989,34, 0.319,291.75, 62.54, 23.27, 42.91,
1989,35, 0.321,291.73, 64.00, 24.43, 44.22,
1989,36, 0.321,291.85, 65.28, 24.15, 44.71,
1989,37, 0.318,291.78, 66.50, 23.23, 44.86,
1989,38, 0.316,291.83, 67.98, 20.77, 44.37,
1989,39, 0.313,291.95, 68.79, 20.46, 44.63,
1989,40, 0.308,291.91, 68.32, 21.90, 45.11,
1989,41, 0.301,291.99, 67.40, 22.46, 44.93,
1989,42, 0.295,292.32, 65.71, 20.42, 43.06,
1989,43, 0.290,292.73, 65.86, 19.21, 42.53,
1989,44, 0.285,293.11, 65.55, 19.81, 42.68,
1989,45, 0.282,293.53, 66.23, 19.87, 43.05,
1989,46, 0.279,293.75, 67.20, 18.88, 43.04,
1989,47, 0.276,293.95, 67.35, 18.23, 42.79,
1989,48, 0.272,294.19, 66.85, 16.27, 41.56,
1989,49, 0.264,294.21, 64.29, 16.31, 40.30,
1989,50, 0.253,294.07, 59.55, 23.11, 41.33,
1989,51, 0.242,293.88, 54.50, 25.77, 40.13,
1989,52, 0.228,293.52, 46.86, 28.62, 37.74,
1990, 1, 0.219,293.12, 42.37, 32.55, 37.46,
1990, 2, 0.210,292.61, 39.72, 36.33, 38.02,
1990, 3, 0.204,292.32, 38.60, 39.11, 38.86,
1990, 4, 0.202,292.48, 39.60, 39.11, 39.36,
1990, 5, 0.202,292.85, 41.40, 39.09, 40.25,
1990, 6, 0.201,293.29, 42.75, 38.67, 40.71,
1990, 7, 0.194,293.44, 40.95, 41.33, 41.14,
1990, 8, 0.189,293.79, 40.14, 43.18, 41.66,
1990, 9, 0.186,294.26, 40.04, 43.68, 41.86,
1990,10, 0.181,294.73, 38.86, 42.38, 40.62,
1990,11, 0.183,295.42, 39.05, 40.31, 39.68,
1990,12, 0.191,296.17, 41.83, 37.31, 39.57,
1990,13, 0.203,296.80, 45.95, 32.57, 39.26,
1990,14, 0.217,297.00, 50.42, 28.72, 39.57,
1990,15, 0.227,296.66, 51.73, 28.76, 40.25,
1990,16, 0.240,296.23, 52.60, 30.16, 41.38,
1990,17, 0.251,295.59, 52.14, 32.56, 42.35,
1990,18, 0.258,294.81, 50.35, 36.46, 43.41,
1990,19, 0.259,293.70, 47.29, 41.90, 44.60,
1990,20, 0.259,292.30, 43.70, 49.46, 46.58,
1990,21, 0.257,290.88, 40.72, 55.97, 48.34,
1990,22, 0.257,289.73, 39.06, 59.42, 49.24,
1990,23, 0.257,289.08, 37.81, 58.82, 48.32,
1990,24, 0.265,289.04, 40.33, 53.83, 47.08,
1990,25, 0.278,289.41, 45.41, 46.78, 46.09,
1990,26, 0.286,289.75, 49.63, 41.19, 45.41,
1990,27, 0.294,290.07, 53.54, 36.95, 45.24,
1990,28, 0.303,290.77, 57.73, 31.52, 44.62,
1990,29, 0.312,291.29, 60.94, 27.74, 44.34,
1990,30, 0.316,291.35, 61.58, 26.61, 44.10,
1990,31, 0.319,291.63, 62.45, 24.08, 43.26,
1990,32, 0.320,291.72, 63.17, 22.42, 42.80,
1990,33, 0.319,291.64, 62.80, 21.54, 42.17,
1990,34, 0.316,291.53, 61.58, 21.84, 41.71,
1990,35, 0.312,291.43, 59.83, 22.12, 40.97,
1990,36, 0.306,291.20, 58.41, 23.66, 41.04,
1990,37, 0.300,290.95, 58.13, 24.42, 41.28,
1990,38, 0.294,290.63, 57.62, 25.74, 41.68,
1990,39, 0.285,290.34, 56.32, 29.17, 42.75,
1990,40, 0.277,290.42, 54.60, 31.52, 43.06,
1990,41, 0.273,290.86, 55.33, 31.43, 43.38,
1990,42, 0.273,291.12, 56.91, 30.15, 43.53,
1990,43, 0.274,291.19, 59.88, 31.78, 45.83,
1990,44, 0.276,291.44, 63.20, 33.49, 48.35,
1990,45, 0.278,291.62, 66.73, 34.29, 50.51,
1990,46, 0.276,291.70, 68.47, 34.42, 51.45,
1990,47, 0.274,292.04, 68.82, 33.17, 51.00,
1990,48, 0.271,292.49, 69.04, 28.35, 48.69,
1990,49, 0.267,292.95, 68.55, 23.28, 45.91,
1990,50, 0.262,293.35, 66.84, 26.66, 46.75,
1990,51, 0.257,293.66, 64.42, 25.23, 44.83,
1990,52, 0.252,294.06, 61.20, 22.04, 41.62,
1991, 1, 0.242,294.12, 56.47, 23.11, 39.79,
1991, 2, 0.235,294.11, 53.43, 24.60, 39.02,
1991, 3, 0.231,294.26, 52.96, 25.71, 39.33,
1991, 4, 0.227,294.37, 52.54, 27.34, 39.94,
1991, 5, 0.226,294.75, 52.96, 28.02, 40.49,
1991, 6, 0.227,295.27, 54.97, 27.69, 41.33,
1991, 7, 0.228,295.61, 55.61, 28.92, 42.27,
1991, 8, 0.226,296.04, 54.72, 29.60, 42.16,
1991, 9, 0.223,296.10, 53.57, 31.70, 42.64,
1991,10, 0.218,296.08, 52.46, 32.28, 42.37,
1991,11, 0.216,296.13, 51.51, 32.79, 42.15,
1991,12, 0.215,296.30, 50.57, 32.81, 41.69,
1991,13, 0.217,296.59, 51.25, 31.20, 41.22,
1991,14, 0.221,296.50, 51.77, 31.99, 41.88,
1991,15, 0.228,296.26, 51.98, 32.54, 42.26,
1991,16, 0.239,296.09, 51.40, 32.61, 42.00,
1991,17, 0.249,295.76, 49.34, 34.22, 41.78,
1991,18, 0.259,295.46, 49.21, 33.83, 41.52,
1991,19, 0.269,294.94, 50.58, 31.66, 41.12,
1991,20, 0.275,294.20, 51.04, 32.13, 41.58,
1991,21, 0.278,293.34, 50.70, 32.84, 41.77,
1991,22, 0.279,292.52, 49.98, 34.68, 42.33,
1991,23, 0.280,291.71, 49.10, 37.35, 43.23,
1991,24, 0.280,291.22, 48.13, 37.34, 42.74,
1991,25, 0.282,291.21, 47.98, 34.55, 41.27,
1991,26, 0.280,291.00, 47.13, 33.89, 40.51,
1991,27, 0.278,290.91, 46.93, 33.01, 39.97,
1991,28, 0.277,291.05, 46.10, 31.44, 38.77,
1991,29, 0.274,290.90, 43.49, 31.96, 37.73,
1991,30, 0.272,290.93, 41.59, 30.20, 35.90,
1991,31, 0.272,290.90, 41.11, 28.51, 34.81,
1991,32, 0.271,290.58, 40.92, 28.03, 34.47,
1991,33, 0.271,290.22, 40.91, 26.98, 33.94,
1991,34, 0.268,289.40, 39.99, 27.88, 33.94,
1991,35, 0.267,288.61, 39.26, 28.70, 33.98,
1991,36, 0.263,287.36, 38.85, 30.47, 34.66,
1991,37, 0.260,286.72, 39.78, 29.52, 34.65,
1991,38, 0.254,286.49, 38.96, 28.86, 33.91,
1991,39, 0.243,286.13, 36.15, 31.68, 33.92,
1991,40, 0.237,286.48, 36.00, 32.21, 34.11,
1991,41, 0.232,287.09, 36.11, 31.98, 34.05,
1991,42, 0.229,287.70, 36.72, 32.01, 34.36,
1991,43, 0.225,288.67, 37.72, 31.14, 34.43,
1991,44, 0.222,289.91, 38.81, 29.33, 34.07,
1991,45, 0.217,291.14, 38.45, 27.49, 32.97,
1991,46, 0.207,291.93, 36.05, 26.35, 31.20,
1991,47, 0.197,292.41, 33.82, 27.73, 30.77,
1991,48, 0.189,292.57, 32.23, 28.25, 30.24,
1991,49, 0.185,292.47, 32.01, 27.58, 29.80,
1991,50, 0.187,292.77, 32.58, 32.73, 32.66,
1991,51, 0.188,292.88, 32.94, 32.61, 32.78,
1991,52, 0.190,292.80, 33.62, 32.96, 33.29,
1992, 1, 0.196,293.02, 36.37, 32.26, 34.31,
1992, 2, 0.200,293.19, 39.33, 31.64, 35.48,
1992, 3, 0.205,293.35, 42.72, 32.36, 37.54,
1992, 4, 0.207,293.39, 44.36, 34.29, 39.32,
1992, 5, 0.208,293.57, 45.42, 36.78, 41.10,
1992, 6, 0.206,293.70, 45.73, 39.61, 42.67,
1992, 7, 0.203,294.01, 45.35, 41.02, 43.18,
1992, 8, 0.198,294.32, 43.58, 41.97, 42.77,
1992, 9, 0.194,294.71, 42.34, 42.06, 42.20,
1992,10, 0.191,295.30, 41.12, 38.39, 39.75,
1992,11, 0.188,295.87, 39.17, 35.67, 37.42,
1992,12, 0.184,296.17, 36.26, 35.34, 35.80,
1992,13, 0.182,296.36, 34.48, 34.09, 34.29,
1992,14, 0.186,296.50, 34.48, 32.24, 33.36,
1992,15, 0.197,296.84, 35.98, 27.10, 31.54,
1992,16, 0.210,297.01, 36.52, 23.61, 30.06,
1992,17, 0.225,296.72, 36.81, 23.23, 30.02,
1992,18, 0.238,296.25, 37.95, 23.02, 30.48,
1992,19, 0.249,295.74, 39.52, 21.53, 30.53,
1992,20, 0.260,295.28, 42.19, 22.99, 32.59,
1992,21, 0.266,294.51, 43.42, 24.59, 34.00,
1992,22, 0.273,293.77, 45.27, 25.23, 35.25,
1992,23, 0.272,292.85, 44.11, 28.10, 36.11,
1992,24, 0.271,292.21, 42.74, 28.47, 35.61,
1992,25, 0.273,292.02, 43.57, 26.94, 35.25,
1992,26, 0.274,291.55, 44.26, 28.09, 36.18,
1992,27, 0.276,291.13, 45.12, 28.99, 37.06,
1992,28, 0.278,291.01, 45.74, 29.15, 37.44,
1992,29, 0.282,291.07, 46.88, 28.62, 37.75,
1992,30, 0.286,290.93, 48.18, 28.53, 38.35,
1992,31, 0.287,290.36, 48.20, 30.79, 39.50,
1992,32, 0.283,289.84, 46.84, 31.40, 39.12,
1992,33, 0.284,289.60, 46.90, 30.53, 38.71,
1992,34, 0.283,289.19, 46.38, 31.05, 38.71,
1992,35, 0.281,289.22, 45.71, 29.85, 37.78,
1992,36, 0.274,288.85, 43.81, 30.79, 37.30,
1992,37, 0.269,288.74, 43.64, 29.86, 36.75,
1992,38, 0.267,289.03, 45.31, 26.91, 36.11,
1992,39, 0.257,288.52, 43.52, 30.46, 36.99,
1992,40, 0.243,288.12, 40.00, 33.71, 36.85,
1992,41, 0.233,288.36, 37.90, 34.63, 36.26,
1992,42, 0.227,288.90, 37.43, 33.43, 35.43,
1992,43, 0.226,289.72, 39.75, 32.09, 35.92,
1992,44, 0.222,290.32, 40.52, 32.55, 36.53,
1992,45, 0.215,290.76, 39.53, 33.49, 36.51,
1992,46, 0.214,291.39, 40.98, 30.71, 35.85,
1992,47, 0.213,291.79, 41.69, 29.96, 35.83,
1992,48, 0.212,292.23, 42.96, 27.10, 35.03,
1992,49, 0.212,292.56, 44.00, 23.23, 33.62,
1992,50, 0.217,293.20, 46.17, 22.66, 34.41,
1992,51, 0.225,293.84, 49.50, 19.64, 34.57,
1992,52, 0.225,293.74, 49.41, 22.67, 36.04,
1993, 1, 0.219,293.48, 46.76, 27.49, 37.12,
1993, 2, 0.214,293.34, 45.94, 30.60, 38.27,
1993, 3, 0.214,293.24, 47.66, 34.15, 40.90,
1993, 4, 0.216,293.56, 50.80, 34.62, 42.71,
1993, 5, 0.214,293.89, 50.78, 36.16, 43.47,
1993, 6, 0.208,294.25, 49.55, 37.52, 43.53,
1993, 7, 0.203,294.89, 47.63, 36.13, 41.88,
1993, 8, 0.196,294.96, 44.36, 38.99, 41.68,
1993, 9, 0.190,294.81, 41.52, 43.43, 42.47,
1993,10, 0.188,295.27, 41.71, 40.98, 41.34,
1993,11, 0.193,296.06, 43.94, 37.14, 40.54,
1993,12, 0.198,296.70, 44.74, 34.30, 39.52,
1993,13, 0.200,296.52, 44.04, 35.66, 39.85,
1993,14, 0.206,296.42, 44.36, 34.17, 39.27,
1993,15, 0.219,296.83, 46.55, 27.29, 36.92,
1993,16, 0.235,296.54, 48.40, 26.69, 37.54,
1993,17, 0.255,296.26, 51.29, 25.04, 38.16,
1993,18, 0.268,295.70, 52.68, 26.05, 39.36,
1993,19, 0.277,295.02, 53.73, 24.65, 39.19,
1993,20, 0.283,294.37, 53.65, 26.60, 40.13,
1993,21, 0.286,293.10, 52.74, 31.32, 42.03,
1993,22, 0.290,292.42, 53.52, 31.19, 42.36,
1993,23, 0.293,292.18, 54.83, 28.20, 41.52,
1993,24, 0.292,291.55, 53.94, 29.02, 41.48,
1993,25, 0.287,290.85, 52.09, 31.96, 42.03,
1993,26, 0.283,290.16, 50.46, 35.08, 42.77,
1993,27, 0.281,289.87, 49.73, 35.90, 42.82,
1993,28, 0.282,289.96, 49.35, 34.99, 42.17,
1993,29, 0.280,289.56, 46.95, 37.21, 42.08,
1993,30, 0.281,289.45, 46.46, 36.91, 41.68,
1993,31, 0.283,289.06, 46.40, 38.38, 42.39,
1993,32, 0.285,288.85, 47.50, 38.42, 42.96,
1993,33, 0.286,288.73, 48.12, 38.71, 43.42,
1993,34, 0.283,288.63, 47.55, 39.04, 43.29,
1993,35, 0.280,288.75, 46.68, 38.33, 42.50,
1993,36, 0.273,288.20, 45.18, 38.41, 41.80,
1993,37, 0.267,287.81, 45.11, 36.64, 40.87,
1993,38, 0.262,287.47, 45.24, 34.86, 40.05,
1993,39, 0.255,287.37, 44.54, 34.54, 39.54,
1993,40, 0.249,287.58, 43.62, 34.32, 38.97,
1993,41, 0.243,288.22, 43.14, 32.59, 37.86,
1993,42, 0.241,289.13, 43.20, 29.97, 36.59,
1993,43, 0.245,290.32, 46.51, 26.71, 36.61,
1993,44, 0.244,290.87, 47.86, 26.26, 37.06,
1993,45, 0.244,291.28, 50.75, 24.71, 37.73,
1993,46, 0.238,291.27, 50.65, 24.78, 37.72,
1993,47, 0.227,291.12, 47.54, 26.96, 37.25,
1993,48, 0.214,290.74, 43.47, 31.18, 37.33,
1993,49, 0.203,290.55, 40.17, 32.16, 36.16,
1993,50, 0.200,291.21, 38.52, 34.46, 36.49,
1993,51, 0.199,291.82, 37.92, 33.25, 35.58,
1993,52, 0.198,292.18, 36.15, 33.60, 34.87,
1994, 1, 0.198,292.63, 36.33, 33.76, 35.04,
1994, 2, 0.198,292.80, 37.05, 34.96, 36.01,
1994, 3, 0.197,292.83, 37.94, 38.47, 38.20,
1994, 4, 0.194,292.74, 37.86, 42.38, 40.12,
1994, 5, 0.188,292.14, 36.66, 51.60, 44.13,
1994, 6, 0.185,292.20, 37.45, 55.77, 46.61,
1994, 7, 0.180,292.42, 36.46, 58.22, 47.34,
1994, 8, 0.172,292.35, 33.24, 62.73, 47.98,
1994, 9, 0.165,292.03, 30.63, 67.52, 49.08,
1994,10, 0.161,291.92, 29.60, 67.71, 48.65,
1994,11, 0.160,291.85, 28.68, 67.50, 48.09,
1994,12, 0.160,291.44, 27.19, 69.63, 48.41,
1994,13, 0.162,290.87, 26.39, 71.17, 48.78,
1994,14, 0.171,291.21, 28.27, 67.43, 47.85,
1994,15, 0.190,292.14, 32.36, 59.82, 46.09,
1994,16, 0.210,292.80, 36.09, 53.89, 44.99,
1994,17, 0.229,292.94, 39.09, 50.41, 44.75,
1994,18, 0.243,292.24, 40.71, 54.89, 47.80,
1994,19, 0.255,291.81, 42.96, 53.03, 48.00,
1994,20, 0.262,291.07, 43.37, 52.89, 48.13,
1994,21, 0.261,289.82, 41.21, 57.73, 49.47,
1994,22, 0.264,289.22, 41.11, 57.62, 49.36,
1994,23, 0.265,289.09, 41.29, 54.56, 47.93,
1994,24, 0.262,288.76, 39.61, 52.52, 46.07,
1994,25, 0.258,288.36, 37.91, 51.53, 44.72,
1994,26, 0.252,287.88, 35.86, 51.74, 43.80,
1994,27, 0.247,287.42, 33.57, 52.36, 42.96,
1994,28, 0.248,287.40, 33.60, 51.42, 42.51,
1994,29, 0.249,287.35, 33.19, 50.74, 41.96,
1994,30, 0.255,287.87, 34.62, 46.66, 40.64,
1994,31, 0.261,288.31, 36.70, 42.71, 39.70,
1994,32, 0.266,288.42, 39.47, 40.12, 39.80,
1994,33, 0.272,288.33, 42.47, 37.80, 40.14,
1994,34, 0.276,288.08, 45.02, 36.75, 40.89,
1994,35, 0.277,287.46, 46.30, 37.78, 42.04,
1994,36, 0.277,287.41, 48.22, 35.36, 41.79,
1994,37,-1.000, -1.00, -1.00, -1.00, -1.00,
1994,38,-1.000, -1.00, -1.00, -1.00, -1.00,
1994,39,-1.000, -1.00, -1.00, -1.00, -1.00,
1994,40,-1.000, -1.00, -1.00, -1.00, -1.00,
1994,41,-1.000, -1.00, -1.00, -1.00, -1.00,
1994,42,-1.000, -1.00, -1.00, -1.00, -1.00,
1994,43,-1.000, -1.00, -1.00, -1.00, -1.00,
1994,44,-1.000, -1.00, -1.00, -1.00, -1.00,
1994,45,-1.000, -1.00, -1.00, -1.00, -1.00,
1994,46,-1.000, -1.00, -1.00, -1.00, -1.00,
1994,47,-1.000, -1.00, -1.00, -1.00, -1.00,
1994,48,-1.000, -1.00, -1.00, -1.00, -1.00,
1994,49,-1.000, -1.00, -1.00, -1.00, -1.00,
1994,50,-1.000, -1.00, -1.00, -1.00, -1.00,
1994,51,-1.000, -1.00, -1.00, -1.00, -1.00,
1994,52,-1.000, -1.00, -1.00, -1.00, -1.00,
1995, 1,-1.000, -1.00, -1.00, -1.00, -1.00,
1995, 2,-1.000, -1.00, -1.00, -1.00, -1.00,
1995, 3,-1.000, -1.00, -1.00, -1.00, -1.00,
1995, 4,-1.000, -1.00, -1.00, -1.00, -1.00,
1995, 5,-1.000, -1.00, -1.00, -1.00, -1.00,
1995, 6,-1.000, -1.00, -1.00, -1.00, -1.00,
1995, 7, 0.207,293.24, 45.66, 47.56, 46.61,
1995, 8, 0.202,293.93, 44.11, 46.45, 45.28,
1995, 9, 0.196,294.42, 41.95, 45.17, 43.56,
1995,10, 0.191,294.69, 39.93, 43.26, 41.60,
1995,11, 0.187,294.95, 38.25, 42.66, 40.45,
1995,12, 0.185,295.12, 36.60, 42.61, 39.60,
1995,13, 0.189,295.58, 37.59, 39.56, 38.57,
1995,14, 0.198,296.11, 40.05, 35.17, 37.61,
1995,15, 0.206,296.20, 40.48, 33.44, 36.96,
1995,16, 0.218,296.16, 40.34, 33.94, 37.14,
1995,17, 0.233,296.18, 40.91, 32.77, 36.84,
1995,18, 0.248,295.86, 41.94, 32.31, 37.12,
1995,19, 0.259,295.10, 43.18, 32.28, 37.73,
1995,20, 0.267,293.97, 43.43, 37.45, 40.44,
1995,21, 0.277,293.57, 46.12, 35.94, 41.03,
1995,22, 0.286,293.56, 49.22, 29.74, 39.48,
1995,23, 0.288,293.01, 50.07, 28.55, 39.31,
1995,24, 0.288,292.30, 49.73, 28.80, 39.27,
1995,25, 0.289,291.91, 49.90, 28.21, 39.05,
1995,26, 0.294,292.07, 52.99, 24.78, 38.88,
1995,27, 0.297,292.09, 54.58, 23.07, 38.83,
1995,28, 0.293,291.38, 52.37, 27.70, 40.03,
1995,29, 0.293,291.01, 51.55, 29.93, 40.74,
1995,30, 0.295,290.96, 51.59, 28.86, 40.22,
1995,31, 0.288,289.87, 48.41, 34.85, 41.63,
1995,32, 0.277,288.31, 43.43, 43.40, 43.42,
1995,33, 0.266,286.48, 38.35, 53.07, 45.71,
1995,34, 0.259,285.03, 35.60, 58.01, 46.81,
1995,35, 0.251,284.05, 32.54, 59.69, 46.11,
1995,36, 0.243,282.92, 30.45, 60.49, 45.47,
1995,37, 0.238,282.35, 30.83, 58.14, 44.49,
1995,38, 0.239,282.60, 33.83, 52.93, 43.38,
1995,39, 0.240,283.06, 36.76, 50.72, 43.74,
1995,40, 0.240,283.55, 38.76, 48.91, 43.83,
1995,41, 0.235,283.52, 39.30, 48.85, 44.08,
1995,42, 0.233,284.09, 41.15, 45.81, 43.48,
1995,43, 0.228,284.64, 42.25, 43.79, 43.02,
1995,44, 0.214,284.29, 39.01, 49.01, 44.01,
1995,45, 0.203,284.34, 37.37, 51.64, 44.50,
1995,46, 0.196,284.63, 36.90, 51.89, 44.39,
1995,47, 0.189,285.13, 35.58, 52.22, 43.90,
1995,48, 0.182,285.97, 33.87, 49.35, 41.61,
1995,49, 0.176,286.69, 33.22, 46.15, 39.69,
1995,50, 0.174,287.66, 32.60, 49.73, 41.16,
1995,51, 0.180,289.19, 34.72, 45.36, 40.04,
1995,52, 0.186,290.55, 36.17, 41.61, 38.89,
1996, 1, 0.190,291.09, 36.33, 44.05, 40.19,
1996, 2, 0.189,291.38, 35.28, 46.68, 40.98,
1996, 3, 0.191,292.16, 36.72, 45.88, 41.30,
1996, 4, 0.194,292.65, 38.60, 46.16, 42.38,
1996, 5, 0.196,292.91, 39.82, 49.66, 44.74,
1996, 6, 0.200,293.35, 43.34, 51.36, 47.35,
1996, 7, 0.207,294.40, 47.19, 46.91, 47.05,
1996, 8, 0.209,295.26, 47.90, 42.69, 45.30,
1996, 9, 0.210,295.93, 48.21, 39.69, 43.95,
1996,10, 0.209,296.20, 47.92, 37.41, 42.67,
1996,11, 0.207,296.41, 47.05, 37.21, 42.13,
1996,12, 0.206,296.64, 45.97, 35.95, 40.96,
1996,13, 0.201,296.20, 42.36, 38.40, 40.38,
1996,14, 0.199,295.18, 39.47, 45.86, 42.67,
1996,15, 0.205,294.79, 38.98, 47.40, 43.19,
1996,16, 0.217,294.59, 38.56, 46.84, 42.70,
1996,17, 0.236,294.30, 41.27, 45.02, 43.14,
1996,18, 0.256,293.86, 46.26, 44.74, 45.50,
1996,19, 0.279,293.71, 53.96, 39.96, 46.96,
1996,20, 0.296,293.52, 59.06, 37.14, 48.10,
1996,21, 0.306,293.13, 61.44, 35.88, 48.66,
1996,22, 0.313,292.52, 62.79, 36.06, 49.42,
1996,23, 0.316,292.09, 63.78, 34.94, 49.36,
1996,24, 0.316,291.97, 63.52, 31.29, 47.41,
1996,25, 0.312,291.65, 61.72, 30.54, 46.13,
1996,26, 0.301,290.60, 57.07, 35.30, 46.19,
1996,27, 0.294,290.05, 54.20, 37.19, 45.69,
1996,28, 0.289,289.97, 51.03, 37.10, 44.07,
1996,29, 0.280,289.48, 45.71, 40.03, 42.87,
1996,30, 0.272,288.69, 40.71, 44.51, 42.61,
1996,31, 0.267,288.29, 38.17, 46.75, 42.46,
1996,32, 0.271,288.59, 39.89, 44.52, 42.21,
1996,33, 0.275,288.80, 41.91, 41.53, 41.72,
1996,34, 0.279,288.85, 44.11, 39.51, 41.81,
1996,35, 0.279,288.52, 45.14, 40.09, 42.61,
1996,36, 0.278,288.01, 46.64, 39.49, 43.07,
1996,37, 0.274,287.25, 47.42, 38.77, 43.10,
1996,38, 0.268,286.57, 47.34, 37.87, 42.61,
1996,39, 0.263,285.94, 47.62, 39.50, 43.56,
1996,40, 0.258,285.26, 47.91, 38.01, 42.96,
1996,41, 0.247,284.41, 45.45, 37.53, 41.49,
1996,42, 0.230,283.05, 40.78, 43.44, 42.11,
1996,43, 0.213,282.11, 36.40, 49.48, 42.94,
1996,44, 0.198,281.87, 32.72, 52.14, 42.43,
1996,45, 0.186,281.80, 29.93, 54.15, 42.04,
1996,46, 0.175,282.04, 26.94, 55.13, 41.04,
1996,47, 0.166,282.34, 25.00, 57.30, 41.15,
1996,48, 0.161,282.95, 24.54, 55.54, 40.04,
1996,49, 0.158,283.61, 24.79, 53.17, 38.98,
1996,50, 0.161,284.67, 25.09, 59.36, 42.22,
1996,51, 0.169,286.71, 27.88, 55.48, 41.68,
1996,52, 0.182,289.19, 32.83, 47.41, 40.12,
1997, 1, 0.191,290.61, 36.16, 45.50, 40.83,
1997, 2, 0.196,291.53, 38.55, 44.33, 41.44,
1997, 3, 0.197,291.87, 39.37, 47.36, 43.36,
1997, 4, 0.197,291.69, 39.66, 52.30, 45.98,
1997, 5, 0.195,291.18, 39.08, 60.93, 50.00,
1997, 6, 0.195,290.93, 40.29, 67.20, 53.74,
1997, 7, 0.196,291.08, 41.77, 69.87, 55.82,
1997, 8, 0.197,291.19, 42.61, 72.41, 57.51,
1997, 9, 0.203,291.75, 44.80, 69.96, 57.38,
1997,10, 0.210,292.29, 47.82, 63.57, 55.70,
1997,11, 0.216,292.76, 50.53, 59.89, 55.21,
1997,12, 0.221,293.11, 52.50, 58.56, 55.53,
1997,13, 0.227,293.49, 55.15, 56.18, 55.66,
1997,14, 0.237,294.00, 58.91, 53.20, 56.06,
1997,15, 0.253,294.70, 63.57, 46.03, 54.80,
1997,16, 0.268,295.32, 65.21, 38.43, 51.82,
1997,17, 0.281,295.45, 65.09, 34.50, 49.80,
1997,18, 0.290,295.17, 64.44, 34.37, 49.41,
1997,19, 0.296,294.80, 63.81, 30.63, 47.22,
1997,20, 0.300,294.40, 61.91, 29.72, 45.81,
1997,21, 0.302,293.74, 59.99, 31.66, 45.82,
1997,22, 0.305,293.25, 59.27, 31.69, 45.48,
1997,23, 0.304,292.54, 57.23, 32.65, 44.94,
1997,24, 0.298,291.48, 53.43, 35.59, 44.51,
1997,25, 0.290,290.35, 49.48, 39.84, 44.66,
1997,26, 0.275,288.61, 43.57, 47.41, 45.49,
1997,27, 0.259,286.63, 36.91, 57.31, 47.11,
1997,28, 0.246,285.39, 31.44, 64.12, 47.78,
1997,29, 0.242,285.26, 29.01, 63.85, 46.43,
1997,30, 0.248,285.99, 30.77, 59.09, 44.93,
1997,31, 0.257,286.52, 34.52, 55.32, 44.92,
1997,32, 0.262,286.65, 36.56, 52.61, 44.59,
1997,33, 0.267,287.00, 38.95, 47.49, 43.22,
1997,34, 0.271,286.90, 40.71, 45.95, 43.33,
1997,35, 0.272,286.64, 41.60, 46.25, 43.92,
1997,36, 0.270,286.23, 42.13, 46.96, 44.55,
1997,37, 0.266,285.87, 42.61, 46.00, 44.30,
1997,38, 0.264,285.89, 44.22, 43.93, 44.08,
1997,39, 0.264,286.38, 46.63, 42.58, 44.60,
1997,40, 0.265,286.63, 49.15, 41.13, 45.14,
1997,41, 0.267,287.29, 52.27, 37.90, 45.08,
1997,42, 0.267,288.02, 53.89, 34.00, 43.94,
1997,43, 0.265,288.91, 55.80, 31.20, 43.50,
1997,44, 0.264,290.00, 58.11, 28.30, 43.20,
1997,45, 0.263,291.17, 59.89, 25.26, 42.57,
1997,46, 0.263,292.30, 61.84, 21.30, 41.57,
1997,47, 0.264,293.23, 64.08, 17.73, 40.91,
1997,48, 0.267,293.97, 66.11, 13.79, 39.95,
1997,49, 0.267,294.46, 66.42, 11.64, 39.03,
1997,50, 0.268,294.57, 66.18, 15.82, 41.00,
1997,51, 0.271,294.79, 67.53, 15.21, 41.37,
1997,52, 0.281,295.44, 70.47, 10.99, 40.73,
1998, 1, 0.290,295.91, 74.60,  8.37, 41.48,
1998, 2, 0.290,295.89, 75.16,  9.93, 42.54,
1998, 3, 0.285,295.73, 74.02, 12.79, 43.40,
1998, 4, 0.278,295.72, 72.00, 15.33, 43.67,
1998, 5, 0.271,295.99, 70.23, 16.87, 43.55,
1998, 6, 0.265,296.46, 69.88, 17.73, 43.81,
1998, 7, 0.258,296.88, 69.00, 19.25, 44.12,
1998, 8, 0.252,297.53, 67.71, 18.73, 43.22,
1998, 9, 0.245,297.94, 65.78, 18.10, 41.94,
1998,10, 0.239,298.22, 64.43, 16.23, 40.33,
1998,11, 0.236,298.57, 63.67, 15.06, 39.37,
1998,12, 0.238,298.67, 63.85, 15.42, 39.63,
1998,13, 0.243,298.61, 64.91, 15.74, 40.32,
1998,14, 0.254,298.55, 67.60, 13.86, 40.73,
1998,15, 0.265,298.13, 68.67, 14.73, 41.70,
1998,16, 0.278,297.79, 68.47, 14.62, 41.54,
1998,17, 0.291,297.41, 68.00, 14.39, 41.20,
1998,18, 0.301,296.54, 66.82, 19.90, 43.36,
1998,19, 0.305,295.41, 64.96, 25.36, 45.16,
1998,20, 0.306,294.32, 61.97, 31.51, 46.74,
1998,21, 0.305,293.43, 59.16, 34.20, 46.68,
1998,22, 0.300,292.33, 56.05, 37.59, 46.82,
1998,23, 0.294,291.22, 53.22, 40.98, 47.10,
1998,24, 0.286,290.04, 49.33, 44.70, 47.02,
1998,25, 0.280,288.98, 46.70, 47.86, 47.28,
1998,26, 0.281,288.58, 47.93, 46.99, 47.46,
1998,27, 0.290,288.92, 52.67, 42.68, 47.67,
1998,28, 0.302,289.62, 57.91, 37.76, 47.83,
1998,29, 0.314,290.35, 62.41, 33.31, 47.86,
1998,30, 0.323,290.70, 65.53, 31.01, 48.27,
1998,31, 0.329,290.74, 67.61, 31.03, 49.32,
1998,32, 0.332,290.77, 69.26, 31.23, 50.24,
1998,33, 0.334,290.68, 70.61, 30.89, 50.75,
1998,34, 0.334,290.78, 71.28, 30.15, 50.71,
1998,35, 0.329,290.56, 69.87, 30.94, 50.41,
1998,36, 0.315,289.41, 65.74, 34.10, 49.92,
1998,37, 0.297,288.04, 60.27, 37.03, 48.65,
1998,38, 0.282,286.99, 55.87, 37.99, 46.93,
1998,39, 0.271,286.21, 52.99, 38.80, 45.89,
1998,40, 0.264,285.94, 51.68, 38.69, 45.19,
1998,41, 0.259,286.01, 51.54, 37.16, 44.35,
1998,42, 0.252,286.33, 50.85, 36.50, 43.67,
1998,43, 0.240,285.84, 48.73, 39.97, 44.35,
1998,44, 0.228,285.81, 45.99, 41.92, 43.96,
1998,45, 0.217,286.25, 42.98, 41.82, 42.40,
1998,46, 0.204,285.97, 38.73, 44.97, 41.85,
1998,47, 0.196,286.10, 36.62, 47.87, 42.25,
1998,48, 0.191,286.28, 36.07, 48.49, 42.28,
1998,49, 0.189,286.38, 36.35, 47.63, 41.99,
1998,50, 0.189,287.13, 35.80, 51.83, 43.81,
1998,51, 0.192,287.89, 37.11, 52.19, 44.65,
1998,52, 0.194,288.45, 37.79, 54.36, 46.08,
1999, 1, 0.199,289.10, 39.75, 56.64, 48.20,
1999, 2, 0.206,289.92, 43.43, 56.99, 50.21,
1999, 3, 0.214,290.93, 47.95, 55.83, 51.89,
1999, 4, 0.221,291.45, 52.02, 56.43, 54.23,
1999, 5, 0.230,292.55, 56.48, 53.28, 54.88,
1999, 6, 0.236,293.69, 60.51, 49.40, 54.96,
1999, 7, 0.235,294.05, 60.97, 51.54, 56.26,
1999, 8, 0.233,294.48, 60.12, 51.91, 56.02,
1999, 9, 0.233,295.04, 60.62, 50.33, 55.47,
1999,10, 0.229,295.02, 60.22, 50.72, 55.47,
1999,11, 0.225,294.80, 58.47, 53.15, 55.81,
1999,12, 0.223,294.41, 56.67, 56.67, 56.67,
1999,13, 0.226,293.71, 56.55, 60.02, 58.29,
1999,14, 0.237,293.08, 58.98, 60.92, 59.95,
1999,15, 0.248,292.08, 60.10, 63.35, 61.73,
1999,16, 0.257,290.73, 58.03, 68.41, 63.22,
1999,17, 0.266,289.84, 56.67, 71.59, 64.13,
1999,18, 0.277,289.39, 56.98, 74.12, 65.55,
1999,19, 0.281,288.59, 55.43, 75.46, 65.44,
1999,20, 0.281,288.11, 52.79, 74.02, 63.41,
1999,21, 0.284,287.79, 51.44, 73.01, 62.22,
1999,22, 0.289,288.05, 52.59, 67.34, 59.97,
1999,23, 0.291,288.06, 52.78, 63.27, 58.03,
1999,24, 0.289,288.06, 51.41, 58.70, 55.06,
1999,25, 0.290,288.60, 51.68, 51.25, 51.46,
1999,26, 0.293,288.81, 53.28, 46.23, 49.76,
1999,27, 0.291,288.68, 52.98, 44.54, 48.76,
1999,28, 0.283,288.02, 48.70, 47.98, 48.34,
1999,29, 0.277,287.36, 45.22, 51.88, 48.55,
1999,30, 0.279,287.47, 45.37, 50.55, 47.96,
1999,31, 0.284,287.72, 47.22, 48.64, 47.93,
1999,32, 0.288,287.57, 49.30, 48.21, 48.76,
1999,33, 0.294,287.78, 52.75, 44.58, 48.67,
1999,34, 0.299,287.77, 55.32, 43.82, 49.57,
1999,35, 0.298,287.46, 55.37, 45.18, 50.28,
1999,36, 0.291,286.69, 54.18, 47.29, 50.74,
1999,37, 0.285,286.33, 54.14, 45.52, 49.83,
1999,38, 0.283,286.82, 55.69, 39.07, 47.38,
1999,39, 0.275,286.73, 54.18, 38.22, 46.20,
1999,40, 0.261,285.93, 49.55, 41.52, 45.54,
1999,41, 0.242,284.47, 42.56, 51.46, 47.01,
1999,42, 0.221,283.14, 34.75, 59.17, 46.96,
1999,43, 0.202,282.42, 28.63, 62.61, 45.62,
1999,44, 0.191,282.64, 25.39, 62.86, 44.13,
1999,45, 0.185,283.32, 25.24, 60.46, 42.85,
1999,46, 0.182,283.98, 26.88, 56.44, 41.66,
1999,47, 0.175,284.25, 26.67, 57.12, 41.89,
1999,48, 0.170,284.34, 27.25, 56.88, 42.06,
1999,49, 0.164,284.12, 27.07, 58.57, 42.82,
1999,50, 0.164,284.75, 26.48, 67.35, 46.92,
1999,51, 0.170,286.36, 28.60, 62.49, 45.55,
1999,52, 0.179,288.10, 31.69, 57.11, 44.40,
2000, 1, 0.191,289.62, 36.89, 51.17, 44.03,
2000, 2, 0.198,290.55, 39.75, 50.00, 44.87,
2000, 3, 0.198,290.80, 40.43, 54.33, 47.38,
2000, 4, 0.199,290.94, 41.14, 57.48, 49.31,
2000, 5, 0.201,291.07, 42.63, 61.58, 52.10,
2000, 6, 0.202,291.10, 43.75, 66.23, 54.99,
2000, 7, 0.200,291.20, 42.71, 69.75, 56.23,
2000, 8, 0.195,291.23, 41.03, 72.98, 57.01,
2000, 9, 0.190,291.29, 39.31, 75.05, 57.18,
2000,10, 0.182,291.34, 36.56, 74.95, 55.76,
2000,11, 0.181,291.67, 35.92, 74.25, 55.08,
2000,12, 0.186,292.18, 37.89, 72.57, 55.23,
2000,13, 0.197,292.33, 41.64, 70.51, 56.07,
2000,14, 0.213,292.67, 47.53, 65.68, 56.61,
2000,15, 0.230,292.74, 51.87, 60.60, 56.23,
2000,16, 0.247,292.64, 54.35, 57.08, 55.72,
2000,17, 0.263,292.17, 56.16, 57.53, 56.84,
2000,18, 0.275,291.52, 57.38, 60.84, 59.11,
2000,19, 0.290,291.61, 61.39, 53.54, 57.46,
2000,20, 0.302,291.63, 63.54, 49.32, 56.43,
2000,21, 0.305,291.06, 62.50, 50.73, 56.62,
2000,22, 0.306,290.54, 60.41, 50.99, 55.70,
2000,23, 0.303,290.39, 58.33, 47.27, 52.80,
2000,24, 0.299,290.35, 55.58, 43.12, 49.35,
2000,25, 0.292,290.18, 52.57, 41.24, 46.91,
2000,26, 0.281,289.76, 48.59, 41.90, 45.24,
2000,27, 0.273,289.63, 45.97, 41.18, 43.58,
2000,28, 0.268,289.62, 43.64, 40.39, 42.01,
2000,29, 0.268,289.78, 42.63, 37.68, 40.15,
2000,30, 0.270,289.60, 42.22, 36.03, 39.13,
2000,31, 0.269,288.84, 40.72, 37.62, 39.17,
2000,32, 0.268,287.94, 40.80, 38.30, 39.55,
2000,33, 0.262,286.42, 38.21, 42.23, 40.22,
2000,34, 0.251,284.71, 34.50, 48.42, 41.46,
2000,35, 0.238,283.58, 29.73, 53.44, 41.58,
2000,36, 0.232,283.07, 28.38, 52.09, 40.24,
2000,37, 0.227,282.54, 28.73, 50.64, 39.68,
2000,38, 0.222,281.92, 29.03, 49.38, 39.20,
2000,39, 0.213,281.01, 28.20, 50.87, 39.53,
2000,40, 0.204,279.81, 27.29, 56.29, 41.79,
2000,41, 0.200,279.73, 28.82, 56.71, 42.77,
2000,42, 0.199,280.66, 30.85, 53.89, 42.37,
2000,43, 0.196,282.22, 32.36, 50.21, 41.28,
2000,44, 0.190,283.88, 31.76, 47.26, 39.51,
2000,45, 0.183,285.12, 30.77, 46.06, 38.41,
2000,46, 0.172,285.75, 27.48, 46.36, 36.92,
2000,47, 0.155,285.81, 21.34, 50.19, 35.77,
2000,48, 0.137,285.87, 15.86, 51.90, 33.88,
2000,49, 0.132,286.80, 15.02, 46.70, 30.86,
2000,50, 0.137,288.02, 15.48, 49.54, 32.51,
2000,51, 0.143,289.07, 16.93, 48.30, 32.62,
2000,52, 0.157,290.05, 21.51, 45.39, 33.45,
2001, 1, 0.174,290.62, 27.95, 46.53, 37.24,
2001, 2, 0.190,291.22, 35.03, 47.20, 41.11,
2001, 3, 0.201,291.40, 39.80, 51.29, 45.54,
2001, 4, 0.209,291.52, 43.82, 54.14, 48.98,
2001, 5, 0.216,292.23, 47.96, 53.17, 50.57,
2001, 6, 0.221,292.58, 51.87, 55.39, 53.63,
2001, 7, 0.222,293.00, 53.90, 56.63, 55.26,
2001, 8, 0.223,293.54, 54.76, 56.61, 55.69,
2001, 9, 0.223,293.79, 55.64, 58.44, 57.04,
2001,10, 0.224,293.86, 57.29, 58.07, 57.68,
2001,11, 0.227,293.76, 58.80, 59.05, 58.93,
2001,12, 0.233,293.92, 61.60, 58.54, 60.07,
2001,13, 0.243,294.27, 64.61, 53.86, 59.23,
2001,14, 0.253,294.65, 67.29, 47.54, 57.41,
2001,15, 0.262,294.74, 67.85, 42.82, 55.33,
2001,16, 0.272,294.43, 66.44, 43.60, 55.02,
2001,17, 0.285,294.14, 66.33, 44.88, 55.60,
2001,18, 0.295,293.56, 65.64, 47.52, 56.58,
2001,19, 0.299,292.36, 63.75, 53.02, 58.38,
2001,20, 0.304,291.63, 62.41, 54.60, 58.51,
2001,21, 0.309,291.41, 62.01, 51.92, 56.97,
2001,22, 0.310,291.07, 60.96, 49.74, 55.35,
2001,23, 0.302,289.98, 56.67, 52.30, 54.48,
2001,24, 0.294,289.00, 52.93, 53.93, 53.43,
2001,25, 0.286,288.23, 49.85, 54.74, 52.29,
2001,26, 0.279,287.84, 47.47, 54.01, 50.74,
2001,27, 0.279,288.13, 47.37, 50.51, 48.94,
2001,28, 0.283,288.73, 48.39, 46.01, 47.20,
2001,29, 0.289,289.15, 50.11, 41.82, 45.97,
2001,30, 0.298,289.93, 53.54, 34.75, 44.14,
2001,31, 0.298,289.76, 53.53, 33.76, 43.65,
2001,32, 0.291,288.71, 50.39, 37.47, 43.93,
2001,33, 0.285,287.77, 47.30, 39.36, 43.33,
2001,34, 0.280,287.39, 45.31, 38.86, 42.08,
2001,35, 0.276,286.88, 43.28, 39.17, 41.23,
2001,36, 0.267,285.66, 40.66, 43.00, 41.83,
2001,37, 0.262,284.81, 41.11, 42.08, 41.60,
2001,38, 0.258,284.01, 41.60, 39.31, 40.45,
2001,39, 0.248,282.84, 39.79, 43.24, 41.52,
2001,40, 0.238,281.77, 37.13, 48.04, 42.58,
2001,41, 0.227,280.80, 34.63, 54.52, 44.58,
2001,42, 0.221,280.65, 34.34, 56.00, 45.17,
2001,43, 0.221,281.02, 37.28, 55.14, 46.21,
2001,44, 0.224,281.83, 41.62, 53.62, 47.62,
2001,45, 0.231,283.11, 48.65, 49.59, 49.12,
2001,46, 0.237,284.83, 54.45, 43.55, 49.00,
2001,47, 0.239,286.67, 56.60, 39.80, 48.20,
2001,48, 0.236,288.10, 56.48, 36.35, 46.42,
2001,49, 0.231,288.77, 55.19, 38.35, 46.77,
2001,50, 0.231,289.68, 54.87, 45.70, 50.28,
2001,51, 0.233,290.86, 56.17, 39.65, 47.91,
2001,52, 0.237,291.71, 57.36, 35.69, 46.52,
2002, 1, 0.241,292.30, 58.87, 35.35, 47.11,
2002, 2, 0.241,292.61, 58.34, 35.78, 47.06,
2002, 3, 0.235,292.67, 55.74, 37.97, 46.85,
2002, 4, 0.226,292.26, 51.40, 43.50, 47.45,
2002, 5, 0.223,292.30, 50.29, 46.56, 48.43,
2002, 6, 0.223,292.79, 51.52, 46.35, 48.94,
2002, 7, 0.222,293.58, 52.49, 44.72, 48.60,
2002, 8, 0.221,294.22, 52.48, 44.28, 48.38,
2002, 9, 0.221,294.86, 52.98, 42.86, 47.92,
2002,10, 0.221,295.33, 54.27, 39.51, 46.89,
2002,11, 0.222,295.77, 55.31, 37.27, 46.29,
2002,12, 0.227,296.35, 57.14, 34.39, 45.77,
2002,13, 0.233,296.58, 58.98, 31.78, 45.38,
2002,14, 0.241,296.54, 60.80, 30.57, 45.68,
2002,15, 0.249,296.41, 60.96, 28.76, 44.86,
2002,16, 0.257,296.07, 58.84, 30.35, 44.59,
2002,17, 0.264,295.36, 54.93, 35.10, 45.02,
2002,18, 0.270,294.63, 52.54, 39.07, 45.80,
2002,19, 0.274,293.75, 50.35, 41.68, 46.01,
2002,20, 0.275,292.76, 47.50, 45.35, 46.43,
2002,21, 0.273,291.41, 43.97, 51.45, 47.71,
2002,22, 0.273,290.31, 42.51, 54.74, 48.62,
2002,23, 0.272,289.43, 41.61, 55.48, 48.55,
2002,24, 0.272,288.73, 41.43, 55.21, 48.32,
2002,25, 0.270,288.00, 41.45, 55.78, 48.62,
2002,26, 0.269,287.08, 42.17, 58.68, 50.42,
2002,27, 0.271,286.85, 43.83, 58.07, 50.95,
2002,28, 0.277,287.67, 46.37, 51.23, 48.80,
2002,29, 0.277,287.08, 45.27, 54.57, 49.92,
2002,30, 0.276,286.46, 43.96, 57.71, 50.83,
2002,31, 0.275,285.80, 43.03, 60.28, 51.65,
2002,32, 0.277,285.53, 44.27, 59.02, 51.64,
2002,33, 0.280,285.26, 45.54, 56.18, 50.86,
2002,34, 0.279,284.77, 45.61, 53.73, 49.67,
2002,35, 0.278,284.40, 45.57, 52.99, 49.28,
2002,36, 0.275,284.19, 45.86, 51.30, 48.58,
2002,37, 0.274,284.07, 48.12, 47.40, 47.76,
2002,38, 0.274,284.16, 50.52, 43.44, 46.98,
2002,39, 0.273,283.94, 52.41, 43.21, 47.81,
2002,40, 0.275,284.83, 55.19, 39.72, 47.46,
2002,41, 0.275,285.76, 57.43, 37.60, 47.52,
2002,42, 0.274,285.95, 58.53, 35.87, 47.20,
2002,43, 0.269,286.13, 59.51, 35.39, 47.45,
2002,44, 0.261,286.19, 58.72, 38.50, 48.61,
2002,45, 0.250,286.35, 55.95, 43.92, 49.94,
2002,46, 0.241,286.95, 53.94, 44.24, 49.09,
2002,47, 0.235,288.17, 52.53, 39.54, 46.04,
2002,48, 0.229,288.94, 51.19, 38.51, 44.85,
2002,49, 0.226,289.59, 51.01, 37.06, 44.03,
2002,50, 0.227,290.07, 51.68, 44.45, 48.06,
2002,51, 0.234,290.55, 55.23, 43.29, 49.26,
2002,52, 0.243,291.27, 58.71, 39.53, 49.12,
2003, 1, 0.251,292.10, 61.43, 36.97, 49.20,
2003, 2, 0.261,292.87, 66.21, 33.53, 49.87,
2003, 3, 0.271,293.85, 71.93, 29.36, 50.64,
2003, 4, 0.275,294.51, 74.74, 28.08, 51.41,
2003, 5, 0.274,294.86, 75.11, 30.55, 52.83,
2003, 6, 0.271,294.95, 75.43, 35.79, 55.61,
2003, 7, 0.271,295.65, 76.58, 35.83, 56.21,
2003, 8, 0.270,296.55, 76.38, 33.65, 55.02,
2003, 9, 0.267,296.78, 75.07, 34.89, 54.98,
2003,10, 0.265,296.99, 74.49, 32.99, 53.74,
2003,11, 0.265,297.03, 73.80, 33.61, 53.71,
2003,12, 0.264,297.03, 73.09, 34.02, 53.55,
2003,13, 0.264,296.94, 72.54, 32.89, 52.71,
2003,14, 0.265,296.71, 71.58, 31.39, 51.48,
2003,15, 0.270,296.46, 70.21, 28.92, 49.57,
2003,16, 0.274,296.12, 66.48, 27.14, 46.81,
2003,17, 0.276,295.29, 61.01, 28.95, 44.98,
2003,18, 0.272,293.43, 53.69, 40.43, 47.06,
2003,19, 0.271,292.00, 50.02, 44.84, 47.43,
2003,20, 0.272,291.31, 48.22, 46.07, 47.14,
2003,21, 0.274,291.13, 47.04, 44.93, 45.98,
2003,22, 0.278,291.13, 47.56, 42.81, 45.18,
2003,23, 0.284,291.32, 49.56, 38.61, 44.09,
2003,24, 0.295,291.87, 53.93, 31.44, 42.69,
2003,25, 0.304,292.43, 58.38, 25.47, 41.92,
2003,26, 0.307,292.31, 60.22, 24.57, 42.40,
2003,27, 0.309,291.96, 61.88, 25.33, 43.61,
2003,28, 0.312,291.88, 62.99, 25.28, 44.14,
2003,29, 0.314,291.96, 62.97, 23.91, 43.44,
2003,30, 0.309,291.40, 59.54, 26.38, 42.96,
2003,31, 0.301,290.41, 55.28, 32.64, 43.96,
2003,32, 0.295,289.39, 52.25, 39.61, 45.93,
2003,33, 0.290,288.77, 50.01, 42.85, 46.43,
2003,34, 0.283,288.11, 46.85, 46.38, 46.61,
2003,35, 0.276,287.33, 43.82, 50.03, 46.93,
2003,36, 0.269,286.84, 42.43, 49.37, 45.90,
2003,37, 0.266,286.93, 43.48, 42.58, 43.03,
2003,38, 0.262,286.46, 43.61, 38.46, 41.04,
2003,39, 0.255,285.51, 42.62, 40.31, 41.46,
2003,40, 0.248,284.98, 41.72, 41.14, 41.43,
2003,41, 0.245,285.56, 42.22, 36.34, 39.28,
2003,42, 0.240,286.32, 41.69, 33.98, 37.83,
2003,43, 0.237,287.20, 42.71, 32.24, 37.48,
2003,44, 0.237,288.23, 45.32, 30.29, 37.80,
2003,45, 0.236,289.29, 47.36, 28.45, 37.90,
2003,46, 0.235,290.15, 49.19, 26.26, 37.72,
2003,47, 0.235,290.78, 50.91, 26.72, 38.81,
2003,48, 0.234,290.92, 52.04, 27.83, 39.93,
2003,49, 0.234,291.24, 52.98, 26.62, 39.80,
2003,50, 0.235,291.84, 53.27, 28.82, 41.04,
2003,51, 0.239,292.32, 54.81, 27.95, 41.38,
2003,52, 0.243,292.81, 56.14, 27.09, 41.61,
2004, 1, 0.248,293.59, 58.12, 25.34, 41.73,
2004, 2,-1.000, -1.00, -1.00, -1.00, -1.00,
2004, 3,-1.000, -1.00, -1.00, -1.00, -1.00,
2004, 4,-1.000, -1.00, -1.00, -1.00, -1.00,
2004, 5, 0.243,295.12, 61.39, 30.82, 46.11,
2004, 6, 0.238,295.44, 60.29, 33.69, 46.99,
2004, 7, 0.234,295.95, 59.92, 35.00, 47.46,
2004, 8, 0.232,296.58, 59.51, 35.20, 47.36,
2004, 9, 0.232,297.29, 59.53, 33.89, 46.71,
2004,10, 0.231,297.30, 59.86, 33.46, 46.66,
2004,11,-1.000, -1.00, -1.00, -1.00, -1.00,
2004,12,-1.000, -1.00, -1.00, -1.00, -1.00,
2004,13,-1.000, -1.00, -1.00, -1.00, -1.00,
2004,14,-1.000, -1.00, -1.00, -1.00, -1.00,
2004,15,-1.000, -1.00, -1.00, -1.00, -1.00,
2004,16,-1.000, -1.00, -1.00, -1.00, -1.00,
2004,17,-1.000, -1.00, -1.00, -1.00, -1.00,
2004,18,-1.000, -1.00, -1.00, -1.00, -1.00,
2004,19,-1.000, -1.00, -1.00, -1.00, -1.00,
2004,20,-1.000, -1.00, -1.00, -1.00, -1.00,
2004,21,-1.000, -1.00, -1.00, -1.00, -1.00,
2004,22,-1.000, -1.00, -1.00, -1.00, -1.00,
2004,23,-1.000, -1.00, -1.00, -1.00, -1.00,
2004,24,-1.000, -1.00, -1.00, -1.00, -1.00,
2004,25, 0.301,290.34, 56.46, 38.07, 47.27,
2004,26, 0.295,289.99, 54.25, 37.84, 46.04,
2004,27, 0.288,289.15, 51.29, 41.26, 46.28,
2004,28, 0.284,288.30, 48.66, 44.98, 46.82,
2004,29,-1.000, -1.00, -1.00, -1.00, -1.00,
2004,30, 0.287,287.73, 48.32, 46.28, 47.30,
2004,31, 0.293,288.18, 51.19, 43.08, 47.13,
2004,32, 0.298,288.53, 53.72, 39.85, 46.79,
2004,33, 0.299,288.41, 53.75, 39.23, 46.49,
2004,34, 0.293,287.86, 51.32, 43.31, 47.31,
2004,35, 0.285,287.61, 47.76, 46.65, 47.20,
2004,36, 0.279,287.68, 46.67, 42.90, 44.79,
2004,37, 0.272,287.53, 46.00, 40.18, 43.09,
2004,38, 0.266,287.56, 45.55, 35.89, 40.72,
2004,39, 0.261,288.14, 45.28, 32.37, 38.82,
2004,40, 0.256,289.07, 45.12, 29.16, 37.14,
2004,41, 0.245,289.55, 42.55, 29.81, 36.18,
2004,42, 0.235,290.26, 40.20, 27.11, 33.66,
2004,43, 0.233,291.23, 41.73, 22.06, 31.89,
2004,44, 0.232,291.85, 43.66, 21.19, 32.43,
2004,45, 0.235,292.35, 47.11, 19.74, 33.42,
2004,46, 0.235,292.40, 49.92, 19.87, 34.89,
2004,47, 0.237,292.60, 52.31, 21.44, 36.88,
2004,48, 0.240,293.15, 54.80, 18.87, 36.84,
2004,49, 0.246,293.60, 58.33, 15.18, 36.76,
2004,50, 0.251,293.65, 60.01, 19.11, 39.56,
2004,51, 0.255,293.55, 61.04, 23.00, 42.02,
2004,52, 0.256,293.56, 60.11, 25.40, 42.75,
2005, 1, 0.256,293.63, 59.88, 27.09, 43.49,
2005, 2, 0.250,293.39, 57.54, 30.27, 43.91,
2005, 3, 0.244,293.73, 55.77, 29.84, 42.81,
2005, 4, 0.239,294.36, 54.84, 27.45, 41.15,
2005, 5, 0.231,294.53, 52.31, 29.45, 40.88,
2005, 6, 0.223,294.73, 50.22, 32.19, 41.20,
2005, 7, 0.213,294.95, 47.64, 34.69, 41.17,
2005, 8, 0.202,294.89, 44.43, 37.90, 41.16,
2005, 9, 0.193,294.89, 41.01, 39.92, 40.46,
2005,10, 0.188,294.92, 40.23, 40.53, 40.38,
2005,11, 0.187,295.39, 40.37, 39.88, 40.12,
2005,12, 0.192,295.83, 41.70, 39.24, 40.47,
2005,13, 0.201,296.10, 44.09, 37.57, 40.83,
2005,14, 0.217,296.42, 48.96, 33.28, 41.12,
2005,15, 0.234,296.42, 53.12, 30.05, 41.58,
2005,16, 0.253,296.48, 55.93, 25.49, 40.71,
2005,17, 0.271,295.97, 57.59, 26.18, 41.89,
2005,18, 0.284,294.80, 58.55, 32.56, 45.55,
2005,19, 0.292,293.56, 58.60, 33.84, 46.22,
2005,20, 0.294,292.30, 56.91, 39.71, 48.31,
2005,21, 0.289,290.90, 53.13, 46.36, 49.75,
2005,22, 0.282,289.79, 49.03, 51.07, 50.05,
2005,23, 0.277,288.95, 46.86, 52.86, 49.86,
2005,24, 0.276,288.94, 46.97, 49.33, 48.15,
2005,25, 0.277,289.21, 47.89, 45.13, 46.51,
2005,26, 0.279,289.58, 49.64, 40.99, 45.32,
2005,27, 0.283,290.24, 51.97, 35.23, 43.60,
2005,28, 0.284,290.38, 51.76, 33.70, 42.73,
2005,29, 0.282,289.33, 49.57, 39.67, 44.62,
2005,30, 0.281,289.57, 48.10, 36.45, 42.27,
2005,31, 0.278,289.02, 46.36, 38.45, 42.40,
2005,32, 0.276,288.59, 45.24, 40.37, 42.81,
2005,33, 0.273,288.26, 43.89, 41.20, 42.54,
2005,34, 0.273,288.14, 43.45, 41.07, 42.26,
2005,35, 0.273,288.15, 43.46, 39.71, 41.59,
2005,36, 0.271,288.06, 44.43, 36.24, 40.34,
2005,37, 0.270,288.06, 46.05, 32.91, 39.48,
2005,38, 0.266,288.15, 46.47, 29.21, 37.84,
2005,39, 0.259,288.14, 45.31, 27.10, 36.21,
2005,40, 0.249,288.11, 42.93, 27.88, 35.40,
2005,41, 0.232,287.55, 37.70, 30.59, 34.15,
2005,42, 0.214,286.96, 31.70, 34.26, 32.98,
2005,43, 0.203,286.48, 29.16, 39.26, 34.21,
2005,44, 0.199,286.29, 29.27, 42.91, 36.09,
2005,45, 0.195,286.58, 29.99, 44.79, 37.39,
2005,46, 0.189,286.70, 30.06, 45.46, 37.76,
2005,47, 0.181,286.32, 29.74, 49.05, 39.40,
2005,48, 0.173,285.50, 28.87, 51.69, 40.28,
2005,49, 0.170,284.92, 29.96, 51.66, 40.81,
2005,50, 0.172,285.08, 30.73, 60.74, 45.74,
2005,51, 0.180,286.26, 34.11, 59.78, 46.94,
2005,52, 0.193,287.91, 38.97, 55.46, 47.21,
2006, 1, 0.211,289.79, 45.84, 51.67, 48.75,
2006, 2, 0.222,291.10, 50.60, 47.43, 49.02,
2006, 3, 0.230,292.22, 54.58, 44.60, 49.59,
2006, 4, 0.232,292.60, 56.45, 45.46, 50.96,
2006, 5, 0.233,292.77, 57.58, 48.98, 53.28,
2006, 6, 0.226,293.05, 55.89, 50.72, 53.30,
2006, 7, 0.219,293.31, 53.80, 52.66, 53.23,
2006, 8, 0.214,293.60, 51.91, 54.01, 52.96,
2006, 9, 0.212,294.07, 50.98, 52.92, 51.95,
2006,10, 0.209,294.28, 50.11, 51.33, 50.72,
2006,11, 0.211,294.55, 50.88, 50.65, 50.76,
2006,12, 0.216,294.80, 52.61, 49.72, 51.16,
2006,13, 0.225,294.91, 55.74, 47.64, 51.69,
2006,14, 0.239,295.14, 60.35, 42.96, 51.66,
2006,15, 0.255,295.48, 64.42, 35.38, 49.90,
2006,16, 0.271,295.57, 66.14, 30.65, 48.40,
2006,17, 0.283,295.40, 65.37, 29.11, 47.24,
2006,18, 0.291,294.86, 63.67, 30.31, 46.99,
2006,19, 0.293,294.05, 60.68, 32.61, 46.64,
2006,20, 0.294,293.36, 57.64, 36.61, 47.13,
2006,21, 0.295,292.88, 55.73, 37.23, 46.48,
2006,22, 0.294,292.33, 53.53, 37.19, 45.36,
2006,23, 0.290,291.69, 51.17, 37.28, 44.22,
2006,24, 0.285,290.82, 48.79, 38.91, 43.85,
2006,25, 0.281,290.33, 48.07, 39.06, 43.57,
2006,26, 0.278,290.04, 48.21, 38.73, 43.47,
2006,27, 0.277,289.83, 48.14, 38.53, 43.34,
2006,28, 0.279,289.97, 48.74, 36.56, 42.65,
2006,29, 0.282,290.05, 49.28, 35.06, 42.17,
2006,30, 0.285,290.11, 48.84, 32.99, 40.91,
2006,31, 0.284,289.98, 47.76, 31.52, 39.64,
2006,32, 0.281,289.63, 46.42, 31.27, 38.84,
2006,33, 0.280,289.50, 45.93, 29.94, 37.94,
2006,34, 0.283,289.75, 47.05, 26.75, 36.90,
2006,35, 0.285,289.96, 48.10, 23.43, 35.76,
2006,36, 0.282,289.81, 47.71, 21.27, 34.49,
2006,37, 0.273,288.96, 45.68, 22.44, 34.06,
2006,38, 0.261,288.33, 42.60, 22.18, 32.39,
2006,39, 0.250,288.35, 39.64, 20.87, 30.25,
2006,40, 0.242,288.72, 38.31, 19.63, 28.97,
2006,41, 0.243,289.72, 40.59, 15.53, 28.06,
2006,42, 0.244,290.89, 42.61, 11.61, 27.11,
2006,43, 0.246,292.04, 46.00,  8.85, 27.43,
2006,44, 0.249,293.05, 49.84,  7.11, 28.48,
2006,45, 0.251,293.74, 53.35,  5.98, 29.67,
2006,46, 0.248,293.91, 54.67,  7.20, 30.94,
2006,47, 0.247,294.21, 55.94,  8.33, 32.14,
2006,48, 0.247,294.54, 57.64,  7.88, 32.76,
2006,49, 0.248,294.49, 59.46,  8.81, 34.13,
2006,50, 0.249,294.28, 60.48, 11.78, 36.13,
2006,51, 0.248,294.03, 60.40, 15.24, 37.82,
2006,52, 0.250,294.10, 60.99, 17.48, 39.23,
2007, 1, 0.254,294.27, 63.25, 19.42, 41.33,
2007, 2, 0.260,294.61, 66.36, 19.97, 43.17,
2007, 3, 0.261,294.92, 67.94, 21.00, 44.47,
2007, 4, 0.263,295.40, 69.23, 20.74, 44.98,
2007, 5, 0.263,295.90, 69.98, 21.98, 45.98,
2007, 6, 0.258,296.29, 69.46, 24.29, 46.87,
2007, 7, 0.243,296.34, 63.83, 28.72, 46.28,
2007, 8, 0.227,296.10, 56.68, 34.35, 45.51,
2007, 9, 0.214,296.05, 51.19, 36.88, 44.03,
2007,10, 0.204,295.98, 47.76, 37.49, 42.63,
2007,11, 0.201,295.96, 46.43, 38.94, 42.68,
2007,12, 0.202,295.85, 46.30, 41.03, 43.67,
2007,13, 0.207,295.70, 46.88, 40.59, 43.73,
2007,14, 0.215,295.58, 48.91, 38.98, 43.94,
2007,15, 0.225,295.30, 50.02, 37.67, 43.85,
2007,16, 0.236,294.76, 49.24, 39.19, 44.22,
2007,17, 0.250,294.34, 49.62, 39.68, 44.65,
2007,18, 0.262,293.65, 49.74, 41.58, 45.66,
2007,19, 0.275,293.23, 52.54, 38.88, 45.71,
2007,20, 0.287,292.95, 54.50, 39.28, 46.89,
2007,21, 0.293,292.49, 54.66, 39.80, 47.23,
2007,22, 0.298,292.21, 55.73, 37.90, 46.81,
2007,23, 0.300,291.97, 55.89, 34.70, 45.30,
2007,24, 0.296,291.30, 54.34, 35.01, 44.67,
2007,25, 0.291,290.51, 52.70, 38.08, 45.39,
2007,26, 0.287,290.21, 51.81, 38.05, 44.93,
2007,27, 0.288,290.34, 53.07, 35.66, 44.37,
2007,28, 0.288,290.22, 52.78, 35.47, 44.13,
2007,29, 0.287,290.01, 50.86, 35.59, 43.22,
2007,30, 0.285,289.77, 48.43, 35.30, 41.86,
2007,31, 0.283,289.63, 46.81, 34.39, 40.60,
2007,32, 0.281,289.35, 45.69, 34.56, 40.12,
2007,33, 0.276,288.83, 43.26, 37.73, 40.49,
2007,34, 0.274,288.79, 41.87, 39.43, 40.65,
2007,35, 0.271,288.82, 40.97, 40.78, 40.88,
2007,36, 0.262,288.25, 38.58, 42.76, 40.67,
2007,37, 0.247,287.11, 34.05, 44.86, 39.45,
2007,38, 0.233,286.16, 30.48, 46.58, 38.53,
2007,39, 0.223,285.98, 28.89, 44.89, 36.89,
2007,40, 0.213,285.69, 27.10, 43.09, 35.10,
2007,41, 0.208,285.64, 26.96, 40.73, 33.84,
2007,42, 0.207,286.16, 28.48, 37.08, 32.78,
2007,43, 0.207,286.67, 31.51, 33.96, 32.74,
2007,44, 0.211,287.39, 36.16, 30.36, 33.26,
2007,45, 0.213,287.92, 39.23, 29.95, 34.59,
2007,46, 0.217,288.88, 43.50, 28.25, 35.87,
2007,47, 0.221,290.44, 46.40, 23.87, 35.14,
2007,48, 0.217,291.42, 46.03, 21.96, 34.00,
2007,49, 0.209,291.45, 43.22, 24.93, 34.08,
2007,50, 0.203,291.46, 39.75, 34.34, 37.04,
2007,51, 0.204,291.75, 39.65, 36.84, 38.25,
2007,52, 0.204,291.69, 38.75, 39.49, 39.12,
2008, 1, 0.201,291.00, 37.20, 47.27, 42.23,
2008, 2, 0.205,290.80, 39.63, 50.47, 45.05,
2008, 3, 0.204,290.53, 40.41, 55.01, 47.71,
2008, 4, 0.196,289.83, 38.31, 62.87, 50.59,
2008, 5, 0.190,289.54, 37.00, 69.58, 53.29,
2008, 6, 0.187,289.70, 37.32, 73.06, 55.19,
2008, 7, 0.187,290.28, 39.23, 74.28, 56.75,
2008, 8, 0.192,291.93, 43.10, 67.85, 55.47,
2008, 9, 0.195,293.30, 44.91, 62.04, 53.47,
2008,10, 0.195,293.74, 45.08, 59.09, 52.08,
2008,11, 0.195,293.99, 44.25, 57.40, 50.82,
2008,12, 0.197,294.32, 43.65, 54.93, 49.29,
2008,13, 0.202,294.62, 44.24, 50.79, 47.51,
2008,14, 0.210,294.65, 46.20, 48.60, 47.40,
2008,15, 0.222,294.41, 48.03, 47.08, 47.56,
2008,16, 0.235,294.00, 47.97, 48.40, 48.18,
2008,17, 0.245,293.08, 45.53, 53.69, 49.61,
2008,18, 0.257,292.42, 46.03, 56.35, 51.19,
2008,19, 0.270,292.13, 48.90, 53.64, 51.27,
2008,20, 0.279,291.49, 50.17, 53.89, 52.03,
2008,21, 0.287,291.30, 51.64, 51.33, 51.48,
2008,22, 0.292,291.19, 52.52, 47.24, 49.88,
2008,23, 0.290,290.67, 51.05, 45.74, 48.39,
2008,24, 0.285,290.10, 48.84, 44.86, 46.85,
2008,25, 0.280,289.56, 46.65, 44.82, 45.74,
2008,26, 0.278,289.43, 46.62, 42.35, 44.49,
2008,27, 0.280,289.58, 47.87, 39.21, 43.54,
2008,28, 0.280,289.34, 47.38, 40.05, 43.72,
2008,29, 0.278,288.84, 45.27, 42.48, 43.87,
2008,30, 0.273,287.89, 41.89, 47.49, 44.69,
2008,31, 0.275,287.86, 42.70, 46.56, 44.63,
2008,32, 0.280,288.02, 45.03, 44.34, 44.69,
2008,33, 0.280,287.70, 45.03, 45.48, 45.25,
2008,34, 0.281,287.83, 45.66, 45.05, 45.36,
2008,35, 0.282,287.95, 46.15, 44.82, 45.49,
2008,36, 0.277,287.55, 45.45, 44.96, 45.20,
2008,37, 0.266,286.59, 43.36, 47.74, 45.55,
2008,38, 0.258,285.99, 42.08, 48.14, 45.11,
2008,39, 0.252,286.08, 41.93, 45.57, 43.75,
2008,40, 0.242,285.81, 39.11, 46.98, 43.05,
2008,41, 0.231,285.27, 36.24, 49.39, 42.81,
2008,42, 0.222,284.92, 33.87, 50.29, 42.08,
2008,43, 0.215,284.49, 33.44, 51.25, 42.35,
2008,44, 0.212,284.54, 35.37, 50.95, 43.16,
2008,45, 0.210,284.54, 38.35, 53.04, 45.70,
2008,46, 0.210,284.86, 41.61, 52.62, 47.12,
2008,47, 0.212,286.03, 44.73, 48.27, 46.50,
2008,48, 0.212,286.98, 45.91, 44.25, 45.08,
2008,49, 0.209,287.75, 45.99, 41.08, 43.53,
2008,50, 0.208,288.39, 45.37, 47.48, 46.43,
2008,51, 0.214,289.63, 48.24, 43.89, 46.07,
2008,52, 0.222,290.90, 51.29, 39.06, 45.18,
2009, 1, 0.228,291.68, 53.46, 38.93, 46.19,
2009, 2, 0.234,292.28, 56.74, 38.78, 47.76,
2009, 3, 0.243,292.99, 61.35, 38.12, 49.73,
2009, 4, 0.250,293.54, 65.47, 38.26, 51.87,
2009, 5, 0.255,294.19, 68.48, 38.56, 53.52,
2009, 6, 0.255,294.62, 70.16, 40.71, 55.44,
2009, 7, 0.253,294.61, 70.17, 45.59, 57.88,
2009, 8, 0.254,294.94, 70.69, 46.56, 58.62,
2009, 9, 0.258,295.24, 72.60, 46.20, 59.40,
2009,10, 0.256,295.18, 72.94, 45.98, 59.46,
2009,11, 0.254,294.88, 72.85, 49.92, 61.39,
2009,12, 0.256,294.86, 73.27, 51.74, 62.50,
2009,13, 0.258,294.98, 72.53, 49.33, 60.93,
2009,14, 0.258,294.84, 70.48, 47.83, 59.15,
2009,15, 0.253,294.11, 64.25, 49.89, 57.07,
2009,16, 0.254,293.53, 58.44, 51.39, 54.91,
2009,17, 0.261,292.96, 54.69, 53.46, 54.08,
2009,18, 0.267,292.34, 52.38, 56.04, 54.21,
2009,19, 0.274,291.76, 51.44, 56.00, 53.72,
2009,20, 0.280,291.23, 50.81, 56.03, 53.42,
2009,21, 0.292,291.44, 54.05, 50.28, 52.17,
2009,22, 0.302,291.51, 57.04, 45.44, 51.24,
2009,23, 0.306,291.51, 58.14, 41.13, 49.64,
2009,24, 0.306,291.22, 57.38, 38.59, 47.98,
2009,25, 0.303,290.77, 56.53, 38.09, 47.31,
2009,26, 0.303,290.62, 57.43, 36.08, 46.76,
2009,27, 0.301,290.29, 57.89, 36.27, 47.08,
2009,28, 0.295,289.67, 55.35, 39.58, 47.46,
2009,29, 0.289,289.03, 51.85, 42.95, 47.40,
2009,30, 0.285,288.73, 48.75, 42.94, 45.84,
2009,31, 0.289,289.24, 49.76, 38.09, 43.93,
2009,32, 0.291,289.22, 50.77, 37.17, 43.97,
2009,33, 0.289,288.96, 49.68, 36.51, 43.09,
2009,34, 0.290,289.33, 50.59, 30.31, 40.45,
2009,35, 0.285,288.86, 48.31, 30.26, 39.29,
2009,36, 0.280,288.60, 47.63, 28.23, 37.93,
2009,37, 0.271,288.05, 45.53, 27.86, 36.70,
2009,38, 0.261,287.54, 43.42, 27.12, 35.27,
2009,39, 0.257,287.88, 43.88, 23.60, 33.74,
2009,40, 0.254,288.03, 44.35, 21.81, 33.08,
2009,41, 0.251,288.14, 45.25, 21.38, 33.32,
2009,42, 0.252,288.79, 47.25, 20.61, 33.93,
2009,43, 0.256,289.73, 51.70, 18.87, 35.28,
2009,44, 0.260,290.82, 55.98, 18.07, 37.02,
2009,45, 0.257,291.03, 57.57, 20.95, 39.26,
2009,46, 0.253,291.40, 58.26, 20.67, 39.47,
2009,47, 0.251,292.36, 58.60, 17.99, 38.30,
2009,48, 0.248,293.01, 58.13, 15.87, 37.00,
2009,49, 0.246,293.43, 57.59, 15.02, 36.31,
2009,50, 0.247,293.93, 57.24, 18.37, 37.80,
2009,51, 0.252,294.28, 58.58, 17.70, 38.14,
2009,52, 0.250,294.16, 56.73, 20.36, 38.54,
2010, 1, 0.246,293.86, 53.39, 24.73, 39.06,
2010, 2, 0.250,294.21, 55.66, 24.06, 39.86,
2010, 3, 0.256,294.99, 59.86, 20.87, 40.36,
2010, 4, 0.264,295.69, 65.23, 18.45, 41.84,
2010, 5, 0.270,296.34, 69.88, 17.79, 43.83,
2010, 6, 0.277,297.35, 75.53, 16.74, 46.13,
2010, 7, 0.281,298.34, 79.18, 15.79, 47.48,
2010, 8, 0.278,299.15, 78.75, 14.28, 46.51,
2010, 9, 0.270,299.33, 75.91, 15.43, 45.67,
2010,10, 0.258,299.05, 72.38, 16.71, 44.55,
2010,11, 0.244,298.74, 66.39, 19.36, 42.87,
2010,12, 0.235,298.48, 61.40, 20.99, 41.19,
2010,13, 0.228,297.93, 56.76, 22.57, 39.66,
2010,14, 0.229,297.45, 54.99, 23.08, 39.03,
2010,15, 0.237,297.23, 54.86, 21.06, 37.96,
2010,16, 0.248,297.06, 53.60, 19.26, 36.43,
2010,17, 0.262,296.65, 52.57, 20.42, 36.49,
2010,18, 0.275,296.13, 52.28, 22.33, 37.31,
2010,19, 0.283,295.44, 51.84, 23.15, 37.50,
2010,20, 0.291,294.90, 52.66, 25.51, 39.08,
2010,21, 0.297,294.45, 53.61, 24.98, 39.30,
2010,22, 0.298,293.55, 53.33, 27.61, 40.47,
2010,23, 0.295,292.63, 52.26, 30.18, 41.22,
2010,24, 0.292,292.06, 51.50, 30.06, 40.78,
2010,25, 0.291,291.68, 51.77, 29.98, 40.88,
2010,26, 0.288,291.25, 51.68, 30.93, 41.30,
2010,27, 0.284,290.74, 50.71, 32.47, 41.59,
2010,28, 0.279,290.12, 48.10, 35.84, 41.97,
2010,29, 0.277,289.67, 45.99, 38.48, 42.23,
2010,30, 0.275,288.99, 43.60, 42.49, 43.05,
2010,31, 0.276,288.72, 43.01, 44.53, 43.77,
2010,32, 0.276,288.63, 43.06, 45.88, 44.47,
2010,33, 0.277,288.62, 43.59, 46.14, 44.87,
2010,34, 0.278,288.78, 44.18, 45.63, 44.91,
2010,35, 0.278,288.89, 44.78, 45.53, 45.16,
2010,36, 0.280,289.01, 46.91, 43.82, 45.36,
2010,37, 0.279,288.79, 49.04, 41.96, 45.50,
2010,38, 0.272,287.93, 48.36, 42.84, 45.60,
2010,39, 0.263,287.38, 46.92, 44.29, 45.60,
2010,40, 0.254,286.80, 44.63, 46.33, 45.48,
2010,41, 0.241,285.89, 41.63, 47.90, 44.76,
2010,42, 0.232,285.15, 40.58, 46.34, 43.46,
2010,43, 0.224,284.90, 40.58, 46.53, 43.56,
2010,44, 0.219,285.02, 41.22, 46.18, 43.70,
2010,45, 0.214,285.63, 41.84, 44.07, 42.95,
2010,46, 0.205,285.83, 39.95, 44.87, 42.41,
2010,47, 0.200,286.50, 38.69, 46.75, 42.72,
2010,48, 0.197,287.23, 38.82, 46.51, 42.66,
2010,49, 0.194,287.69, 38.55, 46.78, 42.67,
2010,50, 0.193,287.78, 37.06, 59.79, 48.43,
2010,51, 0.191,287.85, 35.12, 64.29, 49.70,
2010,52, 0.187,287.89, 32.25, 67.22, 49.73,
2011, 1, 0.182,287.65, 29.51, 72.10, 50.80,
2011, 2, 0.179,287.54, 29.28, 74.88, 52.08,
2011, 3, 0.181,287.79, 31.41, 76.15, 53.78,
2011, 4, 0.182,288.14, 32.88, 76.03, 54.46,
2011, 5, 0.183,288.63, 33.82, 77.57, 55.69,
2011, 6, 0.183,289.55, 35.48, 75.59, 55.53,
2011, 7, 0.179,290.26, 34.49, 74.13, 54.31,
2011, 8, 0.174,290.65, 32.54, 74.73, 53.64,
2011, 9, 0.171,290.83, 31.28, 77.45, 54.36,
2011,10, 0.167,290.89, 30.16, 77.65, 53.91,
2011,11, 0.167,290.94, 30.02, 77.79, 53.90,
2011,12, 0.172,291.34, 31.45, 76.32, 53.88,
2011,13, 0.181,291.91, 33.85, 71.80, 52.83,
2011,14, 0.193,292.57, 37.67, 66.65, 52.16,
2011,15, 0.212,293.27, 42.55, 57.99, 50.27,
2011,16, 0.234,293.75, 47.37, 51.46, 49.41,
2011,17, 0.258,293.75, 52.01, 48.79, 50.40,
2011,18, 0.277,293.66, 56.76, 44.78, 50.77,
2011,19, 0.291,293.46, 60.12, 39.80, 49.96,
2011,20, 0.301,293.22, 61.64, 37.88, 49.76,
2011,21, 0.307,292.83, 61.87, 36.73, 49.30,
2011,22, 0.305,292.22, 59.80, 37.44, 48.62,
2011,23, 0.300,291.60, 56.86, 37.56, 47.21,
2011,24, 0.292,290.92, 53.63, 38.37, 46.00,
2011,25, 0.287,290.58, 51.38, 37.89, 44.64,
2011,26, 0.281,290.36, 49.55, 36.97, 43.26,
2011,27, 0.281,290.79, 49.22, 32.36, 40.79,
2011,28, 0.283,291.30, 49.24, 28.23, 38.74,
2011,29, 0.288,291.57, 50.02, 25.85, 37.94,
2011,30, 0.288,291.19, 48.89, 27.13, 38.01,
2011,31, 0.289,290.86, 48.79, 28.86, 38.82,
2011,32, 0.293,290.81, 50.31, 28.90, 39.61,
2011,33, 0.292,290.33, 50.36, 31.29, 40.82,
2011,34, 0.288,289.35, 48.52, 37.34, 42.93,
2011,35, 0.283,288.66, 46.81, 41.51, 44.16,
2011,36, 0.273,287.79, 44.39, 43.70, 44.04,
2011,37, 0.257,286.31, 39.95, 48.05, 44.00,
2011,38, 0.241,284.54, 35.36, 54.11, 44.74,
2011,39, 0.231,283.60, 33.69, 56.69, 45.19,
2011,40, 0.229,284.04, 34.41, 53.03, 43.72,
2011,41, 0.226,284.93, 35.26, 48.00, 41.63,
2011,42, 0.226,285.93, 36.77, 43.44, 40.10,
2011,43, 0.226,286.77, 39.61, 41.84, 40.73,
2011,44, 0.228,287.78, 42.64, 39.58, 41.11,
2011,45, 0.229,288.63, 45.79, 37.27, 41.53,
2011,46, 0.226,288.86, 47.36, 38.82, 43.09,
2011,47, 0.222,288.68, 47.70, 42.27, 44.99,
2011,48, 0.222,289.00, 49.76, 40.78, 45.27,
2011,49, 0.215,289.10, 48.69, 40.93, 44.81,
2011,50, 0.204,288.57, 44.01, 55.30, 49.66,
2011,51, 0.194,288.02, 39.56, 62.48, 51.02,
2011,52, 0.187,287.76, 34.89, 66.80, 50.85,
2012, 1, 0.182,287.61, 31.67, 69.63, 50.65,
2012, 2, 0.184,287.77, 32.04, 71.17, 51.61,
2012, 3, 0.190,288.02, 34.19, 72.99, 53.59,
2012, 4, 0.198,288.49, 38.28, 72.92, 55.60,
2012, 5, 0.203,289.27, 40.81, 72.89, 56.85,
2012, 6, 0.209,290.37, 44.43, 69.91, 57.17,
2012, 7, 0.213,291.24, 46.86, 68.10, 57.48,
2012, 8, 0.214,291.83, 47.90, 68.33, 58.12,
2012, 9, 0.213,292.29, 48.09, 68.04, 58.06,
2012,10, 0.214,293.10, 49.67, 61.99, 55.83,
2012,11, 0.213,293.42, 49.85, 60.39, 55.12,
2012,12, 0.215,293.78, 50.96, 58.66, 54.81,
2012,13, 0.221,294.03, 52.76, 55.42, 54.09,
2012,14, 0.231,294.29, 56.04, 51.63, 53.83,
2012,15, 0.246,294.56, 60.00, 45.87, 52.94,
2012,16, 0.264,294.58, 62.66, 41.86, 52.26,
2012,17, 0.281,294.28, 63.80, 41.88, 52.84,
2012,18, 0.293,293.71, 64.35, 44.99, 54.67,
2012,19, 0.297,292.75, 62.26, 49.25, 55.75,
2012,20, 0.292,291.38, 56.22, 55.70, 55.96,
2012,21, 0.283,289.79, 49.54, 61.31, 55.42,
2012,22, 0.286,290.50, 50.05, 52.91, 51.48,
2012,23, 0.281,289.74, 47.40, 52.81, 50.10,
2012,24, 0.277,289.19, 45.51, 51.12, 48.31,
2012,25, 0.275,288.82, 44.54, 49.48, 47.01,
2012,26, 0.275,288.65, 45.15, 47.52, 46.33,
2012,27, 0.276,289.22, 45.99, 42.37, 44.18,
2012,28, 0.275,289.04, 45.53, 43.56, 44.55,
2012,29, 0.277,288.97, 45.49, 43.97, 44.73,
2012,30, 0.281,289.34, 46.24, 41.17, 43.70,
2012,31, 0.285,289.71, 47.25, 39.21, 43.23,
2012,32, 0.284,289.56, 46.79, 40.25, 43.52,
2012,33, 0.284,289.37, 46.51, 40.46, 43.48,
2012,34, 0.283,289.50, 46.33, 39.80, 43.07,
2012,35, 0.281,289.57, 45.79, 40.27, 43.03,
2012,36, 0.275,289.07, 44.48, 42.26, 43.37,
2012,37, 0.270,288.90, 44.49, 40.13, 42.31,
2012,38, 0.266,289.11, 44.93, 35.75, 40.34,
2012,39, 0.262,289.37, 44.76, 33.69, 39.22,
2012,40, 0.260,289.79, 45.48, 30.63, 38.05,
2012,41, 0.260,290.60, 47.19, 26.43, 36.81,
2012,42, 0.261,291.27, 49.25, 23.53, 36.39,
2012,43, 0.265,292.05, 53.64, 19.21, 36.43,
2012,44, 0.271,292.55, 58.87, 17.96, 38.41,
2012,45, 0.272,292.46, 61.59, 20.16, 40.88,
2012,46, 0.268,292.24, 62.34, 22.58, 42.46,
2012,47, 0.268,292.63, 63.47, 22.72, 43.10,
2012,48, 0.268,292.99, 64.33, 21.45, 42.89,
2012,49, 0.267,293.13, 64.53, 20.55, 42.54,
2012,50, 0.261,292.84, 61.89, 29.26, 45.58,
2012,51, 0.254,292.55, 58.94, 33.00, 45.97,
2012,52, 0.244,292.24, 53.96, 36.18, 45.07,
2013, 1, 0.230,290.46, 49.18, 45.58, 47.34,
2013, 2, 0.226,290.61, 48.32, 46.57, 47.41,
2013, 3, 0.228,291.29, 50.11, 44.31, 47.17,
2013, 4, 0.240,292.62, 56.40, 39.77, 48.04,
2013, 5, 0.244,293.59, 59.23, 37.50, 48.34,
2013, 6, 0.242,294.11, 59.53, 38.34, 48.92,
2013, 7, 0.239,294.48, 59.57, 39.97, 49.75,
2013, 8, 0.234,294.84, 58.39, 40.71, 49.54,
2013, 9, 0.226,295.05, 55.83, 40.88, 48.35,
2013,10, 0.224,295.32, 56.00, 38.80, 47.39,
2013,11, 0.223,295.09, 55.77, 42.15, 48.95,
2013,12, 0.227,295.94, 57.07, 39.41, 48.22,
2013,13, 0.234,295.76, 58.51, 40.60, 49.53,
2013,14, 0.245,295.37, 60.29, 42.72, 51.49,
2013,15, 0.255,294.77, 60.47, 44.87, 52.66,
2013,16, 0.268,294.31, 61.17, 45.02, 53.07,
2013,17, 0.279,293.71, 60.16, 46.09, 53.10,
2013,18, 0.293,293.45, 61.61, 43.98, 52.77,
2013,19, 0.308,293.53, 65.41, 37.78, 51.55,
2013,20, 0.316,293.28, 66.59, 34.45, 50.47,
2013,21, 0.317,292.80, 65.50, 33.27, 49.31,
2013,22, 0.314,292.21, 63.50, 33.88, 48.60,
2013,23, 0.308,291.48, 61.21, 34.30, 47.66,
2013,24, 0.305,291.32, 59.98, 31.30, 45.54,
2013,25, 0.301,290.77, 58.71, 32.38, 45.45,
2013,26, 0.298,290.13, 57.65, 35.23, 46.37,
2013,27, 0.293,289.22, 55.30, 39.90, 47.52,
2013,28, 0.288,288.08, 52.63, 45.78, 49.16,
2013,29, 0.289,287.49, 51.53, 48.28, 49.85,
2013,30, 0.288,286.88, 49.83, 51.54, 50.63,
2013,31, 0.290,286.93, 50.13, 50.94, 50.45,
2013,32, 0.297,287.87, 52.66, 45.28, 48.87,
2013,33, 0.298,288.40, 52.86, 41.54, 47.11,
2013,34, 0.292,288.35, 50.49, 41.34, 45.80,
2013,35, 0.281,287.61, 46.18, 45.38, 45.69,
2013,36, 0.269,287.06, 43.00, 46.08, 44.43,
2013,37, 0.265,287.26, 43.57, 39.29, 41.33,
2013,38, 0.258,286.70, 42.98, 35.76, 39.30,
2013,39, 0.252,286.37, 42.39, 35.03, 38.64,
2013,40, 0.247,286.58, 41.88, 33.41, 37.48,
2013,41, 0.245,287.34, 43.38, 28.23, 35.63,
2013,42, 0.243,287.56, 45.21, 25.50, 35.14,
2013,43, 0.236,287.38, 45.05, 28.86, 36.80,
2013,44, 0.230,287.10, 44.80, 34.13, 39.42,
2013,45, 0.233,287.98, 47.53, 35.58, 41.53,
2013,46, 0.231,288.43, 47.90, 37.06, 42.46,
2013,47, 0.229,288.76, 48.61, 39.52, 44.03,
2013,48, 0.226,288.79, 48.77, 41.00, 44.83,
2013,49, 0.228,289.29, 51.09, 37.61, 44.26,
2013,50, 0.231,290.16, 52.56, 38.42, 45.41,
2013,51, 0.236,290.74, 54.51, 35.59, 44.95,
2013,52, 0.240,291.13, 55.69, 35.86, 45.64,
2014, 1, 0.247,291.93, 58.58, 32.16, 45.24,
2014, 2, 0.255,292.93, 62.84, 28.34, 45.50,
2014, 3, 0.262,293.84, 66.55, 25.50, 45.95,
2014, 4, 0.269,294.69, 70.30, 24.40, 47.29,
2014, 5, 0.266,295.09, 69.38, 25.55, 47.42,
2014, 6, 0.259,295.26, 66.64, 27.92, 47.25,
2014, 7, 0.249,295.07, 63.24, 32.31, 47.73,
2014, 8, 0.238,294.67, 58.64, 37.95, 48.24,
2014, 9, 0.226,294.08, 53.48, 43.04, 48.23,
2014,10, 0.218,293.43, 50.77, 45.88, 48.33,
2014,11, 0.211,292.90, 47.68, 51.17, 49.45,
2014,12, 0.208,294.23, 46.00, 48.58, 47.32,
2014,13, 0.208,294.30, 44.96, 49.23, 47.14,
2014,14, 0.212,294.51, 44.74, 48.60, 46.71,
2014,15, 0.219,294.64, 44.50, 47.28, 45.93,
2014,16, 0.231,294.60, 44.28, 47.10, 45.72,
2014,17, 0.249,294.62, 45.91, 45.01, 45.47,
2014,18, 0.275,294.56, 51.96, 41.87, 46.93,
2014,19, 0.297,294.33, 59.65, 36.48, 48.06,
2014,20, 0.310,293.81, 63.59, 33.84, 48.69,
2014,21, 0.317,293.24, 65.18, 32.06, 48.56,
2014,22, 0.316,292.38, 63.24, 35.07, 49.08,
2014,23, 0.311,291.56, 61.25, 36.10, 48.60,
2014,24, 0.306,290.85, 59.39, 36.52, 47.88,
2014,25, 0.303,290.25, 58.47, 37.19, 47.75,
2014,26, 0.300,290.01, 58.33, 36.51, 47.33,
2014,27, 0.299,289.78, 57.90, 36.50, 47.09,
2014,28, 0.298,289.44, 57.33, 37.84, 47.44,
2014,29, 0.300,289.31, 57.22, 37.79, 47.34,
2014,30, 0.303,289.38, 57.05, 36.05, 46.45,
2014,31, 0.305,289.30, 57.01, 36.42, 46.66,
2014,32, 0.310,289.73, 58.56, 34.93, 46.76,
2014,33, 0.310,289.99, 58.65, 33.58, 46.12,
2014,34, 0.305,289.79, 57.02, 34.26, 45.65,
2014,35, 0.297,289.48, 54.32, 36.03, 45.15,
2014,36, 0.292,289.69, 53.96, 33.50, 43.69,
2014,37, 0.290,290.14, 55.28, 28.59, 41.92,
2014,38, 0.286,290.38, 55.50, 24.84, 40.15,
2014,39, 0.280,290.65, 54.31, 24.31, 39.31,
2014,40, 0.273,290.65, 52.45, 24.17, 38.28,
2014,41, 0.262,290.16, 49.57, 26.75, 38.11,
2014,42, 0.252,289.45, 47.20, 29.70, 38.46,
2014,43, 0.245,289.24, 46.08, 33.19, 39.70,
2014,44, 0.240,289.03, 46.03, 36.65, 41.49,
2014,45, 0.247,289.99, 50.24, 36.50, 43.43,
2014,46, 0.252,290.46, 54.32, 34.66, 44.48,
2014,47, 0.252,290.75, 56.74, 34.81, 45.77,
2014,48, 0.252,290.77, 58.90, 33.54, 46.17,
2014,49, 0.254,290.50, 60.99, 32.30, 46.59,
2014,50, 0.253,290.23, 61.77, 38.10, 49.88,
2014,51, 0.256,290.19, 63.16, 39.48, 51.24,
2014,52, 0.262,290.75, 65.51, 38.36, 51.83,
2015, 1, 0.268,291.54, 68.31, 34.63, 51.37,
2015, 2, 0.271,292.42, 70.09, 32.31, 51.13,
2015, 3, 0.268,293.10, 69.44, 31.10, 50.20,
2015, 4, 0.267,293.83, 69.63, 30.03, 49.78,
2015, 5, 0.259,294.18, 66.33, 31.73, 49.00,
2015, 6, 0.251,294.52, 63.48, 33.36, 48.40,
2015, 7, 0.247,294.91, 62.62, 34.55, 48.55,
2015, 8, 0.242,295.35, 61.31, 34.86, 48.04,
2015, 9, 0.237,295.97, 59.55, 31.88, 45.66,
2015,10, 0.234,296.57, 59.96, 27.29, 43.59,
2015,11, 0.235,296.70, 61.00, 28.07, 44.51,
2015,12, 0.239,297.66, 63.01, 23.14, 43.06,
2015,13, 0.252,298.02, 67.78, 20.08, 43.90,
2015,14, 0.271,298.32, 72.91, 16.51, 44.66,
2015,15, 0.284,298.28, 74.56, 14.20, 44.33,
2015,16, 0.291,298.04, 72.64, 12.53, 42.52,
2015,17, 0.297,297.64, 69.64, 12.16, 40.83,
2015,18, 0.303,297.05, 67.32, 13.17, 40.16,
2015,19, 0.312,296.63, 67.99, 11.51, 39.65,
2015,20, 0.320,296.44, 68.49, 10.95, 39.61,
2015,21, 0.320,295.69, 66.57, 12.38, 39.36,
2015,22, 0.317,294.86, 64.28, 14.93, 39.49,
2015,23, 0.310,293.70, 61.03, 19.09, 39.97,
2015,24, 0.304,292.87, 58.39, 20.88, 39.54,
2015,25, 0.299,292.28, 56.80, 22.14, 39.36,
2015,26, 0.296,291.77, 56.21, 24.07, 40.02,
2015,27, 0.293,290.99, 54.92, 27.54, 41.08,
2015,28, 0.289,290.02, 52.22, 32.44, 42.14,
2015,29, 0.288,289.16, 50.20, 36.97, 43.41,
2015,30, 0.289,288.76, 49.85, 39.44, 44.54,
2015,31, 0.294,288.82, 51.16, 40.55, 45.79,
2015,32, 0.308,290.13, 56.82, 34.57, 45.67,
2015,33, 0.315,290.89, 59.59, 30.62, 45.09,
2015,34, 0.311,290.95, 58.51, 31.35, 44.92,
2015,35, 0.307,290.98, 57.65, 32.14, 44.90,
2015,36, 0.300,291.13, 56.76, 32.30, 44.52,
2015,37, 0.295,291.39, 56.61, 31.31, 43.99,
2015,38, 0.291,291.43, 57.33, 27.47, 42.45,
2015,39, 0.289,291.72, 58.54, 24.69, 41.65,
2015,40, 0.286,291.90, 58.66, 23.08, 40.91,
2015,41, 0.279,291.80, 57.23, 23.40, 40.33,
2015,42, 0.273,291.20, 56.83, 23.66, 40.34,
2015,43, 0.271,291.09, 58.78, 22.47, 40.66,
2015,44, 0.271,291.32, 60.82, 21.65, 41.29,
2015,45, 0.283,292.60, 66.34, 19.92, 43.17,
2015,46, 0.286,293.09, 69.24, 19.32, 44.30,
2015,47, 0.287,293.18, 70.63, 21.59, 46.13,
2015,48, 0.287,293.34, 71.94, 19.66, 45.81,
2015,49, 0.284,293.31, 71.65, 18.98, 45.31,
2015,50, 0.281,293.40, 70.22, 24.09, 47.19,
2015,51, 0.280,293.49, 69.92, 22.69, 46.29,
2015,52, 0.280,293.70, 69.58, 21.01, 45.23,
2016, 1, 0.273,293.50, 67.45, 23.12, 45.22,
2016, 2, 0.266,293.16, 65.92, 27.29, 46.52,
2016, 3, 0.262,292.95, 65.57, 31.52, 48.48,
2016, 4, 0.264,293.19, 67.61, 34.74, 51.09,
2016, 5, 0.262,293.52, 67.71, 37.43, 52.51,
2016, 6, 0.257,294.10, 67.36, 37.76, 52.53,
2016, 7, 0.256,294.74, 68.20, 37.38, 52.76,
2016, 8, 0.249,295.10, 66.07, 38.17, 52.08,
2016, 9, 0.237,295.11, 60.98, 39.82, 50.38,
2016,10, 0.229,294.78, 57.85, 40.19, 49.00,
2016,11, 0.210,294.43, 48.32, 39.33, 43.84,
2016,12, 0.209,296.28, 47.54, 31.19, 39.37,
2016,13, 0.214,296.92, 48.08, 27.01, 37.56,
2016,14, 0.222,297.25, 48.95, 24.83, 36.89,
2016,15, 0.235,297.65, 51.07, 20.98, 36.01,
2016,16, 0.251,297.96, 52.78, 15.98, 34.34,
2016,17, 0.265,297.65, 52.85, 15.20, 33.97,
2016,18, 0.280,297.11, 54.86, 14.90, 34.82,
2016,19, 0.291,296.10, 57.05, 16.84, 36.86,
2016,20, 0.298,294.99, 58.41, 22.40, 40.33,
2016,21, 0.305,294.26, 60.30, 23.40, 41.76,
2016,22, 0.310,293.59, 62.36, 24.56, 43.34,
2016,23, 0.313,292.99, 63.75, 24.21, 43.85,
2016,24, 0.313,292.56, 64.14, 23.24, 43.55,
2016,25, 0.311,292.14, 63.57, 23.48, 43.38,
2016,26, 0.309,291.79, 62.83, 24.28, 43.42,
2016,27, 0.310,291.58, 63.03, 23.96, 43.35,
2016,28, 0.314,291.62, 64.42, 22.15, 43.14,
2016,29, 0.319,291.72, 64.99, 20.77, 42.74,
2016,30, 0.321,291.63, 64.19, 20.36, 42.19,
2016,31, 0.320,291.34, 63.26, 21.66, 42.40,
2016,32, 0.320,291.04, 62.62, 23.28, 42.91,
2016,33, 0.314,290.32, 59.65, 28.57, 44.06,
2016,34, 0.305,289.69, 56.37, 32.75, 44.48,
2016,35, 0.297,289.08, 53.57, 35.57, 44.49,
2016,36, 0.290,288.74, 52.47, 35.52, 43.92,
2016,37, 0.284,288.28, 52.28, 34.98, 43.57,
2016,38, 0.275,287.37, 50.82, 35.71, 43.18,
2016,39, 0.267,286.57, 48.93, 38.18, 43.52,
2016,40, 0.260,286.00, 47.71, 38.56, 43.05,
2016,41, 0.253,285.83, 47.18, 38.16, 42.53,
2016,42, 0.245,285.05, 45.86, 41.07, 43.30,
2016,43, 0.239,285.15, 46.32, 41.10, 43.52,
2016,44, 0.239,286.12, 48.64, 39.19, 43.72,
2016,45, 0.251,288.13, 54.97, 34.62, 44.62,
2016,46, 0.253,289.07, 57.47, 32.61, 44.87,
2016,47, 0.251,289.48, 57.84, 33.41, 45.46,
2016,48, 0.247,289.39, 57.48, 34.32, 45.74,
2016,49, 0.242,288.92, 57.16, 35.99, 46.42,
2016,50, 0.236,288.31, 55.44, 43.89, 49.53,
2016,51, 0.231,287.96, 53.38, 49.35, 51.20,
2016,52, 0.232,288.49, 53.14, 51.84, 52.30,
2017, 1, 0.231,288.66, 52.93, 54.65, 53.66,
2017, 2, 0.233,288.96, 54.79, 58.06, 56.37,
2017, 3, 0.238,289.48, 57.48, 60.30, 58.84,
2017, 4, 0.250,291.18, 63.61, 56.43, 60.02,
2017, 5, 0.258,292.21, 67.74, 54.42, 61.09,
2017, 6, 0.261,293.19, 70.38, 51.79, 61.12,
2017, 7, 0.260,293.65, 70.92, 51.86, 61.48,
2017, 8, 0.255,294.07, 68.82, 50.97, 59.95,
2017, 9, 0.247,294.31, 65.27, 50.23, 57.79,
2017,10, 0.245,294.37, 65.49, 48.78, 57.15,
2017,11, 0.245,294.18, 66.15, 50.90, 58.52,
2017,12, 0.248,294.97, 67.39, 47.92, 57.65,
2017,13, 0.257,294.92, 70.30, 47.92, 59.09,
2017,14, 0.270,295.18, 72.77, 44.59, 58.66,
2017,15, 0.278,295.40, 72.54, 39.82, 56.17,
2017,16, 0.284,295.38, 70.08, 35.79, 52.91,
2017,17, 0.289,294.94, 66.45, 36.43, 51.42,
2017,18, 0.296,294.22, 64.55, 39.39, 51.95,
2017,19, 0.303,293.48, 64.54, 39.70, 52.09,
2017,20, 0.306,292.51, 62.84, 42.58, 52.69,
2017,21, 0.307,291.67, 61.09, 44.43, 52.74,
2017,22, 0.306,291.04, 59.76, 46.35, 53.06,
2017,23, 0.301,290.10, 56.94, 47.89, 52.45,
2017,24, 0.294,289.21, 53.30, 49.11, 51.23,
2017,25, 0.289,288.42, 51.05, 49.87, 50.51,
2017,26, 0.283,287.37, 48.40, 53.36, 50.89,
2017,27, 0.279,286.62, 46.62, 56.30, 51.45,
2017,28, 0.280,286.52, 46.75, 56.01, 51.35,
2017,29, 0.283,286.70, 47.67, 53.48, 50.55,
2017,30, 0.288,287.13, 49.07, 49.84, 49.48,
2017,31, 0.294,287.81, 51.24, 45.45, 48.39,
2017,32, 0.303,288.87, 54.92, 38.99, 47.00,
2017,33, 0.306,289.34, 56.10, 36.03, 46.11,
2017,34, 0.305,289.49, 55.92, 34.73, 45.35,
2017,35, 0.299,289.38, 54.28, 34.74, 44.54,
2017,36, 0.293,289.35, 53.64, 33.59, 43.61,
2017,37, 0.289,289.52, 54.38, 31.26, 42.83,
2017,38, 0.283,289.21, 54.06, 31.41, 42.76,
2017,39, 0.275,288.72, 52.18, 35.44, 43.86,
2017,40, 0.264,288.18, 49.13, 38.65, 43.91,
2017,41, 0.248,287.41, 44.31, 42.40, 43.40,
2017,42, 0.232,286.12, 39.38, 47.15, 43.42,
2017,43, 0.216,285.22, 35.23, 51.49, 43.52,
2017,44, 0.213,285.77, 36.40, 48.74, 42.73,
2017,45, 0.210,286.29, 35.98, 51.42, 43.81,
2017,46, 0.206,286.49, 35.85, 54.22, 45.10,
2017,47, 0.205,287.09, 37.30, 55.14, 46.26,
2017,48, 0.207,287.47, 39.96, 52.98, 46.47,
2017,49, 0.209,287.64, 42.70, 51.12, 46.88,
2017,50, 0.211,287.97, 43.52, 56.36, 49.89,
2017,51, 0.214,288.00, 44.63, 57.69, 51.09,
2017,52, 0.224,288.88, 45.53, 60.72, 53.03,
2018, 1, 0.227,288.93, 49.80, 56.12, 52.92,
2018, 2, 0.230,289.05, 52.02, 57.48, 54.73,
2018, 3, 0.240,290.03, 55.71, 58.06, 56.86,
2018, 4, 0.253,291.55, 63.80, 51.90, 57.88,
2018, 5, 0.260,292.53, 66.29, 49.26, 57.79,
2018, 6, 0.260,293.19, 67.53, 47.52, 57.54,
2018, 7, 0.260,293.63, 68.53, 48.06, 58.29,
2018, 8, 0.260,294.26, 67.57, 48.74, 58.15,
2018, 9, 0.252,294.47, 65.98, 46.81, 56.41,
2018,10, 0.247,294.59, 65.72, 45.74, 55.76,
2018,11, 0.243,294.33, 64.57, 48.68, 56.66,
2018,12, 0.246,295.32, 65.96, 44.36, 55.19,
2018,13, 0.254,295.64, 68.96, 41.80, 55.39,
2018,14, 0.264,295.85, 70.74, 38.10, 54.42,
2018,15, 0.270,295.57, 69.49, 36.76, 53.13,
2018,16, 0.279,295.22, 67.94, 37.16, 52.55,
2018,17, 0.287,294.89, 66.04, 36.59, 51.30,
2018,18, 0.296,294.30, 65.09, 38.57, 51.81,
2018,19, 0.306,293.88, 66.66, 36.36, 51.48,
2018,20, 0.315,293.58, 67.76, 33.03, 50.35,
2018,21, 0.317,292.88, 66.81, 33.22, 49.95,
2018,22, 0.314,291.98, 64.51, 36.89, 50.61,
2018,23, 0.305,290.47, 59.95, 43.94, 51.86,
2018,24, 0.301,289.86, 57.92, 43.99, 50.85,
2018,25, 0.302,289.93, 58.77, 39.67, 49.13,
2018,26, 0.297,289.42, 57.16, 40.76, 48.84,
2018,27, 0.291,288.68, 54.26, 43.92, 48.98,
2018,28, 0.285,287.81, 50.69, 47.51, 49.00,
2018,29, 0.281,287.12, 47.63, 50.02, 48.75,
2018,30, 0.279,286.78, 45.61, 51.23, 48.39,
2018,31, 0.280,286.58, 45.38, 52.31, 48.84,
2018,32, 0.286,287.23, 47.87, 48.18, 48.05,
2018,33, 0.292,288.14, 50.31, 41.86, 46.13,
2018,34, 0.295,288.78, 52.20, 36.09, 44.18,
2018,35, 0.295,289.34, 53.33, 31.47, 42.42,
2018,36, 0.292,289.79, 54.00, 28.42, 41.18,
2018,37, 0.292,290.57, 56.21, 23.45, 39.81,
2018,38, 0.293,291.21, 58.78, 17.71, 38.22,
2018,39, 0.288,291.35, 58.31, 17.63, 37.96,
2018,40, 0.277,291.00, 54.88, 22.11, 38.49,
2018,41, 0.270,290.91, 53.27, 25.11, 39.21,
2018,42, 0.265,290.61, 53.31, 24.34, 38.88,
2018,43, 0.260,290.31, 53.48, 25.60, 39.57,
2018,44, 0.253,289.61, 52.36, 30.59, 41.52,
2018,45, 0.261,290.54, 57.45, 28.88, 43.11,
2018,46, 0.261,290.79, 59.29, 29.12, 44.12,
2018,47, 0.260,291.03, 60.34, 30.65, 45.43,
2018,48, 0.258,290.82, 60.77, 32.22, 46.40,
2018,49, 0.257,290.73, 61.81, 31.79, 46.72,
2018,50, 0.255,290.74, 61.48, 37.44, 49.43,
2018,51, 0.251,290.51, 59.90, 41.23, 50.53,
2018,52, 0.249,290.40, 58.11, 44.44, 51.23,
2019, 1, 0.249,290.63, 58.80, 43.47, 51.11,
2019, 2, 0.251,291.04, 60.70, 42.98, 51.83,
2019, 3, 0.256,291.81, 63.61, 40.35, 51.97,
2019, 4, 0.268,293.30, 70.14, 34.44, 52.27,
2019, 5, 0.271,294.36, 72.67, 31.19, 51.92,
2019, 6, 0.269,295.31, 73.35, 28.82, 51.09,
2019, 7, 0.266,295.99, 73.55, 27.46, 50.51,
2019, 8, 0.259,296.38, 70.73, 27.08, 48.90,
2019, 9, 0.247,296.55, 65.85, 27.39, 46.61,
2019,10, 0.242,296.79, 64.79, 25.86, 45.31,
2019,11, 0.240,296.65, 64.30, 28.39, 46.34,
2019,12, 0.238,296.97, 62.97, 28.32, 45.63,
2019,13, 0.241,296.83, 62.17, 29.60, 45.87,
2019,14, 0.254,297.31, 65.46, 24.49, 44.96,
2019,15, 0.263,297.25, 65.39, 22.48, 43.91,
2019,16, 0.264,296.47, 60.21, 26.18, 43.16,
2019,17, 0.269,295.88, 56.07, 28.01, 42.00,
2019,18, 0.281,295.11, 55.55, 31.52, 43.50,
2019,19, 0.289,294.17, 55.16, 34.80, 44.94,
2019,20, 0.294,293.35, 55.32, 36.03, 45.62,
2019,21, 0.297,292.28, 55.54, 39.31, 47.36,
2019,22, 0.299,291.53, 55.69, 41.82, 48.67,
2019,23, 0.300,291.07, 56.62, 39.58, 48.02,
2019,24, 0.302,290.77, 57.88, 36.66, 47.21,
2019,25, 0.298,289.94, 56.36, 38.64, 47.47,
2019,26, 0.295,289.46, 55.58, 39.11, 47.30,
2019,27, 0.299,289.79, 58.01, 34.48, 46.18,
2019,28, 0.299,289.35, 57.16, 36.09, 46.56,
2019,29, 0.297,288.95, 55.28, 38.62, 46.85,
2019,30, 0.301,289.47, 55.91, 35.01, 45.40,
2019,31, 0.304,289.90, 56.40, 33.01, 44.62,
2019,32, 0.304,290.24, 55.99, 31.99, 43.91,
2019,33, 0.302,290.53, 55.09, 29.82, 42.34,
2019,34, 0.300,290.82, 54.66, 27.24, 40.80,
2019,35, 0.294,290.81, 53.09, 26.95, 39.88,
2019,36, 0.288,291.03, 52.60, 24.09, 38.22,
2019,37, 0.287,291.60, 54.14, 18.63, 36.30,
2019,38, 0.283,291.56, 54.83, 16.36, 35.53,
2019,39, 0.282,291.55, 55.90, 16.03, 35.92,
2019,40, 0.280,291.81, 56.74, 15.22, 35.92,
2019,41, 0.275,291.79, 56.49, 17.51, 36.94,
2019,42, 0.269,290.95, 56.19, 20.54, 38.31,
2019,43, 0.268,290.76, 58.69, 21.17, 39.84,
2019,44, 0.268,290.91, 60.86, 21.32, 41.01,
2019,45, 0.273,291.85, 63.67, 21.28, 42.42,
2019,46, 0.274,292.38, 65.53, 20.62, 43.04,
2019,47, 0.275,292.80, 66.93, 20.67, 43.80,
2019,48, 0.275,292.96, 67.86, 19.11, 43.47,
2019,49, 0.273,293.19, 68.10, 17.03, 42.52,
2019,50, 0.271,293.49, 67.14, 19.80, 43.44,
2019,51, 0.271,293.74, 67.28, 18.71, 42.95,
2019,52, 0.268,293.76, 65.44, 19.55, 42.46,
2020, 1, 0.263,293.84, 63.95, 19.78, 41.87,
2020, 2, 0.260,293.98, 63.85, 20.54, 42.20,
2020, 3, 0.255,293.75, 63.15, 24.66, 43.92,
2020, 4, 0.259,293.95, 65.90, 27.80, 46.87,
2020, 5, 0.256,294.25, 65.92, 30.56, 48.27,
2020, 6, 0.251,294.51, 64.68, 33.26, 49.02,
2020, 7, 0.246,294.76, 64.05, 35.72, 49.94,
2020, 8, 0.238,294.93, 61.29, 38.41, 49.91,
2020, 9, 0.229,295.08, 57.57, 39.21, 48.44,
2020,10, 0.224,295.24, 56.48, 37.04, 46.81,
2020,11, 0.220,294.99, 54.77, 39.46, 47.15,
2020,12, 0.220,295.95, 54.09, 35.98, 45.05,
2020,13, 0.224,296.13, 54.33, 34.81, 44.58,
2020,14, 0.236,296.24, 56.53, 33.97, 45.25,
2020,15, 0.249,296.21, 58.80, 33.34, 46.07,
2020,16, 0.266,296.11, 61.23, 32.06, 46.63,
2020,17, 0.282,296.12, 62.86, 27.69, 45.23,
2020,18, 0.295,296.01, 64.04, 23.84, 43.90,
2020,19, 0.307,295.80, 66.06, 19.07, 42.49,
2020,20, 0.314,295.32, 66.68, 19.11, 42.81,
2020,21, 0.316,294.38, 65.40, 21.64, 43.43,
2020,22, 0.317,293.79, 65.33, 21.88, 43.50,
2020,23, 0.316,293.18, 65.00, 21.38, 43.06,
2020,24, 0.312,292.45, 63.55, 22.70, 43.00,
2020,25, 0.309,292.05, 62.58, 22.89, 42.61,
2020,26, 0.307,291.92, 62.41, 22.12, 42.16,
2020,27, 0.306,291.47, 61.75, 23.57, 42.55,
2020,28, 0.305,291.30, 60.73, 23.23, 41.88,
2020,29, 0.310,291.76, 61.65, 19.66, 40.54,
2020,30, 0.312,291.70, 60.66, 19.28, 39.91,
2020,31, 0.310,291.27, 59.04, 22.35, 40.66,
2020,32, 0.312,291.30, 59.32, 23.33, 41.33,
2020,33, 0.313,291.17, 59.45, 24.67, 42.07,
2020,34, 0.310,290.85, 58.76, 27.55, 43.16,
2020,35, 0.304,290.35, 57.35, 31.35, 44.32,
2020,36, 0.293,289.30, 54.21, 38.48, 46.29,
2020,37, 0.287,288.66, 53.55, 41.50, 47.52,
2020,38, 0.278,287.73, 52.17, 43.73, 47.98,
2020,39, 0.265,286.12, 48.23, 51.74, 50.05,
2020,40, 0.254,284.70, 45.60, 57.82, 51.76,
2020,41, 0.245,284.23, 43.94, 59.20, 51.55,
2020,42, 0.236,283.73, 43.21, 57.56, 50.41,
2020,43, 0.234,283.93, 45.54, 55.52, 50.50,
2020,44, 0.235,284.90, 48.63, 52.36, 50.49,
2020,45, 0.243,286.47, 53.19, 48.93, 50.99,
2020,46, 0.244,287.59, 55.35, 45.03, 50.11,
2020,47, 0.245,288.67, 56.83, 41.54, 49.11,
2020,48, 0.241,288.77, 56.66, 41.07, 48.80,
2020,49, 0.236,288.32, 55.46, 42.83, 49.06,
2020,50, 0.232,288.33, 54.61, 49.19, 51.82,
2020,51, 0.232,288.36, 54.83, 51.03, 52.83,
2020,52, 0.237,288.74, 56.83, 51.90, 54.23,
2021, 1, 0.245,289.54, 59.98, 48.67, 54.23,
2021, 2, 0.250,290.36, 62.63, 47.40, 54.98,
2021, 3, 0.252,290.84, 64.03, 49.23, 56.61,
2021, 4, 0.258,292.17, 67.58, 47.10, 57.36,
2021, 5, 0.257,292.95, 67.78, 46.04, 56.94,
2021, 6, 0.253,293.37, 67.10, 47.70, 57.46,
2021, 7, 0.253,293.96, 67.78, 46.14, 57.05,
2021, 8, 0.250,294.48, 66.49, 44.29, 55.46,
2021, 9, 0.240,294.27, 62.04, 46.66, 54.40,
2021,10, 0.234,293.98, 60.36, 47.55, 54.00,
2021,11, 0.228,293.40, 57.71, 52.69, 55.25,
2021,12, 0.225,294.20, 56.26, 51.76, 54.05,
2021,13, 0.230,294.31, 57.17, 51.18, 54.22,
2021,14, 0.240,294.44, 58.75, 49.85, 54.34,
2021,15, 0.247,294.04, 58.30, 51.04, 54.71,
2021,16, 0.259,293.89, 58.76, 49.30, 54.05,
2021,17, 0.274,294.30, 59.60, 43.88, 51.73,
2021,18, 0.289,294.17, 61.14, 41.15, 51.14,
2021,19, 0.302,294.21, 64.35, 33.35, 48.81,
2021,20, 0.311,294.09, 65.77, 29.46, 47.54,
2021,21, 0.314,293.48, 65.20, 29.45, 47.24,
2021,22, 0.318,293.10, 65.67, 28.30, 46.87,
2021,23, 0.320,292.90, 66.61, 24.68, 45.52,
2021,24, 0.321,292.64, 67.23, 22.38, 44.68,
2021,25, 0.321,292.25, 67.33, 22.05, 44.56,
2021,26, 0.321,292.31, 68.01, 20.03, 43.87,
2021,27, 0.320,292.32, 68.32, 18.24, 43.12,
2021,28, 0.319,291.81, 66.95, 20.22, 43.43,
2021,29, 0.319,291.50, 65.79, 21.66, 43.56,
2021,30, 0.320,291.39, 64.66, 21.33, 42.90,
2021,31, 0.321,291.30, 64.30, 21.75, 42.97,
2021,32, 0.323,291.33, 64.54, 22.33, 43.41,
2021,33, 0.324,291.59, 65.03, 21.00, 43.00,
2021,34,-1.000, -1.00, -1.00, -1.00, -1.00,
2021,35,-1.000, -1.00, -1.00, -1.00, -1.00,
2021,36,-1.000, -1.00, -1.00, -1.00, -1.00,
2021,37,-1.000, -1.00, -1.00, -1.00, -1.00,
2021,38,-1.000, -1.00, -1.00, -1.00, -1.00,
2021,39,-1.000, -1.00, -1.00, -1.00, -1.00,
2021,40,-1.000, -1.00, -1.00, -1.00, -1.00,
2021,41,-1.000, -1.00, -1.00, -1.00, -1.00,
2021,42,-1.000, -1.00, -1.00, -1.00, -1.00,
2021,43,-1.000, -1.00, -1.00, -1.00, -1.00,
2021,44,-1.000, -1.00, -1.00, -1.00, -1.00,
2021,45,-1.000, -1.00, -1.00, -1.00, -1.00,
2021,46,-1.000, -1.00, -1.00, -1.00, -1.00,
2021,47,-1.000, -1.00, -1.00, -1.00, -1.00,
2021,48,-1.000, -1.00, -1.00, -1.00, -1.00,
2021,49,-1.000, -1.00, -1.00, -1.00, -1.00,
2021,50,-1.000, -1.00, -1.00, -1.00, -1.00,
2021,51,-1.000, -1.00, -1.00, -1.00, -1.00,
2021,52,-1.000, -1.00, -1.00, -1.00, -1.00,
